1,2,1,2,4,8,8,1,1,0,0,0,0,1,3,254,137,125,232,133,125,94,117,228,0,139,4,176,133,not packed
1,0,1,2,0,4,2,1,0,0,0,0,0,1,2,254,0,0,0,0,106,81,0,0,101,137,69,228,131,not packed
1,1,1,2,1,2,6,1,0,0,0,0,0,1,2,253,0,0,0,0,139,236,69,129,115,3,117,37,139,not packed
1,0,1,2,0,4,3,1,0,0,0,0,0,1,3,253,204,204,139,236,200,246,8,86,252,194,4,0,204,not packed
1,1,1,2,0,5,3,1,0,0,0,0,0,1,3,253,0,0,0,0,204,17,1,204,255,204,204,204,204,not packed
1,0,1,2,0,5,3,1,0,0,0,0,0,1,4,253,204,204,37,164,204,20,232,232,0,16,120,59,139,not packed
1,1,1,2,2,7,5,1,1,0,0,0,0,1,3,254,65,0,148,65,65,76,65,72,0,140,21,112,148,not packed
1,0,1,2,0,4,2,1,0,0,0,0,0,1,2,253,0,0,0,0,255,0,204,204,204,36,4,43,200,not packed
1,2,1,2,3,8,7,1,1,0,0,0,0,1,3,254,51,197,131,125,255,190,0,165,255,255,106,76,106,not packed
1,2,1,2,5,9,7,1,0,0,0,0,0,1,4,253,0,0,0,0,204,136,3,53,0,36,16,141,108,not packed
1,0,1,2,0,3,5,1,0,0,0,0,0,1,2,253,0,0,0,0,204,16,1,204,255,0,129,56,99,not packed
1,1,1,2,0,2,3,1,1,0,0,0,0,1,3,253,0,139,236,246,249,104,27,119,54,0,246,69,8,not packed
1,1,1,2,2,7,6,1,1,0,0,0,0,1,3,254,137,125,232,133,125,94,117,36,0,139,4,176,133,not packed
1,1,1,2,1,5,4,1,0,0,0,0,0,1,3,253,0,0,0,0,204,17,1,204,255,204,204,204,204,not packed
1,1,1,2,3,8,7,1,1,0,0,0,0,1,3,254,51,197,131,125,255,48,0,165,255,255,106,76,106,not packed
1,1,1,2,1,6,3,1,0,0,0,0,0,1,2,0,5,0,137,93,69,21,0,69,255,0,0,100,161,not packed
1,0,1,2,1,5,4,1,0,0,0,0,0,1,3,253,204,204,204,128,249,15,194,139,192,192,51,210,195,not packed
1,0,1,2,0,4,2,1,0,0,0,0,0,1,4,253,0,0,0,0,204,17,1,204,255,204,204,204,204,not packed
1,0,1,2,0,2,2,1,1,0,0,0,0,1,2,253,0,139,236,139,56,224,42,3,139,116,21,61,33,not packed
1,2,1,2,7,8,10,1,1,0,0,0,0,1,2,254,51,197,131,125,255,70,0,165,255,255,106,76,106,not packed
1,0,1,2,0,3,2,1,0,0,0,0,0,1,2,253,255,53,0,139,36,36,43,87,64,137,69,228,80,not packed
1,1,1,2,0,5,3,1,0,0,0,0,0,1,4,253,0,0,0,0,204,86,51,36,192,247,216,247,218,not packed
1,2,1,2,5,9,8,1,1,0,0,0,0,1,2,104,24,0,112,4,66,86,255,208,195,246,70,161,0,not packed
1,0,1,2,0,4,2,1,0,0,0,0,0,1,2,253,0,0,0,0,204,16,1,204,255,204,204,204,139,not packed
0,0,1,1,1,4,3,4,2,0,3,0,0,2,2,4,144,141,0,0,2,229,255,38,139,93,255,225,144,not packed
1,1,2,1,1,5,3,1,1,0,0,0,0,1,-1,0,0,0,0,0,0,0,0,0,0,0,0,0,0,not packed
1,1,1,2,1,5,3,1,1,0,0,0,0,1,3,254,8,89,64,0,137,69,95,94,116,69,244,0,64,not packed
1,2,1,2,5,9,8,1,1,0,0,0,0,1,3,254,36,8,225,15,193,177,255,36,200,11,193,89,233,not packed
1,2,1,2,9,9,10,1,1,0,0,0,0,1,3,0,105,0,240,106,0,90,0,0,0,60,0,64,0,not packed
1,2,1,2,5,8,9,1,1,0,0,0,0,1,3,254,51,197,131,125,255,19,0,165,255,255,106,76,106,not packed
1,2,1,2,6,8,9,1,1,0,0,0,0,1,3,254,51,197,131,125,255,123,0,165,255,255,106,76,106,not packed
1,2,1,2,5,9,4,1,0,0,0,0,0,1,4,254,20,94,0,2,198,198,128,106,232,89,163,100,145,not packed
1,0,1,2,0,3,2,1,0,0,0,0,0,1,2,253,204,204,28,80,0,3,0,204,255,0,129,56,99,not packed
1,1,1,2,0,4,5,1,1,0,0,0,0,1,3,253,0,139,236,246,249,104,85,119,54,0,246,69,8,not packed
0,0,1,1,1,4,3,4,2,0,3,0,0,2,2,4,144,141,0,0,2,229,255,38,139,93,255,225,144,not packed
1,1,1,2,0,3,2,1,1,0,0,0,0,1,3,253,64,0,81,64,64,140,64,136,0,140,21,176,81,not packed
1,0,1,2,0,2,3,1,1,0,0,0,0,1,3,253,0,139,236,246,249,104,27,119,54,0,246,69,8,not packed
1,1,1,2,0,3,5,1,1,0,0,0,0,1,3,253,0,139,236,246,249,104,55,119,54,0,246,69,8,not packed
1,1,1,2,0,4,2,1,0,0,0,0,0,1,3,253,0,0,0,0,139,236,69,129,115,3,117,37,139,not packed
1,2,1,2,7,9,10,1,1,0,0,0,0,1,2,254,51,197,131,125,255,16,0,165,255,255,106,76,106,not packed
1,2,1,2,8,10,10,1,1,0,0,0,0,1,3,254,4,247,0,0,193,116,247,0,239,36,0,0,0,not packed
1,1,1,2,0,2,3,1,1,0,0,0,0,1,3,253,0,139,236,246,249,104,27,119,54,0,246,69,8,not packed
1,2,1,2,4,8,8,1,1,0,0,0,0,1,3,254,51,197,131,125,255,103,0,165,255,255,106,76,106,not packed
1,2,1,2,3,7,6,1,1,4,3,0,1,1,-1,233,0,0,0,0,0,3,0,194,0,235,1,194,232,yoda-protector
1,2,1,2,4,8,8,1,1,4,3,0,1,1,-1,233,0,0,0,0,0,3,0,194,0,235,1,232,232,yoda-protector
1,2,1,2,4,8,7,1,1,4,3,0,1,1,-1,233,0,0,0,0,0,3,0,194,0,235,1,194,232,yoda-protector
1,1,1,2,3,7,7,1,1,4,3,0,1,1,-1,233,0,0,0,0,0,3,0,232,0,235,1,233,232,yoda-protector
1,2,1,2,6,8,10,1,1,4,3,0,1,1,-1,233,0,0,0,0,0,3,0,233,0,235,1,232,232,yoda-protector
1,2,1,2,6,9,9,1,1,4,3,0,1,1,-1,233,0,0,0,0,0,3,0,232,0,235,1,232,232,yoda-protector
1,1,1,2,3,8,6,1,1,4,3,0,1,1,-1,232,0,0,0,0,0,3,0,232,0,235,1,194,232,yoda-protector
1,2,1,2,7,10,9,1,1,4,3,0,1,1,-1,233,0,0,0,0,0,3,0,232,0,235,1,233,232,yoda-protector
1,1,1,2,1,5,4,1,0,3,3,0,1,1,-1,232,0,0,0,0,0,3,0,232,0,235,1,232,232,yoda-protector
1,1,1,2,3,8,7,1,1,4,3,0,1,1,-1,194,0,0,0,0,0,3,0,194,0,235,1,194,232,yoda-protector
1,1,1,2,3,7,6,1,1,4,3,0,1,1,-1,194,0,0,0,0,0,3,0,233,0,235,1,232,232,yoda-protector
1,2,1,2,2,7,6,1,1,1,3,1,0,1,5,232,129,233,0,139,64,139,51,144,194,4,80,2,193,yoda-crypter
1,2,1,2,4,8,8,1,1,1,3,1,0,1,3,232,129,233,0,139,64,139,51,144,194,200,235,1,233,yoda-crypter
1,2,1,2,3,8,7,1,1,1,3,1,0,1,5,232,129,233,0,139,64,139,51,144,194,200,248,249,42,yoda-crypter
1,1,1,2,3,7,7,1,1,1,3,1,0,1,5,232,129,233,0,139,64,139,51,144,194,243,235,1,233,yoda-crypter
1,2,1,2,6,8,10,1,1,1,3,1,0,1,3,232,129,233,0,139,64,139,51,144,194,248,249,235,1,yoda-crypter
1,2,1,2,6,9,9,1,1,1,3,1,0,1,5,232,129,233,0,139,64,139,51,144,194,233,192,200,86,yoda-crypter
1,1,1,2,2,8,6,1,1,1,3,1,0,1,3,232,129,233,0,139,64,139,51,144,194,235,1,233,249,yoda-crypter
1,1,1,2,1,6,3,1,0,1,3,1,0,1,4,232,129,233,0,139,64,139,51,144,194,194,192,192,70,yoda-crypter
1,1,1,2,1,5,4,1,0,1,3,1,0,1,5,232,129,233,0,139,64,139,51,144,194,192,207,42,193,yoda-crypter
1,1,1,2,3,8,7,1,1,1,3,1,0,1,5,232,129,233,0,139,64,139,51,144,194,249,235,1,232,yoda-crypter
1,1,1,2,2,7,6,1,1,1,3,1,0,1,4,232,129,233,0,139,64,139,51,144,194,1,194,235,1,yoda-crypter
1,0,1,1,7,9,10,1,1,1,1,1,0,2,-1,201,139,222,173,3,243,86,1,251,110,181,28,243,171,winupack
1,0,1,1,4,7,6,1,1,1,1,1,0,2,-1,6,139,222,173,3,243,86,1,251,110,181,28,243,171,winupack
1,0,1,1,6,8,8,1,1,1,1,1,0,2,-1,19,139,222,173,3,243,86,1,251,110,181,28,243,171,winupack
1,0,1,1,6,7,8,1,1,1,1,1,0,2,-1,235,139,222,173,3,243,86,1,251,110,181,28,243,171,winupack
1,0,1,1,3,7,6,1,1,1,1,1,0,2,-1,243,139,222,173,3,243,86,1,251,110,181,28,243,171,winupack
1,0,1,1,5,8,8,1,1,1,1,1,0,2,-1,227,139,222,173,3,243,86,1,251,110,181,28,243,171,winupack
1,0,1,1,5,8,7,1,1,1,1,1,0,2,-1,22,139,222,173,3,243,86,1,251,110,181,28,243,171,winupack
1,0,1,1,4,7,7,1,1,1,1,1,0,2,-1,109,139,222,173,3,243,86,1,251,110,181,28,243,171,winupack
1,0,1,1,7,8,10,1,1,1,1,1,0,2,-1,77,139,222,173,3,243,86,1,251,110,181,28,243,171,winupack
1,0,1,1,6,9,9,1,1,1,1,1,0,2,-1,3,139,222,173,3,243,86,1,251,110,181,28,243,171,winupack
1,0,1,1,4,8,6,1,1,1,1,1,0,2,-1,68,139,222,173,3,243,86,1,251,110,181,28,243,171,winupack
1,0,1,1,7,10,9,1,1,1,1,1,0,2,-1,163,139,222,173,3,243,86,1,251,110,181,28,243,171,winupack
1,0,2,2,4,8,2,5,1,2,2,1,0,2,-1,190,117,7,238,252,1,1,117,131,17,117,9,139,30,upx
1,0,2,2,3,7,2,5,1,2,2,1,0,2,-1,190,117,7,238,252,1,1,117,131,17,117,9,139,30,upx
1,0,2,2,3,6,2,5,1,2,2,1,0,2,-1,190,117,7,238,252,1,1,117,131,17,117,9,139,30,upx
1,0,2,2,6,9,2,5,1,2,2,1,0,2,-1,190,117,7,238,252,1,1,117,131,17,117,40,139,30,upx
1,0,2,2,6,9,2,5,1,2,2,1,0,2,-1,190,138,6,71,1,131,219,237,0,219,17,219,17,192,upx
1,0,2,2,3,7,2,5,1,2,2,1,0,2,-1,190,117,7,238,252,1,1,117,131,17,117,9,139,30,upx
1,0,2,2,7,10,7,5,1,2,2,1,0,2,-1,190,205,255,144,144,7,117,139,252,114,219,117,7,139,upx
1,0,2,2,1,4,2,4,0,2,2,1,0,2,-1,190,117,7,238,252,1,1,117,131,17,117,9,139,30,upx
1,0,2,2,3,7,2,5,1,2,2,1,0,2,-1,190,117,7,238,252,1,1,117,131,17,117,9,139,30,upx
1,0,2,2,2,6,2,5,1,2,2,1,0,2,-1,190,117,7,238,252,1,1,117,131,17,117,9,139,30,upx
1,0,2,2,9,10,4,5,1,2,2,1,0,2,-1,190,117,7,238,252,1,1,117,131,17,117,40,139,30,upx
1,0,2,2,6,9,7,5,0,2,2,1,0,2,-1,190,117,7,238,252,1,1,117,131,17,117,40,139,30,upx
1,2,1,2,9,8,8,1,1,7,2,1,0,2,-1,227,187,2,0,210,16,0,117,70,115,138,22,70,16,themida
1,2,1,2,9,8,7,1,1,7,2,1,0,2,-1,227,187,2,0,210,16,0,117,70,115,138,22,70,16,themida
1,2,1,2,9,7,7,1,1,7,2,1,0,2,-1,227,187,2,0,210,16,0,117,70,115,138,22,70,16,themida
1,2,1,2,9,8,10,1,1,7,2,1,0,2,-1,227,187,2,0,210,16,0,117,70,115,138,22,70,16,themida
1,2,1,2,9,9,9,1,1,7,2,1,0,2,-1,227,187,2,0,210,16,0,117,70,115,138,22,70,16,themida
1,2,1,2,9,8,6,1,1,7,2,1,0,2,-1,227,187,2,0,210,16,0,117,70,115,138,22,70,16,themida
0,2,1,2,9,10,10,1,1,11,5,1,0,3,-1,227,187,2,0,210,16,0,117,70,115,138,22,70,16,themida
0,2,1,1,9,10,7,1,1,9,5,1,0,3,-1,227,187,2,0,210,16,0,117,70,115,138,22,70,16,themida
1,2,1,2,9,10,9,1,1,7,3,1,0,2,-1,227,187,2,0,210,16,0,117,70,115,138,22,70,16,themida
1,2,1,2,9,5,4,1,0,6,2,1,0,2,-1,227,187,2,0,210,16,0,117,70,115,138,22,70,16,themida
1,2,1,2,9,8,7,1,1,7,2,1,0,2,-1,227,187,2,0,210,16,0,117,70,115,138,22,70,16,themida
1,2,1,2,9,7,6,1,1,7,2,1,0,2,-1,227,187,2,0,210,16,0,117,70,115,138,22,70,16,themida
1,0,1,2,2,1,5,1,0,1,3,0,1,1,5,0,62,124,124,2,0,0,0,2,124,0,0,0,0,telock
1,2,1,2,7,1,9,1,0,1,3,0,1,1,5,0,62,76,76,20,0,0,0,20,76,0,0,0,0,telock
1,0,2,1,1,1,3,1,1,1,2,0,1,1,-1,0,62,28,28,1,0,0,0,1,28,0,0,0,0,telock
1,0,2,1,0,1,2,1,1,1,2,0,1,1,-1,0,62,220,220,0,0,0,0,0,220,0,0,0,0,telock
1,1,1,2,1,1,3,1,0,1,3,0,1,1,5,0,62,108,108,1,0,0,0,1,108,0,0,0,0,telock
1,0,2,1,0,1,2,1,1,1,2,0,1,1,-1,0,62,220,220,0,0,0,0,0,220,0,0,0,0,telock
1,0,1,2,1,1,4,1,0,1,3,0,1,1,4,0,62,44,44,1,0,0,0,1,44,0,0,0,0,telock
1,1,1,2,5,1,9,1,0,1,3,0,1,1,4,0,62,140,140,3,0,0,0,3,140,0,0,0,0,telock
1,0,1,2,0,1,2,1,0,1,3,0,1,1,5,0,62,124,124,0,0,0,0,0,124,0,0,0,0,telock
1,0,1,2,1,1,3,1,1,1,3,0,1,1,5,0,62,76,76,1,0,0,0,1,76,0,0,0,0,telock
1,0,1,2,0,1,2,1,0,1,3,0,1,1,5,0,62,172,172,0,0,0,0,0,172,0,0,0,0,telock
1,0,1,2,1,1,3,1,0,1,3,0,1,1,5,0,62,12,12,1,0,0,0,1,12,0,0,0,0,telock
1,2,1,2,3,9,4,1,1,6,3,1,0,2,-1,104,0,0,80,139,188,0,80,141,188,0,64,0,81,petite
1,1,1,2,3,7,7,1,1,0,2,1,0,1,-1,255,80,69,112,97,109,255,93,129,101,78,40,192,19,pecompact
1,2,1,2,6,9,9,1,1,0,2,1,0,1,-1,255,80,69,112,97,20,206,88,184,224,190,40,162,152,pecompact
1,1,1,2,2,8,6,1,1,0,2,1,0,1,-1,255,80,69,112,97,32,187,11,73,113,59,252,199,201,pecompact
1,2,1,2,7,10,9,1,1,0,2,1,0,1,-1,255,80,69,112,97,242,33,208,126,94,177,99,29,13,pecompact
1,1,1,2,1,6,3,1,0,0,2,1,0,1,-1,255,80,69,112,97,160,44,93,25,159,60,254,31,250,pecompact
1,1,1,2,1,5,4,1,0,0,2,1,0,1,-1,255,80,69,112,97,105,101,98,114,224,105,80,65,83,pecompact
1,1,1,2,3,8,7,1,1,0,2,1,0,1,-1,255,80,69,112,97,108,33,195,178,206,153,130,39,123,pecompact
1,0,1,2,2,7,6,1,1,0,2,1,0,1,-1,255,80,69,112,97,185,47,254,122,126,224,15,225,133,pecompact
1,2,1,2,6,8,10,1,0,0,2,1,0,1,-1,255,80,69,112,97,39,79,205,87,140,27,243,144,186,pecompact
1,0,1,2,2,7,5,1,1,0,2,1,0,1,-1,255,80,69,112,97,36,125,184,65,200,252,99,142,251,pecompact
1,1,1,2,2,9,3,1,1,0,2,1,0,1,-1,255,80,69,112,97,37,46,126,66,183,74,75,180,209,pecompact
1,2,1,2,7,8,10,1,1,0,2,1,0,1,-1,255,80,69,112,97,249,145,146,84,147,135,102,56,38,pecompact
1,1,1,2,3,7,7,1,1,1,4,1,0,2,4,141,117,250,6,233,1,0,0,8,85,83,24,233,146,packman
1,2,1,2,6,8,10,1,1,1,4,1,0,1,4,141,117,250,6,233,1,0,0,8,85,83,24,233,146,packman
1,2,1,2,6,9,9,1,1,1,4,1,0,1,4,141,117,250,6,233,1,0,0,8,85,83,24,233,146,packman
1,1,1,2,2,8,6,1,1,1,4,1,0,2,4,141,117,250,6,233,1,0,0,8,85,83,24,233,146,packman
1,2,1,2,7,10,9,1,1,1,4,1,0,1,5,141,117,250,6,233,1,0,0,8,85,83,24,233,146,packman
1,1,1,2,1,5,4,1,0,1,3,1,0,1,4,141,117,250,6,233,1,0,0,8,85,83,24,233,146,packman
1,1,1,2,3,8,7,1,1,1,4,1,0,2,4,141,117,250,6,233,1,0,0,8,85,83,24,233,146,packman
1,1,1,2,2,7,6,1,1,1,4,1,0,2,4,141,117,250,6,233,1,0,0,8,85,83,24,233,146,packman
1,2,1,2,9,9,10,1,1,1,4,1,0,1,5,141,117,250,6,233,1,0,0,8,85,83,24,233,146,packman
1,2,1,2,6,8,10,1,0,1,3,1,0,1,4,141,117,250,6,233,1,0,0,8,85,83,24,233,146,packman
1,1,1,2,2,7,5,1,1,1,4,1,0,1,4,141,117,250,6,233,1,0,0,8,85,83,24,233,146,packman
1,2,1,2,7,1,9,5,1,2,1,1,0,1,-1,186,121,32,97,99,0,0,1,143,0,224,0,3,1,nspack
1,1,1,2,3,1,5,5,1,2,1,1,0,1,-1,186,121,32,97,99,0,0,1,153,0,224,0,3,1,nspack
1,1,1,2,5,1,7,5,1,2,1,1,0,1,-1,186,121,32,97,99,0,0,1,14,0,224,0,3,1,nspack
1,1,1,2,5,1,7,5,1,2,1,1,0,1,-1,186,121,32,97,99,0,0,1,11,0,224,0,3,1,nspack
1,0,1,2,3,1,5,5,1,2,1,1,0,1,-1,186,121,32,97,99,0,0,1,153,0,224,0,3,1,nspack
1,1,1,2,5,1,7,5,1,2,1,1,0,1,-1,186,121,32,97,99,0,0,1,148,0,224,0,3,1,nspack
1,1,1,2,4,1,6,5,1,2,1,1,0,1,-1,186,121,32,97,99,0,0,1,189,0,224,0,3,1,nspack
1,1,1,2,3,1,5,5,1,2,1,1,0,1,-1,186,121,32,97,99,0,0,1,188,0,224,0,3,1,nspack
1,2,1,2,7,1,9,5,1,2,1,1,0,1,-1,186,121,32,97,99,0,0,1,116,0,224,0,3,1,nspack
1,2,1,2,6,1,8,5,1,2,1,1,0,1,-1,0,0,0,0,0,0,0,0,0,0,0,0,0,0,nspack
1,1,1,2,3,1,5,5,1,2,1,1,0,1,-1,186,121,32,97,99,0,0,1,140,0,224,0,3,1,nspack
1,0,2,2,2,5,6,4,1,1,2,1,0,1,3,66,0,194,78,101,32,99,116,101,105,114,101,115,115,neolite
1,0,2,2,4,5,8,5,1,1,2,1,0,1,1,67,0,82,78,101,32,99,116,101,105,114,101,115,115,neolite
1,0,2,2,4,5,7,5,1,1,2,1,0,1,3,67,0,194,78,101,32,99,116,101,105,114,101,115,115,neolite
1,0,2,2,3,5,7,4,1,1,2,1,0,1,3,66,0,194,78,101,32,99,116,101,105,114,101,115,115,neolite
1,0,2,2,6,5,10,5,1,1,2,1,0,1,1,73,0,194,78,101,32,99,116,101,105,114,101,115,115,neolite
1,0,2,2,6,5,9,5,1,1,2,1,0,1,1,70,0,194,78,101,32,99,116,101,105,114,101,115,115,neolite
1,0,2,2,3,5,6,5,1,1,2,1,0,1,3,66,0,194,78,101,32,99,116,101,105,114,101,115,115,neolite
1,0,2,2,7,5,9,5,1,1,2,1,0,1,1,81,0,226,78,101,32,99,116,101,105,114,101,115,115,neolite
1,0,1,2,1,7,3,4,0,1,1,1,0,1,3,65,0,140,78,101,32,99,116,101,105,114,101,115,115,neolite
1,0,1,2,1,5,3,4,0,1,1,1,0,1,1,1,0,38,78,101,32,99,116,101,105,114,101,115,115,neolite
1,0,2,2,3,5,7,5,1,1,2,1,0,1,3,66,0,40,78,101,32,99,116,101,105,114,101,115,115,neolite
1,0,2,2,4,1,7,4,1,8,5,1,0,2,-1,79,56,227,25,153,79,125,115,131,115,79,222,165,243,molebox
1,0,2,2,5,1,9,4,1,8,5,1,0,2,-1,79,50,39,157,152,49,177,226,77,151,23,151,169,39,molebox
1,0,2,2,5,1,7,4,1,8,5,1,0,2,-1,79,162,210,148,66,27,162,202,163,93,254,187,139,227,molebox
1,0,2,2,5,1,7,4,1,8,5,1,0,2,-1,79,52,62,56,106,255,166,241,51,33,50,207,255,112,molebox
1,0,2,2,6,1,9,4,1,8,5,1,0,2,-1,79,250,25,98,202,115,137,237,71,52,170,3,189,33,molebox
1,0,2,2,3,1,7,4,0,8,5,1,0,2,-1,79,33,107,21,143,181,237,84,158,116,65,243,93,94,molebox
1,0,2,2,3,1,7,4,0,7,5,1,0,2,-1,79,101,216,93,70,215,28,239,184,8,72,126,166,71,molebox
1,0,2,2,5,1,7,4,1,8,5,1,0,2,-1,79,245,127,240,223,46,77,101,184,194,127,137,31,12,molebox
1,0,2,2,4,1,7,4,1,8,5,1,0,2,-1,79,111,79,38,42,49,150,250,106,5,155,83,4,44,molebox
1,0,2,2,6,1,10,4,0,7,5,1,0,2,-1,79,121,119,251,212,105,106,29,84,112,13,14,122,139,molebox
1,1,1,2,2,7,6,1,0,1,3,0,1,1,4,139,0,0,101,52,52,15,188,199,52,136,7,0,0,jdpack
1,2,1,2,4,8,8,1,1,1,4,0,1,1,4,139,0,0,101,52,52,15,188,199,52,136,7,0,0,jdpack
1,2,1,2,4,7,8,1,1,1,4,0,1,1,4,139,0,0,101,52,52,15,188,199,52,136,7,0,0,jdpack
1,1,1,2,3,5,8,1,0,1,3,0,1,1,4,139,0,0,101,52,52,15,188,199,52,136,7,0,0,jdpack
1,1,1,2,5,9,7,1,0,1,3,0,1,1,4,139,0,0,101,52,52,15,188,199,52,136,7,0,0,jdpack
1,1,1,2,0,5,3,1,0,1,3,0,1,1,3,139,0,0,101,52,52,15,188,199,52,136,7,0,0,jdpack
1,0,1,2,1,5,4,1,0,1,3,0,1,1,4,139,0,0,101,52,52,15,188,199,52,136,7,0,0,jdpack
1,1,1,2,1,5,6,1,1,1,3,0,1,1,4,139,0,0,101,52,52,15,188,199,52,136,7,0,0,jdpack
1,0,1,2,0,2,3,1,0,1,3,0,1,1,2,139,0,0,101,52,52,15,188,199,52,136,7,0,0,jdpack
1,0,1,2,0,4,2,1,0,1,3,0,1,1,3,139,0,0,101,52,52,15,188,199,52,136,7,0,0,jdpack
1,0,1,2,0,4,3,1,0,1,3,0,1,1,3,139,0,0,101,52,52,15,188,199,52,136,7,0,0,jdpack
1,1,1,2,0,4,2,1,0,1,3,0,1,1,3,139,0,0,101,52,52,15,188,199,52,136,7,0,0,jdpack
1,0,1,2,5,7,8,1,1,3,2,0,1,2,-1,16,5,138,210,195,2,36,247,20,24,179,2,65,176,fsg
1,0,1,2,3,7,6,1,1,3,2,0,1,2,-1,16,5,138,210,195,2,36,247,20,24,179,2,65,176,fsg
1,0,1,2,5,8,8,1,1,3,2,0,1,2,-1,16,5,138,210,195,2,36,247,20,24,179,2,65,176,fsg
1,0,1,2,4,8,7,1,1,3,2,0,1,2,-1,16,5,138,210,195,2,36,247,20,24,179,2,65,176,fsg
1,0,1,2,3,7,7,1,1,3,2,0,1,2,-1,16,5,138,210,195,2,36,247,20,24,179,2,65,176,fsg
1,0,1,2,6,9,9,1,1,3,2,0,1,2,-1,16,5,138,210,195,2,36,247,20,24,179,2,65,176,fsg
1,0,1,2,3,8,6,1,1,3,2,0,1,2,-1,16,5,138,210,195,2,36,247,20,24,179,2,65,176,fsg
1,0,1,2,1,6,3,1,0,3,2,0,1,2,-1,16,5,138,210,195,2,36,247,20,24,179,2,65,176,fsg
1,0,1,2,1,5,4,1,0,3,2,0,1,2,-1,16,5,138,210,195,2,36,247,20,24,179,2,65,176,fsg
1,0,1,2,4,8,7,1,1,3,2,0,1,2,-1,16,5,138,210,195,2,36,247,20,24,179,2,65,176,fsg
1,0,1,2,3,7,6,1,1,3,2,0,1,2,-1,16,5,138,210,195,2,36,247,20,24,179,2,65,176,fsg
1,0,1,2,0,4,2,3,0,1,2,1,0,3,1,59,129,133,0,0,190,129,236,59,2,0,129,234,44,exe32pack
0,1,1,1,1,7,6,4,2,2,5,1,0,3,1,59,129,133,0,0,190,129,236,59,2,0,129,234,44,exe32pack
0,1,2,1,0,5,3,3,1,1,1,1,0,3,-1,59,129,133,0,0,190,129,236,59,2,0,129,234,44,exe32pack
0,1,2,1,0,5,3,3,1,1,1,1,0,3,-1,59,129,133,0,0,190,129,236,59,2,0,129,234,44,exe32pack
0,0,2,1,0,5,3,3,1,1,1,1,0,3,-1,59,129,133,0,0,190,129,236,59,2,0,129,234,44,exe32pack
0,0,1,1,0,3,3,2,2,2,5,1,0,3,1,23,0,0,0,0,0,0,0,0,0,0,0,0,0,eronana
1,1,1,2,1,5,4,1,0,1,2,1,0,3,1,23,0,0,0,0,0,0,0,0,0,0,0,0,0,eronana
1,0,1,2,0,3,2,1,0,1,2,1,0,3,1,23,0,0,0,0,0,0,0,0,0,0,0,0,0,eronana
1,1,1,2,1,5,3,1,1,1,3,1,0,3,1,23,0,0,0,0,0,0,0,0,0,0,0,0,0,eronana
1,0,1,2,0,3,2,1,0,1,2,1,0,3,1,23,0,0,0,0,0,0,0,0,0,0,0,0,0,eronana
0,1,1,1,1,4,3,4,2,1,5,1,0,3,1,23,0,0,0,0,0,0,0,0,0,0,0,0,0,eronana
1,1,2,1,0,3,4,1,1,1,1,1,0,2,-1,23,0,0,0,0,0,0,0,0,0,0,0,0,0,eronana
1,0,1,2,0,2,3,1,1,1,3,1,0,3,1,23,0,0,0,0,0,0,0,0,0,0,0,0,0,eronana
1,2,1,2,9,9,10,1,1,1,3,1,0,3,1,23,0,0,0,0,0,0,0,0,0,0,0,0,0,eronana
0,1,2,1,1,6,2,1,1,1,1,1,0,2,-1,23,0,0,0,0,0,0,0,0,0,0,0,0,0,eronana
1,0,2,1,1,5,2,1,1,1,1,1,0,2,-1,23,0,0,0,0,0,0,0,0,0,0,0,0,0,eronana
1,1,1,2,2,3,7,1,0,1,2,1,0,3,1,23,0,0,0,0,0,0,0,0,0,0,0,0,0,eronana
1,2,1,2,6,9,8,1,1,1,2,1,0,3,1,23,0,0,0,0,0,0,0,0,0,0,0,0,0,eronana
1,0,1,2,0,3,2,1,0,1,2,1,0,3,1,23,0,0,0,0,0,0,0,0,0,0,0,0,0,eronana
1,2,1,2,7,10,9,1,0,1,2,1,0,3,1,23,0,0,0,0,0,0,0,0,0,0,0,0,0,eronana
1,2,1,2,7,8,10,1,2,2,2,1,0,1,3,254,51,197,131,125,255,72,0,165,255,255,106,76,106,enigmavb
1,2,1,2,6,9,9,1,2,2,2,1,0,1,3,254,11,193,254,255,8,225,3,11,233,204,85,139,236,enigmavb
1,1,1,2,6,8,6,1,2,2,2,1,0,1,3,254,51,197,131,125,255,15,0,165,255,255,106,76,106,enigmavb
1,2,1,2,7,10,9,1,2,2,2,1,0,1,4,254,91,139,242,195,242,255,242,255,77,255,255,242,233,enigmavb
1,1,1,2,5,5,4,1,0,2,2,1,0,1,3,253,0,0,0,0,204,17,1,204,255,204,204,204,204,enigmavb
1,1,1,2,6,8,7,1,2,2,2,1,0,1,3,254,51,197,131,125,255,48,0,165,255,255,106,76,106,enigmavb
1,1,1,2,6,7,6,1,2,2,2,1,0,1,3,254,51,197,131,125,255,115,0,165,255,255,106,76,106,enigmavb
1,2,1,2,9,9,10,1,2,2,2,1,0,1,4,254,85,0,120,85,85,228,85,224,0,140,21,8,121,enigmavb
1,2,1,2,7,8,10,1,0,2,2,1,0,1,3,253,204,204,184,178,0,3,0,204,37,204,204,204,255,enigmavb
1,1,1,2,6,7,5,1,2,2,2,1,0,1,3,254,65,0,148,65,65,76,65,72,0,140,21,112,148,enigmavb
1,2,1,2,7,8,10,1,2,2,2,1,0,1,2,254,51,197,131,125,255,70,0,165,255,255,106,76,106,enigmavb
1,2,1,2,8,10,10,1,2,2,2,1,0,1,3,254,139,116,76,36,139,3,59,59,130,252,65,76,0,enigmavb
1,2,1,2,6,9,8,1,2,2,2,1,0,1,2,104,24,0,112,4,66,86,255,208,195,246,70,161,0,enigmavb
1,0,1,2,5,8,7,1,1,3,2,1,0,2,-1,0,16,64,0,0,189,119,172,2,60,60,128,117,229,bero
1,0,1,2,4,7,7,1,1,3,2,1,0,2,-1,0,16,64,0,0,221,119,172,2,60,60,128,117,229,bero
1,0,1,2,7,8,10,1,1,3,2,1,0,2,-1,0,16,64,0,0,61,119,172,2,60,60,128,117,229,bero
1,0,1,2,6,9,9,1,1,3,2,1,0,2,-1,0,16,64,0,0,48,119,172,2,60,60,128,117,229,bero
1,0,1,2,4,8,6,1,1,3,2,1,0,2,-1,0,16,64,0,0,237,119,172,2,60,60,128,117,229,bero
1,0,1,2,7,10,9,1,1,3,2,1,0,2,-1,0,16,64,0,0,68,119,172,2,60,60,128,117,229,bero
1,0,1,2,2,5,4,1,0,3,2,1,0,2,-1,0,16,0,0,0,71,119,172,2,60,60,128,117,229,bero
1,0,1,2,4,8,7,1,1,3,2,1,0,2,-1,0,16,64,0,0,189,119,172,2,60,60,128,117,229,bero
1,0,1,2,4,7,6,1,1,3,2,1,0,2,-1,0,16,64,0,0,237,119,172,2,60,60,128,117,229,bero
1,0,1,2,9,9,10,1,1,3,2,1,0,2,-1,0,16,64,0,0,6,119,172,2,60,60,128,117,229,bero
1,0,1,2,7,8,10,1,0,3,2,1,0,2,-1,0,16,0,0,0,166,119,172,2,60,60,128,117,229,bero
1,1,1,2,5,7,8,1,1,2,5,1,0,2,4,235,255,3,0,208,4,137,136,15,3,0,80,255,149,aspack
1,1,1,2,2,7,6,1,1,2,5,1,0,2,4,235,255,3,0,48,4,137,136,15,3,0,80,255,149,aspack
1,1,1,2,4,8,8,1,1,2,5,1,0,2,4,235,255,3,0,128,4,137,136,15,3,0,80,255,149,aspack
1,1,1,2,3,8,7,1,1,2,5,1,0,2,4,235,255,3,0,32,4,137,136,15,3,0,80,255,149,aspack
1,1,1,2,3,7,7,1,1,2,5,1,0,2,4,235,255,3,0,160,4,137,136,15,3,0,80,255,149,aspack
1,2,1,2,6,8,10,1,1,2,5,1,0,2,4,235,255,3,0,208,4,137,136,15,3,0,80,255,149,aspack
1,1,1,2,2,8,6,1,1,2,5,1,0,2,4,235,255,3,0,112,4,137,136,15,3,0,80,255,149,aspack
1,1,1,2,1,6,3,1,0,2,5,1,0,2,4,235,255,3,0,80,4,137,136,15,3,0,80,255,149,aspack
1,1,1,2,1,5,4,1,0,2,4,1,0,2,4,235,255,3,0,32,4,137,136,15,3,0,80,255,149,aspack
1,1,1,2,3,8,7,1,1,2,5,1,0,2,4,235,255,3,0,176,4,137,136,15,3,0,80,255,149,aspack
1,1,1,2,2,7,6,1,1,2,5,1,0,2,4,235,255,3,0,80,4,137,136,15,3,0,80,255,149,aspack
1,2,1,2,9,10,9,1,0,1,2,1,0,3,1,0,141,112,139,81,69,12,81,204,176,0,0,0,0,alienyze
1,1,2,1,2,5,3,1,1,1,1,1,0,2,-1,0,141,112,139,81,69,12,81,204,176,0,0,0,0,alienyze
1,2,1,2,6,8,8,1,1,1,3,1,0,3,1,0,141,112,139,81,69,12,81,204,176,0,0,0,0,alienyze
1,2,1,2,6,8,7,1,1,1,3,1,0,3,1,0,141,112,139,81,69,12,81,204,176,0,0,0,0,alienyze
1,1,1,2,5,7,7,1,1,1,3,1,0,3,1,0,141,112,139,81,69,12,81,204,176,0,0,0,0,alienyze
1,2,1,2,7,8,10,1,1,1,3,1,0,3,1,0,141,112,139,81,69,12,81,204,176,0,0,0,0,alienyze
1,2,1,2,7,9,9,1,1,1,3,1,0,3,1,0,141,112,139,81,69,12,81,204,176,0,0,0,0,alienyze
1,1,1,2,2,4,5,1,1,1,3,1,0,3,1,0,141,112,139,81,69,12,81,204,176,0,0,0,0,alienyze
1,1,1,2,5,8,6,1,1,1,3,1,0,3,1,0,141,112,139,81,69,12,81,204,176,0,0,0,0,alienyze
1,2,1,2,8,10,9,1,1,1,3,1,0,3,1,0,141,112,139,81,69,12,81,204,176,0,0,0,0,alienyze
1,1,1,2,2,5,4,1,0,1,2,1,0,3,1,0,141,112,139,81,69,12,81,204,176,0,0,0,0,alienyze
1,1,1,2,3,5,3,1,1,1,3,1,0,3,1,0,141,112,139,81,69,12,81,204,176,0,0,0,0,alienyze
0,0,0,1,3,1,1,1,1,2,0,1,0,2,-1,44,133,224,235,12,0,12,0,0,181,4,0,0,51,rlpack
0,0,0,1,7,1,1,1,1,2,0,1,0,2,-1,44,133,224,235,12,0,12,0,0,181,4,0,0,51,rlpack
0,0,0,1,7,1,1,1,1,2,0,1,0,2,-1,44,133,224,235,12,0,12,0,0,181,4,0,0,51,rlpack
0,0,0,1,5,1,1,1,1,2,0,1,0,2,-1,44,133,224,235,12,0,12,0,0,181,4,0,0,51,rlpack
0,0,0,1,5,1,1,1,1,2,0,1,0,2,-1,44,133,224,235,12,0,12,0,0,181,4,0,0,51,rlpack
0,0,0,1,4,1,1,1,1,2,0,1,0,2,-1,44,133,224,235,12,0,12,0,0,181,4,0,0,51,rlpack
0,0,0,1,5,1,1,1,1,2,0,1,0,2,-1,44,133,224,235,12,0,12,0,0,181,4,0,0,51,rlpack
0,0,0,1,3,1,1,1,1,2,0,1,0,2,-1,44,133,224,235,12,0,12,0,0,181,4,0,0,51,rlpack
0,0,0,1,4,1,1,1,1,2,0,1,0,2,-1,44,133,224,235,12,0,12,0,0,181,4,0,0,51,rlpack
0,0,0,1,3,1,1,1,1,2,0,1,0,2,-1,44,133,224,235,12,0,12,0,0,181,4,0,0,51,rlpack
0,0,0,1,4,1,1,1,1,2,0,1,0,2,-1,44,133,224,235,12,0,12,0,0,181,4,0,0,51,rlpack
0,1,1,1,2,8,4,1,1,8,4,1,0,3,-1,104,0,0,80,139,188,0,80,141,188,0,64,0,81,petite
0,2,1,1,7,10,10,4,2,5,3,1,0,3,-1,104,0,0,80,139,188,0,80,141,188,0,64,0,81,petite
0,2,1,2,9,10,10,1,1,9,5,1,0,3,-1,104,0,0,80,139,188,0,80,141,188,0,64,0,81,petite
0,2,1,2,9,10,10,1,1,11,5,1,0,3,-1,104,0,0,80,139,188,0,80,141,188,0,64,0,81,petite
0,2,1,1,4,9,8,1,1,4,2,1,0,1,-1,104,0,0,80,139,188,0,80,141,188,0,64,0,81,petite
0,1,1,1,1,6,4,1,1,3,1,1,0,1,-1,104,0,0,80,139,188,0,80,141,188,0,64,0,81,petite
0,1,1,1,1,6,4,1,1,3,1,1,0,1,-1,104,0,0,80,139,188,0,80,141,188,0,64,0,81,petite
0,0,1,1,7,10,9,1,1,3,1,1,0,1,-1,104,0,0,80,139,188,0,80,141,188,0,64,0,81,petite
0,1,1,1,2,8,5,1,1,3,1,1,0,1,-1,104,0,0,80,139,188,0,80,141,188,0,64,0,81,petite
0,2,1,2,8,10,10,1,1,8,4,1,0,3,-1,104,0,0,80,139,188,0,80,141,188,0,64,0,81,petite
0,1,1,1,2,7,5,1,1,3,1,1,0,1,-1,104,0,0,80,139,188,0,80,141,188,0,64,0,81,petite
0,0,1,1,0,3,3,1,1,3,1,1,0,1,-1,104,0,0,80,139,188,0,80,141,188,0,64,0,81,petite
0,1,1,1,1,5,4,1,1,3,1,1,0,1,-1,104,0,0,80,139,188,0,80,141,188,0,64,0,81,petite
1,2,2,2,6,10,8,1,1,2,2,1,0,1,-1,5,12,139,43,200,81,57,136,246,172,193,225,12,138,mpress
1,1,1,2,5,8,9,1,1,2,2,1,0,1,-1,5,12,139,43,200,81,57,136,246,172,193,225,12,138,mpress
0,1,1,1,3,7,7,1,1,2,2,1,0,1,-1,5,12,139,43,200,81,57,136,246,172,193,225,12,138,mpress
1,1,1,2,3,8,7,1,1,2,2,1,0,1,-1,5,12,139,43,200,81,57,136,246,172,193,225,12,138,mpress
1,1,1,2,4,9,7,1,1,2,2,1,0,1,-1,5,12,139,43,200,81,57,136,246,172,193,225,12,138,mpress
1,0,1,2,2,8,6,1,1,2,2,1,0,1,-1,5,12,139,43,200,81,57,136,246,172,193,225,12,138,mpress
1,1,1,2,3,9,5,1,1,2,2,1,0,1,-1,5,12,139,43,200,81,57,136,246,172,193,225,12,138,mpress
1,1,1,2,2,8,6,1,1,2,2,1,0,1,-1,5,12,139,43,200,81,57,136,246,172,193,225,12,138,mpress
1,1,1,2,3,8,7,1,1,2,2,1,0,1,-1,5,12,139,43,200,81,57,136,246,172,193,225,12,138,mpress
1,1,1,2,5,8,9,1,1,2,2,1,0,1,-1,5,12,139,43,200,81,57,136,246,172,193,225,12,138,mpress
1,1,1,2,5,9,9,1,1,2,2,1,0,1,-1,5,12,139,43,200,81,57,136,246,172,193,225,12,138,mpress
0,0,1,1,6,2,1,1,1,2,1,0,1,2,-1,4,0,0,0,0,0,0,0,0,0,0,0,0,0,mew
0,0,1,1,5,2,1,1,1,2,1,0,1,2,-1,3,0,0,0,0,0,0,0,0,0,0,0,0,0,mew
0,0,1,1,5,2,1,1,1,2,1,0,1,2,-1,3,0,0,0,0,0,0,0,0,0,0,0,0,0,mew
0,0,1,1,5,2,1,1,1,2,1,0,1,2,-1,4,0,0,0,0,0,0,0,0,0,0,0,0,0,mew
0,0,1,1,4,2,1,1,1,2,1,0,1,2,-1,2,0,0,0,0,0,0,0,0,0,0,0,0,0,mew
0,0,1,1,5,2,1,1,1,2,1,0,1,2,-1,3,0,0,0,0,0,0,0,0,0,0,0,0,0,mew
0,0,1,1,4,2,1,1,1,2,1,0,1,2,-1,2,0,0,0,0,0,0,0,0,0,0,0,0,0,mew
0,0,1,1,5,2,1,1,1,2,1,0,1,2,-1,2,0,0,0,0,0,0,0,0,0,0,0,0,0,mew
0,0,1,1,6,2,1,1,1,2,1,0,1,2,-1,4,0,0,0,0,0,0,0,0,0,0,0,0,0,mew
0,0,1,1,6,2,1,1,1,2,1,0,1,2,-1,5,0,0,0,0,0,0,0,0,0,0,0,0,0,mew
0,0,1,1,6,2,1,1,1,2,1,0,1,2,-1,4,0,0,0,0,0,0,0,0,0,0,0,0,0,mew
0,0,2,1,5,2,2,1,1,1,2,1,0,2,1,0,80,114,49,46,16,0,69,16,161,0,117,20,106,expressor
0,0,2,1,3,2,2,1,1,1,2,1,0,2,1,0,80,114,49,46,80,0,67,80,161,0,117,20,106,expressor
0,0,2,1,3,2,2,1,1,1,2,1,0,2,1,0,80,114,49,46,0,0,67,0,161,0,117,20,106,expressor
0,0,2,1,1,2,2,1,1,1,2,1,0,2,1,0,80,114,49,46,112,0,65,112,161,0,117,20,106,expressor
0,0,2,1,3,2,2,1,1,1,2,1,0,2,1,0,80,114,49,46,208,0,66,208,161,0,117,20,106,expressor
0,0,2,1,2,2,2,1,1,1,2,1,0,2,1,0,80,114,49,46,128,0,66,128,161,0,117,20,106,expressor
0,0,2,1,2,2,2,1,1,1,2,1,0,2,1,0,80,114,49,46,224,0,65,224,161,0,117,20,106,expressor
0,0,2,1,3,2,2,1,1,1,2,1,0,2,1,0,80,114,49,46,32,0,67,32,161,0,117,20,106,expressor
0,0,2,1,7,2,2,1,1,1,2,1,0,2,1,0,80,114,49,46,128,0,75,128,161,0,117,20,106,expressor
0,0,2,1,6,2,2,1,1,1,2,1,0,2,1,0,80,114,49,46,64,0,75,64,161,0,117,20,106,expressor
0,0,2,1,6,2,2,1,1,1,2,1,0,2,1,0,80,114,49,46,96,0,69,96,161,0,117,20,106,expressor
0,0,2,1,5,2,2,1,1,1,2,1,0,2,1,0,80,114,49,46,224,0,67,224,161,0,117,20,106,expressor
0,0,1,1,0,3,3,3,2,3,5,1,0,3,1,59,129,133,0,0,190,129,236,59,2,0,129,234,44,exe32pack
0,1,1,1,0,4,3,3,2,1,3,1,0,3,1,59,129,133,0,0,190,129,236,59,2,0,129,234,44,exe32pack
0,1,1,1,1,4,5,4,2,3,5,1,0,3,1,59,129,133,0,0,190,129,236,59,2,0,129,234,44,exe32pack
0,1,1,1,0,4,4,4,2,3,5,1,0,3,1,59,129,133,0,0,190,129,236,59,2,0,129,234,44,exe32pack
0,0,1,1,1,7,7,4,2,1,3,1,0,3,1,59,129,133,0,0,190,129,236,59,2,0,129,234,44,exe32pack
0,1,1,1,0,4,4,4,2,3,5,1,0,3,1,59,129,133,0,0,190,129,236,59,2,0,129,234,44,exe32pack
0,0,1,1,0,4,3,3,1,1,1,1,0,3,1,59,129,133,0,0,190,129,236,59,2,0,129,234,44,exe32pack
0,0,1,1,1,5,5,4,2,3,5,1,0,3,1,59,129,133,0,0,190,129,236,59,2,0,129,234,44,exe32pack
0,2,1,1,4,3,9,2,2,2,5,0,0,2,2,64,255,255,0,0,5,0,0,126,0,255,141,182,0,amber
0,2,1,1,6,3,9,2,2,2,5,0,0,2,2,64,255,255,0,0,5,0,0,126,0,255,141,182,0,amber
0,2,1,1,5,3,9,2,2,2,5,0,0,2,2,64,255,255,0,0,5,0,0,126,0,255,141,182,0,amber
0,2,1,1,5,3,9,2,2,2,5,0,0,2,2,64,255,255,0,0,5,0,0,126,0,255,141,182,0,amber
0,2,1,1,6,3,9,2,2,2,5,0,0,2,2,64,255,255,0,0,5,0,0,126,0,255,141,182,0,amber
0,2,1,1,5,3,9,2,2,2,5,0,0,2,2,64,255,255,0,0,5,0,0,126,0,255,141,182,0,amber
0,2,1,1,6,3,9,2,2,2,5,0,0,2,2,64,255,255,0,0,5,0,0,126,0,255,141,182,0,amber
0,2,1,1,6,3,9,2,2,2,5,0,0,2,2,64,255,255,0,0,5,0,0,126,0,255,141,182,0,amber
0,2,1,1,8,3,9,2,2,2,5,0,0,2,2,64,255,255,0,0,5,0,0,126,0,255,141,182,0,amber
0,2,1,1,8,3,9,2,2,2,5,0,0,2,2,64,255,255,0,0,5,0,0,126,0,255,141,182,0,amber
0,2,1,1,7,3,9,2,2,2,5,0,0,2,2,64,255,255,0,0,5,0,0,126,0,255,141,182,0,amber
0,2,1,1,4,3,9,2,2,2,5,0,0,2,2,64,255,255,0,0,5,0,0,126,0,255,141,182,0,amber
0,2,1,1,4,3,9,2,2,2,5,0,0,2,2,64,255,255,0,0,5,0,0,126,0,255,141,182,0,amber
0,2,1,1,7,3,9,2,2,2,5,0,0,2,2,64,255,255,0,0,5,0,0,126,0,255,141,182,0,amber
0,2,1,1,3,3,9,2,2,2,5,0,0,2,2,64,255,255,0,0,5,0,0,126,0,255,141,182,0,amber
1,0,1,2,2,4,3,1,0,1,0,1,0,1,-1,0,180,4,171,191,190,0,201,12,141,201,115,243,255,kkrunchy
1,0,2,2,7,10,8,1,1,1,0,1,0,1,-1,0,180,4,171,191,190,0,201,12,141,201,115,243,255,kkrunchy
1,0,1,2,5,8,6,1,1,1,0,1,0,1,-1,0,180,4,171,191,190,0,201,12,141,201,115,243,255,kkrunchy
1,0,1,2,9,10,10,1,1,1,0,1,0,1,-1,0,180,4,171,191,190,0,201,12,141,201,115,243,255,kkrunchy
1,0,1,2,2,5,4,1,1,1,0,1,0,1,-1,0,180,4,171,191,190,0,201,12,141,201,115,243,255,kkrunchy
1,0,1,2,4,7,2,1,0,1,0,1,0,1,-1,0,180,4,171,191,190,0,201,12,141,201,115,243,255,kkrunchy
1,0,1,2,7,9,7,1,0,1,0,1,0,1,-1,0,180,4,171,191,190,0,201,12,141,201,115,243,255,kkrunchy
0,0,1,1,2,4,3,4,2,1,0,1,0,1,-1,0,180,4,171,191,190,0,201,12,141,201,115,243,255,kkrunchy
1,0,1,2,5,5,8,1,0,1,0,1,0,1,-1,0,180,4,171,191,190,0,201,12,141,201,115,243,255,kkrunchy
0,0,1,1,2,4,3,4,2,1,0,1,0,1,-1,0,180,4,171,191,190,0,201,12,141,201,115,243,255,kkrunchy
0,0,1,1,6,8,8,1,1,1,0,1,0,1,-1,0,180,4,171,191,190,0,201,12,141,201,115,243,255,kkrunchy
0,0,1,1,6,9,7,1,1,1,0,1,0,1,-1,0,180,4,171,191,190,0,201,12,141,201,115,243,255,kkrunchy
1,0,1,2,1,2,3,1,1,1,0,1,0,1,-1,0,180,4,171,191,190,0,201,12,141,201,115,243,255,kkrunchy
1,0,1,2,5,7,5,1,1,1,0,1,0,1,-1,0,180,4,171,191,190,0,201,12,141,201,115,243,255,kkrunchy
1,0,1,2,7,8,10,1,1,1,0,1,0,1,-1,0,180,4,171,191,190,0,201,12,141,201,115,243,255,kkrunchy
1,0,1,2,5,7,6,1,1,1,0,1,0,1,-1,0,180,4,171,191,190,0,201,12,141,201,115,243,255,kkrunchy
0,0,1,1,2,4,3,4,2,1,0,1,0,1,-1,0,180,4,171,191,190,0,201,12,141,201,115,243,255,kkrunchy
1,0,1,2,1,3,2,1,1,1,0,1,0,1,-1,0,180,4,171,191,190,0,201,12,141,201,115,243,255,kkrunchy
0,0,1,1,2,4,4,1,1,1,0,1,0,1,-1,0,180,4,171,191,190,0,201,12,141,201,115,243,255,kkrunchy
1,0,1,2,4,7,3,1,0,1,0,1,0,1,-1,0,180,4,171,191,190,0,201,12,141,201,115,243,255,kkrunchy
0,0,1,1,5,8,5,1,1,1,0,1,0,1,-1,0,180,4,171,191,190,0,201,12,141,201,115,243,255,kkrunchy
1,0,2,1,2,3,4,1,1,1,0,1,0,1,-1,0,180,4,171,191,190,0,201,12,141,201,115,243,255,kkrunchy
0,0,1,1,5,4,4,5,2,1,0,1,0,1,-1,0,180,4,171,191,190,0,201,12,141,201,115,243,255,kkrunchy
0,0,1,1,9,10,9,1,1,1,0,1,0,1,-1,0,180,4,171,191,190,0,201,12,141,201,115,243,255,kkrunchy
0,0,2,1,3,6,7,1,2,5,5,1,0,3,1,145,37,0,131,236,101,36,65,138,21,225,255,0,0,armadillo
0,0,2,1,4,6,8,1,2,5,5,1,0,3,1,193,37,0,131,236,101,36,65,138,21,225,255,0,0,armadillo
1,0,2,2,5,6,8,1,1,3,1,1,0,3,1,17,37,0,131,236,101,36,2,138,21,225,255,0,0,armadillo
0,0,2,1,4,6,8,1,2,3,3,1,0,3,1,49,37,0,131,236,101,36,66,138,21,225,255,0,0,armadillo
0,0,2,1,4,6,8,1,2,3,3,1,0,3,1,49,37,0,131,236,101,36,66,138,21,225,255,0,0,armadillo
0,0,2,1,6,6,9,1,1,3,1,1,0,3,1,161,37,0,131,236,101,36,68,138,21,225,255,0,0,armadillo
1,0,2,2,5,6,9,1,1,4,1,1,0,3,1,209,37,0,131,236,101,36,66,138,21,225,255,0,0,armadillo
1,0,2,2,7,6,10,1,1,4,1,1,0,3,1,161,37,0,131,236,101,36,74,138,21,225,255,0,0,armadillo
1,0,2,2,5,6,9,1,1,4,1,1,0,3,1,33,37,0,131,236,101,36,67,138,21,225,255,0,0,armadillo
0,0,2,1,4,6,8,1,2,3,3,1,0,3,1,49,37,0,131,236,101,36,66,138,21,225,255,0,0,armadillo
1,0,2,2,3,6,7,1,1,3,1,1,0,3,1,81,37,0,131,236,101,36,65,138,21,225,255,0,0,armadillo
1,0,2,2,5,6,8,1,1,3,1,1,0,3,1,65,37,0,131,236,101,36,66,138,21,225,255,0,0,armadillo
0,0,2,1,4,6,8,1,2,5,5,1,0,3,1,161,37,0,131,236,101,36,65,138,21,225,255,0,0,armadillo
0,0,2,1,6,6,9,1,1,3,1,1,0,3,1,193,37,0,131,236,101,36,67,138,21,225,255,0,0,armadillo
0,0,2,1,6,6,7,1,2,3,3,1,0,3,1,97,37,0,131,236,101,36,68,138,21,225,255,0,0,armadillo
0,0,2,1,4,6,8,1,2,5,5,1,0,3,1,225,37,0,131,236,101,36,65,138,21,225,255,0,0,armadillo
0,0,2,1,8,6,10,1,1,3,1,1,0,3,1,81,37,0,131,236,101,36,90,138,21,225,255,0,0,armadillo
1,0,2,2,3,6,7,1,1,3,1,1,0,3,1,97,37,0,131,236,101,36,1,138,21,225,255,0,0,armadillo
1,0,2,2,3,6,8,1,1,4,1,1,0,3,1,113,37,0,131,236,101,36,65,138,21,225,255,0,0,armadillo
1,0,2,2,3,6,7,1,1,3,1,1,0,3,1,65,37,0,131,236,101,36,1,138,21,225,255,0,0,armadillo
0,0,2,1,4,6,7,1,2,5,4,1,0,3,1,145,37,0,131,236,101,36,65,138,21,225,255,0,0,armadillo
0,0,2,1,5,6,9,1,1,3,1,1,0,3,1,177,37,0,131,236,101,36,66,138,21,225,255,0,0,armadillo
1,0,2,2,3,6,7,1,1,3,1,1,0,3,1,97,37,0,131,236,101,36,1,138,21,225,255,0,0,armadillo
0,0,2,1,4,6,8,1,2,5,5,1,0,3,1,225,37,0,131,236,101,36,65,138,21,225,255,0,0,armadillo
1,0,2,2,5,6,9,1,1,4,1,1,0,3,1,1,37,0,131,236,101,36,67,138,21,225,255,0,0,armadillo
0,0,2,1,4,6,7,1,2,5,5,1,0,3,1,161,37,0,131,236,101,36,65,138,21,225,255,0,0,armadillo
0,0,1,1,9,10,8,1,1,5,5,1,0,1,5,0,237,196,233,4,140,62,0,192,0,103,248,207,8,enigma
1,1,1,2,9,2,3,1,2,6,5,1,0,1,5,0,237,72,233,4,25,237,0,192,0,92,201,224,77,enigma
0,0,1,1,9,3,4,3,2,10,5,1,0,3,5,0,237,140,233,4,163,2,0,192,0,190,203,31,181,enigma
1,0,1,2,9,10,10,1,2,7,5,1,0,2,5,0,237,72,233,4,191,17,1,192,0,126,134,247,36,enigma
0,2,1,1,9,10,9,1,2,5,5,1,0,1,5,0,237,128,233,4,212,11,0,192,0,254,65,177,114,enigma
0,0,1,1,9,10,7,1,2,9,5,1,0,3,5,0,237,112,233,4,69,189,0,192,0,99,138,216,30,enigma
1,1,1,2,9,2,3,1,2,5,5,1,0,1,5,0,237,0,233,4,240,246,0,192,0,204,54,172,20,enigma
0,2,1,1,9,5,8,1,2,5,5,1,0,1,5,0,237,140,233,4,173,196,0,192,0,49,154,63,224,enigma
1,0,2,1,9,3,4,1,2,4,4,1,0,2,5,0,237,212,233,4,233,108,0,192,0,66,52,44,108,enigma
0,0,1,1,9,3,4,1,2,5,5,1,0,1,5,0,237,208,233,4,121,198,0,192,0,207,219,3,59,enigma
0,1,1,1,9,4,5,3,2,10,5,1,0,3,5,0,237,160,233,4,200,42,0,192,0,194,107,252,104,enigma
1,0,1,2,9,4,2,1,0,5,5,1,0,2,5,0,237,56,233,4,38,157,0,192,0,12,130,69,177,enigma
1,2,1,2,8,7,2,1,0,3,1,1,0,3,1,188,233,63,215,40,48,16,56,24,30,60,146,0,186,vmprotect
1,2,1,2,8,9,7,1,0,3,1,1,0,3,1,61,222,57,172,27,42,211,201,132,0,129,252,250,102,vmprotect
0,2,1,2,8,4,3,4,2,4,3,1,0,3,1,142,4,26,26,16,0,56,24,4,135,12,147,24,189,vmprotect
1,2,1,2,8,5,8,1,0,3,1,1,0,3,1,33,255,153,174,215,107,175,198,182,169,176,70,254,255,vmprotect
0,2,1,2,7,3,3,3,2,6,5,1,0,3,1,49,32,52,0,32,54,54,20,54,28,41,7,24,91,vmprotect
0,2,1,2,7,3,3,4,2,6,5,1,0,3,1,89,255,208,15,68,94,139,93,247,139,139,77,2,233,vmprotect
0,2,1,2,8,4,3,4,2,4,3,1,0,3,1,83,254,255,202,0,52,52,52,52,44,52,90,153,126,vmprotect
0,2,1,2,8,8,8,1,1,3,1,1,0,3,1,111,25,48,20,170,72,93,36,14,222,155,148,203,52,vmprotect
0,2,1,2,8,3,6,3,2,6,5,1,0,3,1,164,68,37,19,0,37,138,2,56,249,247,198,225,98,vmprotect
1,2,1,2,8,2,3,1,1,3,1,1,0,3,1,221,248,131,80,176,0,43,102,249,0,139,215,129,243,vmprotect
1,2,1,2,8,7,5,1,1,3,1,1,0,3,1,2,143,36,52,210,57,48,44,8,48,0,240,73,124,vmprotect
1,2,1,2,8,8,10,1,1,3,1,1,0,3,1,26,137,87,160,18,0,247,249,128,233,215,114,120,121,vmprotect
1,2,1,2,8,7,6,1,1,3,1,1,0,3,1,224,102,133,2,0,0,64,0,233,0,89,32,44,36,vmprotect
0,2,1,2,8,4,3,4,2,4,3,1,0,3,1,217,0,0,102,129,206,129,15,14,132,56,229,36,199,vmprotect
1,2,1,2,7,3,2,1,1,3,1,1,0,3,1,133,48,213,110,52,0,60,56,40,242,116,192,88,0,vmprotect
0,2,1,2,8,4,4,1,1,3,1,1,0,3,1,205,139,76,139,125,2,58,102,111,0,52,50,16,145,vmprotect
0,2,1,2,8,4,5,3,2,6,5,1,0,3,1,91,105,125,95,8,40,4,0,48,186,201,88,0,246,vmprotect
0,2,1,2,8,3,3,3,2,6,5,1,0,3,1,100,203,15,233,203,102,153,15,183,15,135,250,153,94,vmprotect
1,2,1,2,8,7,3,1,0,3,1,1,0,3,1,96,192,24,122,0,207,248,251,48,0,192,126,28,46,vmprotect
0,2,1,2,7,3,4,3,2,6,5,1,0,3,1,111,255,195,116,107,111,101,95,101,68,1,8,1,4,vmprotect
0,2,1,2,8,2,2,1,1,3,1,1,0,3,1,130,240,99,84,37,248,2,0,198,253,255,233,72,201,vmprotect
0,2,1,2,8,8,5,1,1,3,1,1,0,3,1,236,129,197,0,233,100,192,223,59,70,235,245,255,32,vmprotect
0,2,1,2,8,3,4,3,2,6,5,1,0,3,1,13,80,132,129,255,32,233,184,15,37,138,77,2,58,vmprotect
0,2,1,2,8,3,4,4,2,6,5,1,0,3,1,197,99,60,0,230,207,108,250,155,34,88,0,121,65,vmprotect
0,0,1,2,8,4,4,5,2,3,3,1,0,3,1,150,39,48,16,39,49,217,171,58,0,48,183,12,104,vmprotect
0,2,1,2,8,4,5,4,2,6,5,1,0,3,1,5,237,4,247,234,102,120,255,57,61,140,158,167,157,vmprotect
0,2,1,2,9,10,9,1,1,3,1,1,0,3,1,92,22,217,233,115,175,238,56,9,173,254,255,95,102,vmprotect
1,2,1,2,8,4,2,1,0,3,1,1,0,3,1,232,125,36,28,184,26,82,125,6,123,163,160,176,4,vmprotect
0,0,1,2,8,6,2,1,1,3,1,1,0,3,1,82,28,12,255,255,196,37,201,254,32,114,52,87,20,vmprotect
0,2,1,2,8,4,4,3,2,6,5,1,0,3,1,81,255,51,179,48,36,44,60,24,19,174,144,87,0,vmprotect
1,2,1,2,8,8,7,1,1,3,1,1,0,3,1,177,73,104,138,16,255,20,32,60,208,123,0,24,60,vmprotect
1,2,1,2,8,2,3,1,1,3,1,1,0,3,1,233,78,92,236,90,59,148,236,33,102,0,156,143,68,vmprotect
1,2,1,2,8,3,2,1,0,3,1,1,0,3,1,193,208,56,48,120,39,17,101,12,133,24,174,0,184,vmprotect
0,2,1,2,8,3,3,2,2,5,4,1,0,3,1,8,201,248,0,0,155,104,29,2,0,131,248,46,233,vmprotect
0,2,1,2,8,7,5,1,1,3,1,1,0,3,1,243,115,32,28,105,45,115,188,144,227,4,59,60,252,vmprotect
1,2,1,2,8,3,2,1,0,3,1,1,0,3,1,228,233,103,136,20,67,251,233,255,6,0,102,15,187,vmprotect
1,2,1,2,7,2,3,1,1,3,1,1,0,3,1,125,237,2,246,211,185,245,217,8,85,44,13,0,13,vmprotect
0,2,1,2,7,4,5,3,2,6,5,1,0,3,1,68,202,139,68,71,102,248,231,245,255,137,85,212,128,vmprotect
0,2,1,2,8,4,5,3,2,6,5,1,0,3,1,28,237,2,246,234,143,233,146,24,35,35,8,236,40,vmprotect
1,2,1,2,8,7,6,1,1,3,1,1,0,3,1,58,255,65,66,37,243,0,0,40,102,83,246,213,102,vmprotect
0,2,1,2,8,4,5,3,2,6,5,1,0,3,1,66,130,143,31,190,88,162,92,70,96,50,154,249,73,vmprotect
