1,0,1,0,0,0,0,1,33859,16777216,4096,6,1,28672,11776,1024,4608,0,262144,8192,4096,4,0,1.0,1,1,0,1,1,0,0,0,0,0,0,0,1.034,0,1,1.177,0.571,0,5.838,0.205,4.288,3.829,4.099,5.838,232,235,2,0,0,233,195,253,255,255,204,204,204,204,204,59,13,0,64,0,1,117,3,194,0,0,233,103,3,0,0,204,204,204,204,204,139,255,85,139,236,139,69,8,139,0,129,56,99,115,109,224,117,43,131,120,16,3,117,37,139,64,20,61,5.0,98.0,1.0,0.01,15.0,0,20.0,0
1,0,1,0,1,0,0,0,63312,4194304,4096,4,0,90112,16384,1024,22016,36352,2097152,4096,4096,6,0,1.0,1,4,0,1,4,0,0,0,0,0,0,0,1.005,1,1,2.667,0.0,0,5.886,0.272,4.065,2.695,2.881,5.886,85,137,229,131,236,8,199,4,36,2,0,0,0,255,21,140,2,65,0,232,168,254,255,255,144,141,180,38,0,0,0,0,85,139,13,196,2,65,0,137,229,93,255,225,141,116,38,0,85,139,13,176,2,65,0,137,229,93,255,225,144,144,144,144,5.0,86.0,9.0,0.105,0.0,1,84.0,0
1,0,1,0,0,0,0,1,235329,16777216,4096,6,1,196608,43008,1024,140288,0,262144,69632,4096,4,0,1.0,1,1,0,1,1,0,0,0,0,0,0,0,1.009,0,1,1.127,0.479,0,5.952,0.744,7.105,3.829,6.474,5.952,232,197,249,255,255,106,88,104,160,55,0,1,232,114,4,0,0,51,219,137,93,228,137,93,252,141,69,152,80,255,21,252,16,0,1,199,69,252,254,255,255,255,199,69,252,1,0,0,0,100,161,24,0,0,0,139,112,4,191,92,194,0,1,106,14.0,241.0,2.0,0.008,10.0,0,86.0,0
1,0,1,0,1,0,0,0,99212,4194304,4096,4,0,90112,16384,1024,22016,36352,2097152,4096,4096,6,0,1.0,1,4,0,1,4,0,0,0,0,0,0,0,1.005,1,1,2.667,0.0,0,5.886,0.272,4.063,2.694,2.879,5.886,85,137,229,131,236,8,199,4,36,2,0,0,0,255,21,140,2,65,0,232,168,254,255,255,144,141,180,38,0,0,0,0,85,139,13,196,2,65,0,137,229,93,255,225,141,116,38,0,85,139,13,176,2,65,0,137,229,93,255,225,144,144,144,144,5.0,86.0,9.0,0.105,0.0,1,84.0,0
1,0,1,0,0,0,0,1,111495,16777216,4096,6,1,118784,88576,1024,19968,0,262144,8192,4096,4,0,1.0,1,1,0,1,1,0,0,0,0,0,0,0,1.005,0,1,1.021,0.386,0,6.128,2.678,3.41,3.851,5.459,6.128,232,84,40,0,0,233,90,254,255,255,204,204,204,204,204,106,12,104,40,90,1,1,232,161,57,0,0,51,192,51,255,57,125,8,15,149,192,59,199,117,29,232,52,57,0,0,199,0,22,0,0,0,87,87,87,87,87,232,205,56,0,0,131,196,4.0,93.0,11.0,0.118,7.0,0,8.0,0
1,0,1,0,0,0,0,1,684753,4194304,4096,5,1,647168,174080,1024,462336,0,1048576,4096,4096,5,0,1.0,1,1,0,1,1,0,0,0,0,0,0,0,1.001,0,1,1.007,0.373,0,6.32,3.797,5.99,4.165,6.198,6.32,232,132,147,0,0,233,0,0,0,0,106,20,104,16,190,67,0,232,43,11,0,0,232,22,91,0,0,15,183,240,106,2,232,23,147,0,0,89,184,77,90,0,0,102,57,5,0,0,64,0,116,4,51,219,235,51,161,60,0,64,0,129,184,0,10.0,251.0,5.0,0.02,19.0,0,110.0,0
1,0,1,0,0,0,0,1,266350,4194304,4096,6,0,266240,141824,1024,106496,0,1048576,4096,4096,5,0,1.0,1,1,0,1,1,0,0,0,0,0,0,0,1.003,0,1,1.085,0.79,0,6.27,4.113,3.893,3.953,6.034,6.27,232,238,130,0,0,233,123,254,255,255,85,139,236,255,21,104,65,66,0,106,1,163,164,159,67,0,232,205,131,0,0,255,117,8,232,3,59,0,0,131,61,164,159,67,0,0,89,89,117,8,106,1,232,179,131,0,0,89,104,9,4,0,192,232,9.0,135.0,3.0,0.022,6.0,0,14.0,0
1,0,1,0,0,0,0,1,51033,4194304,4096,5,0,40960,3584,1024,26112,0,1048576,4096,4096,5,0,1.0,1,1,0,1,1,0,0,0,0,0,0,0,1.111,0,1,1.111,0.396,0,5.445,1.997,3.692,3.974,5.236,5.445,232,147,4,0,0,233,55,253,255,255,59,13,40,48,64,0,117,2,243,195,233,21,5,0,0,139,255,85,139,236,246,69,8,2,87,139,249,116,37,86,104,212,27,64,0,141,119,252,255,54,106,12,87,232,69,1,0,0,246,69,8,1,116,7,6.0,102.0,0.0,0.0,1.0,0,44.0,0
1,0,1,0,0,0,0,1,0,4194304,4096,5,1,40960,11264,1024,16384,0,1048576,4096,4096,5,0,1.0,1,1,0,1,1,0,0,0,0,0,0,0,1.003,0,1,1.108,0.404,0,5.802,4.84,5.22,3.767,4.823,5.802,232,122,3,0,0,233,179,253,255,255,139,255,85,139,236,139,69,8,139,0,129,56,99,115,109,224,117,42,131,120,16,3,117,36,139,64,20,61,32,5,147,25,116,21,61,33,5,147,25,116,14,61,34,5,147,25,116,7,61,0,64,153,1,117,4.0,88.0,7.0,0.08,43.0,1,26.0,0
1,0,1,0,0,0,0,1,95879,4194304,4096,5,0,61440,16896,1024,26624,0,1048576,4096,4096,5,0,1.0,1,1,0,1,1,0,0,0,0,0,0,0,1.004,0,1,1.091,0.549,0,5.993,3.42,5.644,3.843,6.326,5.993,232,159,4,0,0,233,55,253,255,255,59,13,40,160,64,0,117,2,243,195,233,33,5,0,0,106,20,104,144,130,64,0,232,211,3,0,0,255,53,64,167,64,0,139,53,212,96,64,0,255,214,89,137,69,228,131,248,255,117,12,255,117,8,255,10.0,286.0,1.0,0.003,1.0,0,32.0,0
1,0,1,0,0,0,0,1,34982,16777216,4096,6,1,28672,9216,1024,3584,0,262144,8192,4096,4,0,1.0,1,1,0,1,1,0,0,0,0,0,0,0,1.054,0,1,1.641,0.566,0,5.145,0.205,2.637,3.697,2.751,5.145,232,2,3,0,0,233,195,253,255,255,204,204,204,204,204,59,13,0,64,0,1,117,3,194,0,0,233,126,3,0,0,204,204,204,204,204,255,37,180,16,0,1,204,204,204,204,204,204,255,37,176,16,0,1,204,204,204,204,204,139,255,85,139,236,3.0,46.0,1.0,0.022,12.0,0,8.0,0
1,0,1,0,0,0,0,1,101292,25165824,4096,6,1,110592,37376,1024,61440,0,1048576,524288,4096,4,0,1.0,1,1,0,1,1,0,0,0,0,0,0,0,1.001,0,1,1.183,0.94,0,6.251,0.087,4.368,4.002,3.181,6.251,232,10,0,0,0,233,33,217,255,255,144,144,144,144,144,139,255,85,139,236,131,236,16,161,68,176,128,1,131,101,248,0,131,101,252,0,83,87,191,78,230,64,187,187,0,0,255,255,59,199,15,133,88,24,0,0,86,141,69,248,80,255,21,212,9.0,110.0,3.0,0.027,9.0,0,20.0,0
1,0,1,0,1,0,0,1,0,4194304,8192,4,0,57344,20480,512,9728,0,1048576,4096,8192,3,0,1.0,1,0,0,1,0,0,0,0,0,0,0,0,1.001,0,0,42.667,1.001,0,5.351,-1,5.02,2.667,3.659,5.351,255,37,0,32,64,0,0,0,0,0,0,0,0,0,0,0,0,0,0,0,0,0,0,0,0,0,0,0,0,0,0,0,0,0,0,0,4,0,3,0,0,0,48,0,0,128,14,0,0,0,128,0,0,128,16,0,0,0,176,0,0,128,24,0,1.0,0.0,0.0,0.0,1.0,0,30.0,0
1,0,1,0,1,0,0,0,97654,4194304,4096,4,0,90112,16384,1024,22016,36352,2097152,4096,4096,6,0,1.0,1,4,0,1,4,0,0,0,0,0,0,0,1.005,1,1,2.667,0.0,0,5.886,0.272,4.062,2.694,2.879,5.886,85,137,229,131,236,8,199,4,36,2,0,0,0,255,21,140,2,65,0,232,168,254,255,255,144,141,180,38,0,0,0,0,85,139,13,196,2,65,0,137,229,93,255,225,141,116,38,0,85,139,13,176,2,65,0,137,229,93,255,225,144,144,144,144,5.0,86.0,9.0,0.105,0.0,1,84.0,0
1,0,1,0,0,0,0,1,86014,16777216,4096,6,1,40960,5120,1024,20480,0,262144,8192,4096,4,0,1.0,1,1,0,1,1,0,0,0,0,0,0,0,1.102,0,1,1.102,0.552,0,5.632,0.205,5.266,3.798,3.903,5.632,232,210,2,0,0,233,78,253,255,255,204,204,204,204,204,139,255,85,139,236,139,69,8,139,0,129,56,99,115,109,224,117,43,131,120,16,3,117,37,139,64,20,61,32,5,147,25,116,21,61,33,5,147,25,116,14,61,34,5,147,25,116,7,61,6.0,47.0,1.0,0.021,1.0,0,64.0,0
1,0,1,0,0,0,0,1,279762,4194304,4096,5,1,249856,71680,1024,161792,0,1048576,4096,4096,5,0,1.0,1,1,0,1,1,0,0,0,0,0,0,0,1.003,0,1,1.024,0.396,0,6.331,3.49,6.847,3.942,6.499,6.331,232,228,93,0,0,233,0,0,0,0,106,20,104,96,223,65,0,232,165,14,0,0,232,178,34,0,0,15,183,240,106,2,232,119,93,0,0,89,184,77,90,0,0,102,57,5,0,0,64,0,116,4,51,219,235,51,161,60,0,64,0,129,184,0,8.0,147.0,5.0,0.034,13.0,1,74.0,0
1,0,1,0,0,0,0,1,157809,4194304,4096,5,1,172032,64512,1024,95744,0,1048576,4096,4096,5,0,1.0,1,1,0,1,1,0,0,0,0,0,0,0,1.004,0,1,1.167,0.126,0,6.326,3.247,3.11,3.926,5.514,6.326,232,10,90,0,0,233,0,0,0,0,106,20,104,24,185,65,0,232,38,53,0,0,232,253,71,0,0,15,183,240,106,2,232,157,89,0,0,89,184,77,90,0,0,102,57,5,0,0,64,0,116,4,51,219,235,51,161,60,0,64,0,129,184,0,7.0,127.0,10.0,0.079,8.0,1,30.0,0
1,0,1,0,1,0,0,1,46090,4194304,8192,4,0,49152,4096,512,17408,0,1048576,4096,8192,3,0,1.0,1,0,0,1,0,0,0,0,0,0,0,0,1.048,0,0,42.667,1.005,0,5.18,-1,5.615,2.797,4.806,5.18,255,37,0,32,64,0,0,0,0,0,0,0,0,0,0,0,0,0,0,0,0,0,0,0,0,0,0,0,0,0,0,0,0,0,0,0,0,0,0,0,0,0,0,0,0,0,0,0,0,0,0,0,0,0,0,0,0,0,0,0,0,0,0,0,1.0,0.0,0.0,0.0,1.0,0,34.0,0
1,0,1,0,1,0,0,1,73049,4194304,4096,5,0,4263936,18432,1024,4231680,0,16384,16384,4096,5,0,1.0,1,1,0,1,1,0,0,0,0,0,0,0,1.004,1,1,1.032,0.0,0,6.034,0.0,4.499,3.554,0.107,6.034,85,139,236,129,236,132,0,0,0,255,21,248,96,64,0,163,88,146,64,0,141,133,124,255,255,255,80,141,69,252,80,232,194,254,255,255,141,133,124,255,255,255,80,255,117,252,232,236,218,255,255,89,89,80,255,21,244,96,64,0,204,85,139,236,11.0,116.0,4.0,0.034,27.0,0,14.0,0
1,0,1,0,0,0,0,1,0,4194304,4096,5,1,19464192,10805760,4096,8640000,0,1048576,4096,4096,5,1,0.833,1,1,0,1,1,0,0,0,0,0,0,0,1.0,0,1,1.882,0.516,0,6.405,5.541,7.826,4.222,6.683,6.405,232,169,205,0,0,233,123,254,255,255,59,13,0,117,70,1,117,2,243,195,233,66,41,0,0,85,139,236,131,236,16,235,13,255,117,8,232,227,208,0,0,89,133,192,116,17,255,117,8,232,253,56,0,0,89,133,192,116,230,139,229,93,195,106,20.0,602.0,12.0,0.02,-1,1,56.0,0
1,0,1,0,0,0,0,1,85681,4194304,4096,5,0,40960,3072,1024,26112,0,1048576,4096,4096,5,0,1.0,1,1,0,1,1,0,0,0,0,0,0,0,1.018,0,1,1.141,0.399,0,5.727,1.918,4.246,3.874,5.552,5.727,232,147,4,0,0,233,55,253,255,255,59,13,40,48,64,0,117,2,243,195,233,21,5,0,0,139,255,85,139,236,246,69,8,2,87,139,249,116,37,86,104,68,27,64,0,141,119,252,255,54,106,12,87,232,69,1,0,0,246,69,8,1,116,7,6.0,95.0,0.0,0.0,1.0,0,44.0,0
1,0,1,0,0,0,0,1,118864,4194304,4096,5,1,81920,18432,1024,48128,0,1048576,4096,4096,5,0,1.0,1,1,0,1,1,0,0,0,0,0,0,0,1.011,0,1,1.1,0.321,0,5.793,3.743,5.726,4.221,5.613,5.793,232,185,4,0,0,233,73,254,255,255,59,13,12,160,64,0,117,2,243,195,233,241,5,0,0,131,61,52,166,64,0,0,116,3,51,192,195,86,106,4,106,32,255,21,140,96,64,0,89,89,139,240,86,255,21,20,96,64,0,163,52,166,64,0,9.0,286.0,0.0,0.0,2.0,0,126.0,0
1,0,1,0,0,0,0,1,103759,4194304,4096,5,1,77824,29696,1024,28160,0,1048576,4096,4096,5,0,1.0,1,1,0,1,1,0,0,0,0,0,0,0,1.002,0,1,1.075,0.412,0,6.253,2.711,3.732,3.763,4.821,6.253,232,122,23,0,0,233,137,254,255,255,139,255,85,139,236,93,233,56,5,0,0,59,13,144,208,64,0,117,2,243,195,233,246,23,0,0,139,255,85,139,236,139,69,20,86,133,192,116,65,131,125,8,0,117,19,232,33,30,0,0,106,22,94,137,6.0,88.0,3.0,0.034,3.0,0,26.0,0
1,0,1,0,0,0,0,1,56991,4194304,4096,5,1,36864,5120,1024,8704,0,1048576,4096,4096,5,1,0.833,1,1,0,1,1,0,0,0,0,0,0,0,1.058,0,1,6.4,0.49,0,5.834,1.721,5.109,3.724,5.953,5.834,232,200,3,0,0,233,142,254,255,255,85,139,236,106,0,255,21,88,48,64,0,255,117,8,255,21,92,48,64,0,104,9,4,0,192,255,21,0,48,64,0,80,255,21,84,48,64,0,93,195,85,139,236,129,236,36,3,0,0,106,23,232,255,10,9.0,70.0,1.0,0.014,25.0,0,8.0,0
1,0,1,0,0,0,0,1,48935,16777216,4096,6,1,57344,36864,1024,13312,0,262144,8192,4096,4,0,1.0,1,1,0,1,1,0,0,0,0,0,0,0,1.002,0,1,1.221,0.531,0,6.339,2.598,3.819,3.827,5.291,6.339,232,21,27,0,0,233,90,254,255,255,204,204,204,204,204,139,255,85,139,236,131,125,8,0,117,4,51,192,93,195,106,1,106,10,106,0,255,117,8,232,146,29,0,0,131,196,16,93,195,204,204,204,204,204,139,255,85,139,236,93,233,206,255,255,2.0,67.0,10.0,0.149,67.0,0,20.0,0
1,0,1,0,0,0,0,1,89660,4194304,4096,5,0,40960,3072,1024,26112,0,1048576,4096,4096,5,0,1.0,1,1,0,1,1,0,0,0,0,0,0,0,1.013,0,1,1.134,0.396,0,5.746,1.974,3.396,3.887,5.106,5.746,232,147,4,0,0,233,55,253,255,255,59,13,40,48,64,0,117,2,243,195,233,21,5,0,0,139,255,85,139,236,246,69,8,2,87,139,249,116,37,86,104,68,27,64,0,141,119,252,255,54,106,12,87,232,69,1,0,0,246,69,8,1,116,7,6.0,95.0,0.0,0.0,1.0,0,44.0,0
1,0,1,0,1,0,0,1,62108,4194304,8192,4,0,57344,26624,512,2560,0,1048576,4096,8192,3,0,1.0,1,0,0,1,0,0,0,0,0,0,0,0,1.013,0,0,42.667,1.013,0,6.093,-1,3.5,2.732,4.049,6.093,255,37,0,32,64,0,0,0,0,0,0,0,0,0,0,0,0,0,0,0,0,0,0,0,0,0,0,0,0,0,0,0,0,0,0,0,0,0,0,0,0,0,0,0,0,0,0,0,0,0,0,0,0,0,0,0,0,0,0,0,0,0,0,0,1.0,0.0,0.0,0.0,1.0,0,14.0,0
1,0,1,0,1,0,0,1,71814,4194304,8192,4,0,57344,8192,512,27648,0,1048576,4096,8192,3,0,1.0,1,0,0,1,0,0,0,0,0,0,0,0,1.036,0,0,42.667,1.001,0,5.43,-1,5.793,2.73,4.725,5.43,255,37,0,32,64,0,0,0,0,0,0,0,0,0,0,0,0,0,0,0,0,0,0,0,0,0,0,0,0,0,0,0,0,0,0,0,0,0,0,0,0,0,0,0,0,0,0,0,0,0,0,0,0,0,0,0,0,0,0,0,0,0,0,0,1.0,0.0,0.0,0.0,1.0,0,58.0,0
1,0,1,0,0,0,0,1,33160,16777216,4096,6,1,40960,16896,1024,10240,0,262144,8192,4096,4,0,1.0,1,1,0,1,1,0,0,0,0,0,0,0,1.016,0,1,1.295,0.164,0,6.091,5.191,4.384,3.733,3.936,6.091,232,53,3,0,0,233,195,253,255,255,204,204,204,204,204,59,13,96,98,0,1,117,3,194,0,0,233,177,3,0,0,204,204,204,204,204,204,255,37,84,17,0,1,204,204,204,204,204,204,255,37,196,16,0,1,204,204,204,204,204,204,255,37,204,4.0,87.0,2.0,0.023,42.0,0,20.0,0
1,0,1,0,0,0,0,1,126863,16777216,4096,6,1,126976,9728,1024,102912,0,262144,8192,4096,4,0,1.0,1,1,0,1,1,0,0,0,0,0,0,0,1.002,0,1,1.174,0.577,0,5.616,0.205,6.621,3.823,6.144,5.616,232,252,2,0,0,233,77,253,255,255,204,204,204,204,204,204,255,37,140,16,0,1,204,204,204,204,204,59,13,0,64,0,1,117,3,194,0,0,233,108,3,0,0,204,204,204,204,204,139,255,85,139,236,139,69,8,139,0,129,56,99,115,109,224,7.0,51.0,2.0,0.039,3.0,0,86.0,0
1,0,1,0,0,0,0,1,682666,4194304,4096,5,1,659456,352768,1024,291328,0,1048576,4096,4096,5,0,1.0,1,1,0,1,1,0,0,0,0,0,0,0,1.001,0,1,1.003,0.507,0,6.099,2.413,4.566,4.399,5.85,6.099,232,172,168,0,0,233,123,254,255,255,85,139,236,129,236,40,3,0,0,161,160,165,71,0,51,197,137,69,252,131,125,8,255,87,116,9,255,117,8,232,164,55,0,0,89,131,165,224,252,255,255,0,141,133,228,252,255,255,106,76,106,0,80,232,15.0,222.0,3.0,0.014,38.0,0,636.0,0
1,0,1,0,0,0,0,1,664956,4194304,4096,5,1,643072,90112,1024,542720,0,1048576,4096,4096,5,0,1.0,1,1,0,1,1,0,0,0,0,0,0,0,1.002,0,1,1.041,0.461,0,6.319,2.714,6.261,3.943,6.287,6.319,232,70,102,0,0,233,123,254,255,255,85,139,236,129,236,40,3,0,0,161,240,105,66,0,51,197,137,69,252,131,125,8,255,87,116,9,255,117,8,232,72,103,0,0,89,131,165,224,252,255,255,0,141,133,228,252,255,255,106,76,106,0,80,232,6.0,149.0,11.0,0.074,16.0,1,30.0,0
1,0,1,0,0,0,0,1,2883154,4194304,4096,5,1,2863104,586240,1024,2263040,0,1048576,4096,4096,5,0,1.0,1,1,0,1,1,0,0,0,0,0,0,0,1.001,0,1,1.005,0.656,0,6.369,3.413,5.688,4.285,5.92,6.369,232,244,202,0,0,233,53,254,255,255,233,87,1,0,0,85,139,236,255,117,24,255,117,20,255,117,16,255,117,12,255,117,8,232,150,1,0,0,204,85,139,236,129,236,40,3,0,0,161,0,84,76,0,51,197,137,69,252,131,125,8,255,87,116,15.0,263.0,3.0,0.011,47.0,0,48.0,0
1,0,1,0,0,0,0,1,201864,16777216,4096,6,1,172032,98304,1024,63488,0,524288,65536,4096,4,0,1.0,1,1,0,1,1,0,0,0,0,0,0,0,1.002,0,1,1.191,0.637,0,6.169,1.449,3.943,3.93,4.789,6.169,232,192,246,255,255,106,16,104,120,34,0,1,232,98,246,255,255,51,219,137,93,252,100,161,24,0,0,0,139,112,4,137,93,228,191,96,144,1,1,83,86,87,255,21,64,17,0,1,59,195,15,133,8,18,0,0,51,246,70,161,76,144,1,1,14.0,244.0,3.0,0.012,32.0,0,14.0,0
1,0,1,0,0,0,0,1,116668,4194304,4096,5,1,77824,29184,1024,27136,0,1048576,4096,4096,5,0,1.0,1,1,0,1,1,0,0,0,0,0,0,0,1.009,0,1,1.086,0.412,0,6.227,2.732,3.73,3.762,5.136,6.227,232,122,23,0,0,233,137,254,255,255,139,255,85,139,236,93,233,56,5,0,0,59,13,144,208,64,0,117,2,243,195,233,246,23,0,0,139,255,85,139,236,139,69,20,86,133,192,116,65,131,125,8,0,117,19,232,33,30,0,0,106,22,94,137,4.0,84.0,3.0,0.036,3.0,0,26.0,0
1,0,1,0,0,0,0,1,179878,4194304,4096,5,1,147456,66560,1024,65536,0,1048576,4096,4096,5,0,1.0,1,1,0,1,1,0,0,0,0,0,0,0,1.006,0,1,1.097,0.408,0,6.292,3.226,3.858,3.947,6.067,6.292,232,160,92,0,0,233,123,254,255,255,106,16,104,8,202,65,0,232,40,13,0,0,51,255,137,125,228,106,1,232,133,0,0,0,89,33,125,252,106,3,94,137,117,224,59,53,4,17,66,0,125,83,161,0,17,66,0,139,4,176,133,192,116,68,6.0,102.0,8.0,0.078,7.0,1,14.0,0
1,0,1,0,0,1,0,1,566313,4194304,143360,5,1,537600,359936,1024,142336,0,1048576,4096,4096,8,2,0.8,1,3,0,1,3,0,0,0,0,0,0,0,1.001,1,1,128.0,0.0,0,6.334,2.276,3.691,2.427,6.288,6.334,232,138,2,0,0,233,142,254,255,255,85,139,236,161,124,225,65,0,131,224,31,106,32,89,43,200,139,69,8,211,200,51,5,124,225,65,0,93,195,85,139,236,139,69,8,86,139,72,60,3,200,15,183,65,20,141,81,24,3,208,15,183,65,6,8.0,294.0,10.0,0.034,46.0,1,92.0,0
1,0,1,0,0,0,0,1,102347,4194304,4096,6,3,94208,55808,1024,24576,0,262144,8192,4096,5,0,1.0,1,1,0,1,1,0,0,0,0,0,0,0,1.004,0,1,1.217,0.919,0,6.01,0.299,4.024,3.773,4.911,6.01,232,172,4,0,0,233,5,0,0,0,204,204,204,204,204,106,88,104,48,232,64,0,232,98,5,0,0,51,219,137,93,224,137,93,252,141,69,152,80,255,21,148,32,65,0,199,69,252,254,255,255,255,199,69,252,1,0,0,0,100,161,24,0,0,8.0,156.0,6.0,0.038,23.0,0,14.0,0
1,0,1,0,0,0,0,1,213969,4194304,4096,5,1,155648,73216,1024,66560,0,1048576,4096,4096,5,0,1.0,1,1,0,1,1,0,0,0,0,0,0,0,1.005,0,1,1.085,0.407,0,6.285,3.258,3.903,3.98,6.17,6.285,232,61,102,0,0,233,123,254,255,255,106,16,104,8,220,65,0,232,52,13,0,0,51,255,137,125,228,106,1,232,133,0,0,0,89,33,125,252,106,3,94,137,117,224,59,53,36,33,66,0,125,83,161,32,33,66,0,139,4,176,133,192,116,68,6.0,104.0,10.0,0.096,7.0,1,14.0,0
1,0,1,0,0,0,0,1,1174185,4194304,4096,6,0,1155072,822784,1024,321536,0,1048576,4096,4096,5,0,1.0,1,1,0,1,1,0,0,0,0,0,0,0,1.0,0,1,1.014,0.719,0,6.342,4.552,3.044,4.5,6.118,6.342,232,136,6,0,0,233,122,254,255,255,139,77,244,100,137,13,0,0,0,0,89,95,95,94,91,139,229,93,81,242,195,139,77,240,51,205,242,232,147,245,255,255,242,233,218,255,255,255,139,77,236,51,205,242,232,130,245,255,255,242,233,201,255,255,12.0,334.0,7.0,0.021,7.0,0,116.0,0
1,0,1,0,1,0,0,1,0,4194304,8192,4,0,57344,28160,512,6144,0,1048576,4096,8192,3,0,1.0,1,0,0,1,0,0,0,0,0,0,0,0,1.004,0,0,42.667,1.004,0,5.611,-1,4.677,2.68,4.254,5.611,255,37,0,32,64,0,0,0,0,0,0,0,0,0,0,0,0,0,0,0,0,0,0,0,0,0,0,0,0,0,0,0,0,0,0,0,0,0,0,0,0,0,0,0,0,0,0,0,0,0,0,0,0,0,0,0,0,0,0,0,0,0,0,0,1.0,0.0,0.0,0.0,1.0,0,26.0,0
1,0,1,0,0,0,0,1,228116,16777216,4096,6,1,188416,43008,1024,133120,0,262144,8192,4096,4,0,1.0,1,1,0,1,1,0,0,0,0,0,0,0,1.01,0,1,1.117,0.454,0,6.128,0.242,7.373,3.905,6.895,6.128,232,7,4,0,0,233,195,253,255,255,204,204,204,204,204,255,37,180,17,0,1,204,204,204,204,204,204,255,37,168,17,0,1,204,204,204,204,204,204,255,37,164,17,0,1,204,204,204,204,204,59,13,4,192,0,1,117,3,194,0,0,233,96,4,8.0,120.0,1.0,0.008,15.0,0,62.0,0
1,0,1,0,0,0,0,0,72233,0,4096,6,1,45056,24576,1024,4608,0,524288,8192,4096,5,0,1.0,1,1,0,1,1,0,0,0,0,0,0,0,1.006,0,1,8.533,0.247,0,5.595,1.177,2.848,3.521,6.255,5.595,72,137,92,36,8,85,86,87,65,84,65,85,65,86,65,87,72,129,236,64,1,0,0,51,255,72,141,140,36,232,0,0,0,51,210,68,141,71,88,137,188,36,224,0,0,0,232,97,35,0,0,51,192,68,141,71,28,72,141,140,36,180,0,0,1.0,41.0,0.0,0.0,1.0,0,8.0,0
1,0,1,0,0,0,0,1,776609,4194304,4096,5,1,741376,424960,1024,303616,0,1048576,4096,4096,5,0,1.0,1,1,0,1,1,0,0,0,0,0,0,0,1.0,0,1,1.017,0.458,0,6.099,2.738,4.566,4.482,5.942,6.099,232,34,166,0,0,233,127,254,255,255,85,139,236,129,236,40,3,0,0,161,240,204,72,0,51,197,137,69,252,131,125,8,255,87,116,9,255,117,8,232,39,55,0,0,89,131,165,224,252,255,255,0,141,133,228,252,255,255,106,76,106,0,80,232,15.0,373.0,6.0,0.016,43.0,0,636.0,0
1,0,1,0,1,0,0,0,97444,4194304,4096,4,0,90112,16384,1024,22016,36352,2097152,4096,4096,6,0,1.0,1,4,0,1,4,0,0,0,0,0,0,0,1.005,1,1,2.667,0.0,0,5.886,0.272,4.063,2.694,2.88,5.886,85,137,229,131,236,8,199,4,36,2,0,0,0,255,21,140,2,65,0,232,168,254,255,255,144,141,180,38,0,0,0,0,85,139,13,196,2,65,0,137,229,93,255,225,141,116,38,0,85,139,13,176,2,65,0,137,229,93,255,225,144,144,144,144,5.0,86.0,9.0,0.105,0.0,1,84.0,0
1,0,1,0,0,0,0,1,209923,4194304,4096,5,1,163840,75264,1024,72192,0,1048576,4096,4096,5,0,1.0,1,1,0,1,1,0,0,0,0,0,0,0,1.001,0,1,1.136,0.388,0,6.335,3.466,3.773,3.849,6.099,6.335,232,70,107,0,0,233,123,254,255,255,106,16,104,88,253,65,0,232,43,13,0,0,51,255,137,125,228,106,1,232,133,0,0,0,89,33,125,252,106,3,94,137,117,224,59,53,132,67,66,0,125,83,161,128,67,66,0,139,4,176,133,192,116,68,6.0,111.0,5.0,0.045,7.0,1,14.0,0
1,0,1,0,0,0,0,0,36955,4194304,4096,4,0,40960,10240,1024,15872,1024,2097152,4096,4096,6,1,0.857,1,5,0,1,5,0,0,0,0,0,0,0,1.022,1,1,16.0,0.0,0,5.692,0.402,-1,2.634,4.626,5.692,131,236,12,199,5,152,99,64,0,0,0,0,0,232,126,17,0,0,131,196,12,233,118,252,255,255,144,144,144,144,144,144,85,137,229,131,236,24,161,44,64,64,0,133,192,116,60,199,4,36,0,80,64,0,255,21,132,113,64,0,131,236,4,133,2.0,68.0,7.0,0.103,30.0,1,-1,0
1,0,1,0,0,0,0,1,188498,4194304,4096,5,1,155648,71168,1024,69120,0,1048576,4096,4096,5,0,1.0,1,1,0,1,1,0,0,0,0,0,0,0,1.007,0,1,1.326,0.398,0,6.299,3.265,3.294,3.994,6.127,6.299,232,253,95,0,0,233,123,254,255,255,106,16,104,152,225,65,0,232,52,13,0,0,51,255,137,125,228,106,1,232,133,0,0,0,89,33,125,252,106,3,94,137,117,224,59,53,68,34,66,0,125,83,161,64,34,66,0,139,4,176,133,192,116,68,6.0,104.0,3.0,0.029,19.0,1,14.0,0
1,0,1,0,0,0,0,1,154163,4194304,4096,5,1,143360,65536,1024,65024,0,1048576,4096,4096,5,0,1.0,1,1,0,1,1,0,0,0,0,0,0,0,1.006,0,1,1.171,0.408,0,6.304,3.239,3.683,3.906,6.137,6.304,232,34,101,0,0,233,123,254,255,255,106,16,104,232,184,65,0,232,40,13,0,0,51,255,137,125,228,106,1,232,133,0,0,0,89,33,125,252,106,3,94,137,117,224,59,53,4,1,66,0,125,83,161,0,1,66,0,139,4,176,133,192,116,68,6.0,95.0,8.0,0.084,6.0,1,14.0,0
1,0,1,0,0,0,0,1,132506,4194304,4096,6,1,163840,114688,1024,41984,0,262144,8192,4096,4,0,1.0,1,1,0,1,1,0,0,0,0,0,0,0,1.003,0,1,1.068,0.016,0,6.126,3.018,4.41,4.023,5.164,6.126,232,6,4,0,0,233,195,253,255,255,204,204,204,204,204,59,13,116,209,65,0,117,3,194,0,0,233,130,4,0,0,204,204,204,204,204,204,255,37,156,18,64,0,204,204,204,204,204,204,255,37,248,18,64,0,204,204,204,204,204,204,204,204,104,7.0,196.0,3.0,0.015,45.0,0,20.0,0
1,0,1,0,1,0,0,0,70158,4194304,8192,4,0,49152,20480,4096,8192,0,1048576,4096,8192,3,0,1.0,1,0,0,1,0,0,0,0,0,0,0,0,1.109,0,0,341.333,1.109,0,4.702,-1,1.908,2.769,4.157,4.702,255,37,0,32,64,0,0,0,0,0,0,0,0,0,0,0,0,0,0,0,0,0,0,0,0,0,0,0,0,0,0,0,0,0,0,0,0,0,0,0,0,0,0,0,0,0,0,0,0,0,0,0,0,0,0,0,0,0,0,0,0,0,0,0,1.0,0.0,0.0,0.0,1.0,0,14.0,0
1,0,1,0,0,0,0,1,725100,4194304,4096,5,1,696320,116224,1024,558592,0,1048576,4096,4096,5,0,1.0,1,1,0,1,1,0,0,0,0,0,0,0,1.0,0,1,1.034,0.364,0,6.263,3.194,6.193,3.639,6.167,6.263,232,184,90,0,0,233,137,254,255,255,139,255,85,139,236,141,69,24,80,106,0,255,117,20,255,117,16,255,117,12,255,117,8,232,40,92,0,0,131,196,24,93,195,139,255,85,139,236,83,139,93,20,86,139,117,8,87,133,219,117,16,133,246,117,9.0,179.0,6.0,0.034,16.0,1,106.0,0
1,0,1,0,0,0,0,1,68214,16777216,4096,6,1,28672,9216,1024,3584,0,262144,8192,4096,4,0,1.0,1,1,0,1,1,0,0,0,0,0,0,0,1.055,0,0,1.164,1.008,0,5.892,0.101,4.385,3.775,3.438,5.892,232,67,255,255,255,106,16,104,144,19,0,1,232,237,10,0,0,51,219,137,93,252,100,161,24,0,0,0,139,112,4,137,93,228,191,36,64,0,1,83,86,87,255,21,44,16,0,1,59,195,15,133,214,0,0,0,51,246,70,161,32,64,0,1,4.0,83.0,1.0,0.012,15.0,0,20.0,0
1,0,1,0,0,0,0,1,98170,16777216,4096,6,1,98304,32256,1024,55808,0,524288,65536,4096,4,0,1.0,1,1,0,1,1,0,0,0,0,0,0,0,1.003,0,1,1.208,0.152,0,6.178,3.01,3.924,3.77,3.262,6.178,232,103,3,0,0,233,195,253,255,255,204,204,204,204,204,255,37,160,17,0,1,204,204,204,204,204,204,255,37,148,17,0,1,204,204,204,204,204,59,13,32,147,0,1,117,3,194,0,0,233,204,3,0,0,204,204,204,204,204,255,37,140,17,0,11.0,118.0,3.0,0.025,5.0,0,14.0,0
1,0,1,0,0,0,0,1,450058,4194304,4096,5,1,430080,113664,1024,302592,0,1048576,4096,4096,5,0,1.0,1,1,0,1,1,0,0,0,0,0,0,0,1.004,0,1,1.026,0.511,0,6.327,3.212,6.096,3.991,6.206,6.327,232,152,178,0,0,233,123,254,255,255,81,141,76,36,8,43,200,131,225,15,3,193,27,201,11,193,89,233,58,254,255,255,81,141,76,36,8,43,200,131,225,7,3,193,27,201,11,193,89,233,36,254,255,255,204,204,204,204,85,139,236,131,236,24,9.0,131.0,10.0,0.076,10.0,1,20.0,0
1,0,1,0,0,0,0,1,3027784,4194304,4096,5,1,3063808,2148864,1024,899072,0,1048576,4096,4096,5,0,1.0,1,1,0,1,1,0,0,0,0,0,0,0,1.0,0,1,1.005,0.405,0,6.271,4.745,4.852,4.258,6.261,6.271,232,191,233,0,0,233,57,254,255,255,86,106,4,106,32,232,150,241,0,0,89,89,139,240,86,255,21,104,229,96,0,163,208,25,107,0,163,204,25,107,0,133,246,117,5,106,24,88,94,195,131,38,0,51,192,94,195,106,12,104,144,96,105,0,23.0,860.0,9.0,0.01,48.0,0,182.0,0
1,0,1,0,0,0,0,1,676564,4194304,4096,5,1,659456,167424,1024,481280,0,1048576,4096,4096,5,0,1.0,1,1,0,1,1,0,0,0,0,0,0,0,1.001,0,1,1.03,0.283,0,6.285,3.704,5.915,4.207,6.012,6.285,232,173,171,0,0,233,123,254,255,255,204,204,204,204,204,204,204,204,204,204,204,204,204,204,204,87,86,139,116,36,16,139,76,36,20,139,124,36,12,139,193,139,209,3,198,59,254,118,8,59,248,15,130,104,3,0,0,15,186,37,24,105,68,0,11.0,170.0,3.0,0.018,15.0,0,20.0,0
1,0,1,0,0,0,0,0,59473,4194304,4096,4,0,61440,14848,1024,34816,3072,2097152,4096,4096,7,1,0.875,1,6,0,1,6,0,0,0,0,0,0,0,1.015,1,1,16.0,0.0,0,5.529,1.188,3.591,2.733,3.336,5.529,131,236,12,199,5,216,131,64,0,1,0,0,0,232,206,35,0,0,131,196,12,233,150,252,255,255,141,182,0,0,0,0,131,236,12,199,5,216,131,64,0,0,0,0,0,232,174,35,0,0,131,196,12,233,118,252,255,255,144,144,144,144,144,144,7.0,118.0,2.0,0.017,10.0,1,54.0,0
1,0,0,0,0,0,0,1,1627718,4194304,4096,5,1,2142208,581632,1024,1533440,0,4194304,4096,4096,5,0,1.0,1,1,0,1,1,0,0,0,0,0,0,0,1.0,0,1,1.007,0.572,0,6.424,1.175,6.517,4.297,6.536,6.424,232,200,208,0,0,233,127,254,255,255,204,204,204,204,204,204,204,204,204,204,204,204,87,86,139,116,36,16,139,76,36,20,139,124,36,12,139,193,139,209,3,198,59,254,118,8,59,248,15,130,104,3,0,0,15,186,37,252,65,76,0,1,115,7,18.0,526.0,7.0,0.013,33.0,0,1230.0,0
1,0,1,0,1,0,0,1,0,4194304,8192,4,0,180224,122368,512,37376,0,1048576,4096,8192,3,0,1.0,1,0,0,1,0,0,0,0,0,0,0,0,1.001,0,0,42.667,1.001,0,7.134,-1,6.644,2.786,6.701,7.134,255,37,0,32,64,0,0,0,0,0,0,0,0,0,0,0,0,0,0,0,0,0,0,0,0,0,0,0,0,0,0,0,0,0,0,0,0,0,0,0,0,0,0,0,0,0,0,0,0,0,0,0,0,0,0,0,0,0,0,0,0,0,0,0,1.0,0.0,0.0,0.0,1.0,0,38.0,0
1,0,1,0,1,0,0,1,0,4194304,8192,4,0,57344,27648,512,6144,0,1048576,4096,8192,3,0,1.0,1,0,0,1,0,0,0,0,0,0,0,0,1.001,0,0,42.667,1.001,0,6.412,-1,5.281,2.688,4.791,6.412,255,37,0,32,64,0,0,0,0,0,0,0,0,0,0,0,0,0,0,0,0,0,0,0,0,0,0,0,0,0,0,0,0,0,0,0,0,0,0,0,0,0,0,0,0,0,0,0,0,0,0,0,0,0,0,0,4,0,3,0,0,0,48,0,1.0,0.0,0.0,0.0,1.0,0,26.0,0
1,0,1,0,0,0,0,1,594129,16777216,4096,6,1,598016,99328,1024,487424,0,262144,8192,4096,4,0,1.0,1,1,0,1,1,0,0,0,0,0,0,0,1.003,0,1,1.056,0.846,0,6.711,3.297,6.15,3.968,6.218,6.711,232,34,3,0,0,233,77,253,255,255,204,204,204,204,204,204,255,37,28,19,0,1,204,204,204,204,204,59,13,184,178,1,1,117,3,194,0,0,233,146,3,0,0,204,204,204,204,204,255,37,184,18,0,1,204,204,204,204,204,204,255,37,200,18,12.0,205.0,3.0,0.015,20.0,0,226.0,0
1,0,1,0,0,0,0,1,198807,4194304,4096,5,1,143360,65536,1024,65024,0,1048576,4096,4096,5,0,1.0,1,1,0,1,1,0,0,0,0,0,0,0,1.007,0,1,1.129,0.408,0,6.297,3.244,3.77,3.994,6.139,6.297,232,52,91,0,0,233,123,254,255,255,106,16,104,88,185,65,0,232,47,13,0,0,51,255,137,125,228,106,1,232,133,0,0,0,89,33,125,252,106,3,94,137,117,224,59,53,4,1,66,0,125,83,161,0,1,66,0,139,4,176,133,192,116,68,6.0,96.0,8.0,0.083,6.0,1,14.0,0
1,0,1,0,0,0,0,1,0,4194304,4096,5,1,40960,11776,1024,16384,0,1048576,4096,4096,5,0,1.0,1,1,0,1,1,0,0,0,0,0,0,0,1.037,0,1,1.096,0.404,0,5.729,4.842,5.123,3.75,4.841,5.729,232,122,3,0,0,233,99,253,255,255,139,255,85,139,236,139,69,8,139,0,129,56,99,115,109,224,117,42,131,120,16,3,117,36,139,64,20,61,32,5,147,25,116,21,61,33,5,147,25,116,14,61,34,5,147,25,116,7,61,0,64,153,1,117,4.0,93.0,7.0,0.075,45.0,1,26.0,0
1,0,1,0,0,0,0,1,113980,4194304,4096,10,0,77824,22016,1024,41984,0,262144,4096,4096,5,0,1.0,1,1,0,1,1,0,0,0,0,0,0,0,1.01,0,1,1.058,0.331,0,5.922,2.548,3.643,3.815,5.427,5.922,232,51,6,0,0,233,46,254,255,255,204,204,204,204,204,204,255,37,24,129,64,0,204,204,204,204,204,204,204,204,204,204,59,13,0,112,64,0,117,3,194,0,0,233,250,0,0,0,204,204,204,204,204,106,24,104,160,100,64,0,232,195,6,0,5.0,68.0,3.0,0.044,6.0,0,20.0,0
1,0,1,0,0,0,0,1,92673,4194304,4096,5,0,40960,3584,1024,26112,0,1048576,4096,4096,5,0,1.0,1,1,0,1,1,0,0,0,0,0,0,0,1.117,0,1,1.117,0.399,0,5.42,1.919,3.557,3.83,5.16,5.42,232,147,4,0,0,233,55,253,255,255,59,13,40,48,64,0,117,2,243,195,233,21,5,0,0,139,255,85,139,236,246,69,8,2,87,139,249,116,37,86,104,196,27,64,0,141,119,252,255,54,106,12,87,232,69,1,0,0,246,69,8,1,116,7,6.0,101.0,0.0,0.0,1.0,0,44.0,0
1,0,1,0,0,0,0,1,91621,16777216,4096,6,1,81920,60928,1024,10240,0,262144,8192,4096,4,0,1.0,1,1,0,1,1,0,0,0,0,0,0,0,1.001,0,1,1.118,0.316,0,5.261,0.895,4.169,3.78,4.805,5.261,232,199,3,0,0,233,194,253,255,255,204,204,204,204,204,204,255,37,96,17,0,1,204,204,204,204,204,204,255,37,92,17,0,1,204,204,204,204,204,204,104,166,192,0,1,100,255,53,0,0,0,0,139,68,36,16,137,108,36,16,141,108,36,16,5.0,97.0,2.0,0.021,10.0,0,14.0,0
1,0,1,0,1,0,0,0,73608,4194304,8192,4,0,49152,20480,4096,8192,0,1048576,4096,8192,3,0,1.0,1,0,0,1,0,0,0,0,0,0,0,0,1.125,0,0,341.333,1.125,0,4.604,-1,1.892,2.783,4.108,4.604,255,37,0,32,64,0,0,0,0,0,0,0,0,0,0,0,0,0,0,0,0,0,0,0,0,0,0,0,0,0,0,0,0,0,0,0,0,0,0,0,0,0,0,0,0,0,0,0,0,0,0,0,0,0,0,0,0,0,0,0,0,0,0,0,1.0,0.0,0.0,0.0,1.0,0,14.0,0
1,0,1,0,0,0,0,1,110763,16777216,4096,6,1,122880,60416,1024,54784,0,262144,8192,4096,4,0,1.0,1,1,0,1,1,0,0,0,0,0,0,0,1.002,0,1,1.074,0.6,0,6.337,2.391,3.761,3.8,4.713,6.337,232,119,3,0,0,233,195,253,255,255,204,204,204,204,204,255,37,120,17,0,1,204,204,204,204,204,59,13,120,77,1,1,117,3,194,0,0,233,232,3,0,0,204,204,204,204,204,255,37,100,17,0,1,204,204,204,204,204,204,255,37,92,17,0,8.0,106.0,1.0,0.009,1.0,0,36.0,0
1,0,1,0,0,0,0,1,182227,4194304,4096,5,1,159744,74752,1024,66048,0,1048576,4096,4096,5,0,1.0,1,1,0,1,1,0,0,0,0,0,0,0,1.004,0,1,1.11,0.409,0,6.281,3.259,3.83,3.907,6.09,6.281,232,13,112,0,0,233,123,254,255,255,85,139,236,129,236,40,3,0,0,161,208,0,66,0,51,197,137,69,252,131,125,8,255,87,116,9,255,117,8,232,15,113,0,0,89,131,165,224,252,255,255,0,141,133,228,252,255,255,106,76,106,0,80,232,6.0,96.0,8.0,0.083,6.0,1,14.0,0
1,0,1,0,0,0,0,1,47242,4194304,4096,5,0,40960,3072,1024,26112,0,1048576,4096,4096,5,0,1.0,1,1,0,1,1,0,0,0,0,0,0,0,1.018,0,1,1.133,0.396,0,5.735,2.022,4.199,3.865,5.437,5.735,232,147,4,0,0,233,55,253,255,255,59,13,40,48,64,0,117,2,243,195,233,21,5,0,0,139,255,85,139,236,246,69,8,2,87,139,249,116,37,86,104,68,27,64,0,141,119,252,255,54,106,12,87,232,69,1,0,0,246,69,8,1,116,7,6.0,95.0,0.0,0.0,1.0,0,44.0,0
1,0,1,0,0,0,0,1,61203,16777216,4096,6,1,49152,29184,1024,6144,0,262144,8192,4096,4,0,1.0,1,1,0,1,1,0,0,0,0,0,0,0,1.014,0,1,1.19,0.416,0,5.973,0.653,3.85,3.809,4.827,5.973,232,242,2,0,0,233,195,253,255,255,204,204,204,204,204,59,13,48,144,0,1,117,3,194,0,0,233,110,3,0,0,204,204,204,204,204,255,37,156,17,0,1,204,204,204,204,204,139,255,85,139,236,139,69,8,139,0,129,56,99,115,109,224,117,10.0,107.0,3.0,0.028,14.0,0,20.0,0
1,0,1,0,0,0,0,1,2736720,4194304,4096,5,1,2871296,763904,1024,1943552,0,1048576,4096,4096,5,0,1.0,1,1,0,1,1,0,0,0,0,0,0,0,1.0,0,1,1.004,0.2,0,6.154,2.644,5.832,4.295,5.806,6.154,232,59,238,0,0,233,127,254,255,255,204,204,204,204,204,204,204,204,204,204,204,204,204,204,81,141,76,36,8,43,200,131,225,15,3,193,27,201,11,193,89,233,90,205,255,255,81,141,76,36,8,43,200,131,225,7,3,193,27,201,11,193,89,233,18.0,520.0,8.0,0.015,75.0,0,638.0,0
1,0,1,0,0,0,0,1,121322,4194304,4096,5,1,65536,18944,1024,32256,0,1048576,4096,4096,5,0,1.0,1,1,0,1,1,0,0,0,0,0,0,0,1.024,0,1,1.178,0.431,0,5.895,2.936,4.135,3.899,5.2,5.895,232,102,3,0,0,233,3,254,255,255,204,255,37,124,96,64,0,255,37,252,96,64,0,255,37,132,96,64,0,255,37,136,96,64,0,204,204,204,204,104,9,81,64,0,100,255,53,0,0,0,0,139,68,36,16,137,108,36,16,141,108,36,16,43,5.0,63.0,0.0,0.0,13.0,0,236.0,0
1,0,1,0,1,0,0,0,82589,4194304,8192,4,0,49152,24576,4096,8192,0,1048576,4096,8192,3,0,1.0,1,0,0,1,0,0,0,0,0,0,0,0,1.137,0,0,341.333,1.137,0,4.786,-1,1.203,2.766,4.157,4.786,255,37,0,32,64,0,0,0,0,0,0,0,0,0,0,0,0,0,0,0,0,0,0,0,0,0,0,0,0,0,0,0,0,0,0,0,0,0,0,0,0,0,0,0,0,0,0,0,0,0,0,0,0,0,0,0,0,0,0,0,0,0,0,0,1.0,0.0,0.0,0.0,1.0,0,8.0,0
1,0,1,0,0,0,0,1,182879,4194304,4096,5,1,151552,67584,1024,66048,0,1048576,4096,4096,5,0,1.0,1,1,0,1,1,0,0,0,0,0,0,0,1.004,0,1,1.143,0.408,0,6.295,3.225,3.776,3.935,6.099,6.295,232,209,91,0,0,233,123,254,255,255,85,139,236,129,236,40,3,0,0,161,208,224,65,0,51,197,137,69,252,131,125,8,255,87,116,9,255,117,8,232,115,84,0,0,89,131,165,224,252,255,255,0,141,133,228,252,255,255,106,76,106,0,80,232,6.0,100.0,9.0,0.09,6.0,1,14.0,0
1,0,1,0,0,0,0,1,834864,16777216,4096,6,1,786432,339456,1024,435712,0,262144,8192,4096,4,0,1.0,1,1,0,1,1,0,0,0,0,0,0,0,1.001,0,0,1.019,1.0,0,6.073,1.19,7.379,3.74,6.866,6.073,232,75,253,255,255,106,88,104,232,46,1,1,232,235,153,255,255,51,219,137,93,228,137,93,252,141,69,152,80,255,21,76,17,0,1,199,69,252,254,255,255,255,199,69,252,1,0,0,0,100,161,24,0,0,0,139,112,4,191,104,74,5,1,106,16.0,379.0,3.0,0.008,5.0,0,382.0,0
1,0,1,0,1,0,0,1,69956,4194304,8192,4,0,57344,8192,512,27648,0,1048576,4096,8192,3,0,1.0,1,0,0,1,0,0,0,0,0,0,0,0,1.046,0,0,42.667,1.001,0,5.47,-1,5.831,2.74,4.747,5.47,255,37,0,32,64,0,0,0,0,0,0,0,0,0,0,0,0,0,0,0,0,0,0,0,0,0,0,0,0,0,0,0,0,0,0,0,0,0,0,0,0,0,0,0,0,0,0,0,0,0,0,0,0,0,0,0,0,0,0,0,0,0,0,0,1.0,0.0,0.0,0.0,1.0,0,58.0,0
1,0,1,0,0,0,0,1,177326,4194304,4096,5,1,143360,60928,1024,68608,0,1048576,4096,4096,5,0,1.0,1,1,0,1,1,0,0,0,0,0,0,0,1.006,0,1,1.112,0.406,0,6.29,3.378,3.918,3.763,6.158,6.29,232,11,75,0,0,233,0,0,0,0,106,20,104,0,172,65,0,232,202,31,0,0,232,18,20,0,0,15,183,240,106,2,232,158,74,0,0,89,184,77,90,0,0,102,57,5,0,0,64,0,116,4,51,219,235,51,161,60,0,64,0,129,184,0,6.0,125.0,5.0,0.04,14.0,1,24.0,0
1,0,1,0,1,0,0,1,133674,4194304,4096,5,0,233472,48128,1024,171520,0,32768,32768,4096,5,0,1.0,1,1,0,1,1,0,0,0,0,0,0,0,1.004,0,1,1.12,0.007,0,6.092,2.513,3.384,3.54,2.892,6.092,85,139,236,129,236,132,0,0,0,83,86,87,255,21,60,209,64,0,104,219,53,64,0,163,72,57,65,0,255,21,64,209,64,0,255,21,68,209,64,0,141,157,124,255,255,255,141,117,252,232,33,255,255,255,139,240,139,195,80,255,117,252,232,23,7.0,163.0,8.0,0.049,20.0,0,30.0,0
1,0,1,0,1,0,0,0,45830,4194304,4096,4,0,90112,16384,1024,22016,36352,2097152,4096,4096,6,0,1.0,1,4,0,1,4,0,0,0,0,0,0,0,1.005,1,1,2.667,0.0,0,5.886,0.272,4.052,2.66,2.877,5.886,85,137,229,131,236,8,199,4,36,2,0,0,0,255,21,140,2,65,0,232,168,254,255,255,144,141,180,38,0,0,0,0,85,139,13,196,2,65,0,137,229,93,255,225,141,116,38,0,85,139,13,176,2,65,0,137,229,93,255,225,144,144,144,144,5.0,86.0,9.0,0.105,0.0,1,84.0,0
1,0,1,0,0,0,0,1,334620,4194304,4096,5,1,294912,86016,1024,195584,0,1048576,4096,4096,5,0,1.0,1,1,0,1,1,0,0,0,0,0,0,0,1.001,0,1,1.084,0.363,0,6.314,3.337,6.212,3.9,6.232,6.314,232,130,105,0,0,233,123,254,255,255,85,139,236,129,236,40,3,0,0,161,208,48,66,0,51,197,137,69,252,131,125,8,255,87,116,9,255,117,8,232,166,98,0,0,89,131,165,224,252,255,255,0,141,133,228,252,255,255,106,76,106,0,80,232,6.0,121.0,10.0,0.083,18.0,1,20.0,0
1,0,0,0,0,0,0,1,1451015,16777216,4096,6,1,1413120,998912,1024,402432,0,262144,81200,4096,4,0,1.0,1,1,0,1,1,0,0,0,0,0,0,0,1.0,0,1,1.004,0.975,0,6.017,4.727,6.168,4.215,6.294,6.017,232,98,252,255,255,106,92,104,128,252,3,1,232,209,169,252,255,51,219,137,93,228,137,93,252,141,69,148,80,255,21,64,30,0,1,199,69,252,254,255,255,255,199,69,252,1,0,0,0,100,161,24,0,0,0,139,112,4,137,93,224,191,28,86,12.0,972.0,8.0,0.008,24.0,0,208.0,0
1,0,1,0,1,0,0,0,93754,4194304,8192,4,0,81920,53248,4096,8192,0,1048576,4096,8192,3,0,1.0,1,0,0,1,0,0,0,0,0,0,0,0,1.083,0,0,341.333,1.083,0,5.236,-1,2.088,2.778,4.824,5.236,255,37,0,32,64,0,0,0,0,0,0,0,0,0,0,0,0,0,0,0,0,0,0,0,0,0,0,0,0,0,0,0,0,0,0,0,0,0,0,0,0,0,0,0,0,0,0,0,0,0,0,0,0,0,0,0,0,0,0,0,0,0,0,0,1.0,0.0,0.0,0.0,1.0,0,14.0,0
1,0,1,0,0,0,0,1,272847,16777216,4096,6,1,229376,39936,1024,179712,0,262144,8192,4096,4,0,1.0,1,1,0,1,1,0,0,0,0,0,0,0,1.004,0,1,1.005,0.472,0,6.048,1.96,6.412,3.837,6.333,6.048,232,102,4,0,0,233,77,253,255,255,204,204,204,204,204,204,255,37,204,18,0,1,204,204,204,204,204,59,13,160,176,0,1,117,3,194,0,0,233,214,4,0,0,204,204,204,204,204,104,184,103,0,1,100,255,53,0,0,0,0,139,68,36,16,13.0,180.0,2.0,0.011,6.0,0,170.0,0
1,0,1,0,0,0,0,1,75530,4194304,4096,5,0,40960,3584,1024,26112,0,1048576,4096,4096,5,0,1.0,1,1,0,1,1,0,0,0,0,0,0,0,1.117,0,1,1.117,0.396,0,5.424,1.945,4.965,3.837,5.829,5.424,232,153,4,0,0,233,55,253,255,255,59,13,40,48,64,0,117,2,243,195,233,27,5,0,0,139,255,85,139,236,246,69,8,2,87,139,249,116,37,86,104,196,27,64,0,141,119,252,255,54,106,12,87,232,69,1,0,0,246,69,8,1,116,7,6.0,102.0,0.0,0.0,1.0,0,44.0,0
1,0,1,0,0,0,0,1,304493,4194304,4096,5,1,258048,79360,1024,161280,0,1048576,4096,4096,5,0,1.0,1,1,0,1,1,0,0,0,0,0,0,0,1.006,0,1,1.102,0.401,0,6.303,3.555,6.847,3.914,6.499,6.303,232,249,101,0,0,233,123,254,255,255,106,16,104,112,255,65,0,232,42,13,0,0,51,255,137,125,228,106,1,232,133,0,0,0,89,33,125,252,106,3,94,137,117,224,59,53,228,65,66,0,125,83,161,224,65,66,0,139,4,176,133,192,116,68,6.0,123.0,10.0,0.081,14.0,1,74.0,0
1,0,1,0,0,0,0,1,42859,4194304,4096,6,3,40960,16896,1024,9216,0,262144,8192,4096,5,0,1.0,1,1,0,1,1,0,0,0,0,0,0,0,1.008,0,1,1.236,0.296,0,5.836,0.55,3.972,3.725,3.901,5.836,232,85,3,0,0,233,99,254,255,255,204,204,204,204,204,59,13,4,96,64,0,117,3,194,0,0,233,190,4,0,0,204,204,204,204,204,106,20,104,32,81,64,0,232,246,3,0,0,131,101,220,0,161,184,102,64,0,137,69,228,131,248,255,117,7.0,65.0,3.0,0.046,3.0,0,14.0,0
1,0,1,0,0,0,0,1,137818,16777216,4096,6,1,90112,4096,1024,72192,0,262144,8192,4096,4,0,1.0,1,1,0,1,1,0,0,0,0,0,0,0,1.11,0,1,1.822,0.577,0,5.54,0.205,7.126,3.803,6.427,5.54,232,245,2,0,0,233,78,253,255,255,204,204,204,204,204,59,13,0,32,0,1,117,3,194,0,0,233,113,3,0,0,204,204,204,204,204,139,255,85,139,236,139,69,8,139,0,129,56,99,115,109,224,117,43,131,120,16,3,117,37,139,64,20,61,6.0,34.0,1.0,0.029,14.0,0,68.0,0
1,0,1,0,0,0,0,1,68655,16777216,4096,6,1,45056,19968,1024,13824,0,262144,8192,4096,4,0,1.0,1,1,0,1,1,0,0,0,0,0,0,0,1.01,0,1,1.245,0.055,0,5.934,2.27,3.753,3.83,3.986,5.934,232,115,5,0,0,233,195,253,255,255,204,204,204,204,204,255,37,232,16,0,1,204,204,204,204,204,139,255,85,139,236,86,139,241,255,21,200,16,0,1,246,69,8,1,116,7,86,232,184,252,255,255,89,139,198,94,93,194,4,0,204,204,204,204,6.0,81.0,1.0,0.012,2.0,0,20.0,0
1,0,1,0,0,0,0,1,72370,16777216,4096,6,1,65536,45056,1024,13824,0,262144,8192,4096,4,0,1.0,1,1,0,1,1,0,0,0,0,0,0,0,1.005,0,1,1.061,0.071,0,6.079,2.91,4.389,3.795,5.195,6.079,232,181,3,0,0,233,195,253,255,255,204,204,204,204,204,59,13,44,192,0,1,117,3,194,0,0,233,49,4,0,0,204,204,204,204,204,204,255,37,236,17,0,1,204,204,204,204,204,204,255,37,240,17,0,1,204,204,204,204,204,204,255,37,244,8.0,170.0,2.0,0.012,27.0,0,20.0,0
1,0,1,0,0,0,0,1,51054,16777216,4096,6,1,57344,33792,1024,12800,0,262144,8192,4096,4,0,1.0,1,1,0,1,1,0,0,0,0,0,0,0,1.005,0,1,1.102,0.481,0,5.978,6.091,4.317,3.864,5.101,5.978,232,145,13,0,0,233,78,253,255,255,204,204,204,204,204,204,255,37,168,17,0,1,204,204,204,204,204,204,255,37,164,17,0,1,204,204,204,204,204,106,20,104,232,136,0,1,232,13,1,0,0,131,101,252,0,255,77,16,120,59,139,77,8,43,6.0,114.0,2.0,0.018,8.0,0,30.0,0
1,0,1,0,0,0,0,1,154549,4194304,4096,5,0,131072,66048,1024,43008,0,1048576,4096,4096,5,0,1.0,1,1,0,1,1,0,0,0,0,0,0,0,1.003,0,1,1.066,0.418,0,6.376,3.252,3.691,3.75,5.912,6.376,232,249,66,0,0,233,120,254,255,255,139,255,85,139,236,129,236,40,3,0,0,163,88,148,65,0,137,13,84,148,65,0,137,21,80,148,65,0,137,29,76,148,65,0,137,53,72,148,65,0,137,61,68,148,65,0,102,140,21,112,148,65,0,102,6.0,172.0,11.0,0.064,11.0,0,76.0,0
1,0,1,0,0,0,0,1,34112,16777216,4096,6,1,40960,24576,1024,5120,0,262144,8192,4096,4,0,1.0,1,1,0,1,1,0,0,0,0,0,0,0,1.016,0,1,1.016,0.427,0,5.979,0.242,4.373,3.766,4.934,5.979,232,50,3,0,0,233,195,253,255,255,204,204,204,204,204,59,13,0,112,0,1,117,3,194,0,0,233,174,3,0,0,204,204,204,204,204,255,37,60,17,0,1,204,204,204,204,204,204,204,204,204,204,204,204,81,141,76,36,4,43,200,27,192,247,6.0,87.0,3.0,0.034,49.0,0,20.0,0
1,0,1,0,0,0,0,1,218619,4194304,4096,5,1,204800,92160,1024,99840,0,1048576,4096,4096,5,0,1.0,1,1,0,1,1,0,0,0,0,0,0,0,1.001,0,1,1.167,0.126,0,6.282,3.244,3.117,3.88,5.619,6.282,232,188,114,0,0,233,123,254,255,255,85,139,236,129,236,40,3,0,0,161,208,80,66,0,51,197,137,69,252,131,125,8,255,87,116,9,255,117,8,232,190,115,0,0,89,131,165,224,252,255,255,0,141,133,228,252,255,255,106,76,106,0,80,232,6.0,101.0,9.0,0.089,8.0,1,30.0,0
1,0,1,0,0,0,0,1,338665,16777216,4096,6,1,376832,247808,1024,116736,0,262144,8192,4096,4,0,1.0,1,1,0,1,1,0,0,0,0,0,0,0,1.002,0,1,1.221,0.601,0,5.027,5.534,3.796,4.044,5.227,5.027,232,93,10,0,0,233,195,253,255,255,204,204,204,204,204,59,13,224,177,4,1,117,3,194,0,0,233,217,10,0,0,204,204,204,204,204,204,204,204,104,136,137,3,1,100,255,53,0,0,0,0,139,68,36,16,137,108,36,16,141,108,36,16,43,11.0,176.0,4.0,0.023,19.0,0,20.0,0
1,0,1,0,0,0,0,1,29640,16777216,4096,6,1,69632,10240,1024,48640,0,262144,8192,4096,4,0,1.0,1,1,0,1,1,0,0,0,0,0,0,0,1.02,0,1,1.277,0.011,0,6.1,0.242,3.863,3.712,1.701,6.1,232,247,2,0,0,233,195,253,255,255,204,204,204,204,204,59,13,8,64,0,1,117,3,194,0,0,233,115,3,0,0,204,204,204,204,204,204,255,37,176,16,0,1,204,204,204,204,204,139,255,85,139,236,139,69,8,139,0,129,56,99,115,109,224,7.0,63.0,3.0,0.048,3.0,0,20.0,0
1,0,1,0,0,0,0,1,86533,4194304,4096,5,0,40960,3072,1024,26112,0,1048576,4096,4096,5,0,1.0,1,1,0,1,1,0,0,0,0,0,0,0,1.013,0,1,1.128,0.399,0,5.743,1.939,4.098,3.881,5.422,5.743,232,147,4,0,0,233,55,253,255,255,59,13,40,48,64,0,117,2,243,195,233,21,5,0,0,139,255,85,139,236,246,69,8,2,87,139,249,116,37,86,104,68,27,64,0,141,119,252,255,54,106,12,87,232,69,1,0,0,246,69,8,1,116,7,7.0,96.0,0.0,0.0,1.0,0,44.0,0
1,0,1,0,0,0,0,1,189022,4194304,4096,5,1,151552,68096,1024,66048,0,1048576,4096,4096,5,0,1.0,1,1,0,1,1,0,0,0,0,0,0,0,1.007,0,1,1.157,0.407,0,6.285,3.233,3.746,3.991,6.108,6.285,232,161,89,0,0,233,123,254,255,255,106,16,104,88,202,65,0,232,44,13,0,0,51,255,137,125,228,106,1,232,133,0,0,0,89,33,125,252,106,3,94,137,117,224,59,53,36,17,66,0,125,83,161,32,17,66,0,139,4,176,133,192,116,68,6.0,104.0,9.0,0.087,6.0,1,14.0,0
1,0,1,0,0,0,0,1,107858,16777216,4096,6,1,73728,34304,1024,27136,0,262144,8192,4096,4,0,1.0,1,1,0,1,1,0,0,0,0,0,0,0,1.013,0,1,1.114,0.049,0,6.061,3.896,4.312,3.803,4.079,6.061,232,47,3,0,0,233,195,253,255,255,204,204,204,204,204,59,13,112,163,0,1,117,3,194,0,0,233,171,3,0,0,204,204,204,204,204,204,255,37,232,17,0,1,204,204,204,204,204,204,255,37,252,17,0,1,204,204,204,204,204,204,204,204,204,6.0,148.0,5.0,0.034,4.0,0,20.0,0
1,0,1,0,0,0,0,1,180060,4194304,4096,5,1,176128,82432,1024,77824,0,1048576,4096,4096,5,0,1.0,1,1,0,1,1,0,0,0,0,0,0,0,1.001,0,1,1.143,0.411,0,6.362,3.655,3.776,4.051,6.143,6.362,232,34,125,0,0,233,123,254,255,255,85,139,236,129,236,40,3,0,0,161,0,65,66,0,51,197,137,69,252,131,125,8,255,87,116,9,255,117,8,232,48,83,0,0,89,131,165,224,252,255,255,0,141,133,228,252,255,255,106,76,106,0,80,232,6.0,101.0,3.0,0.03,6.0,1,14.0,0
1,0,1,0,0,0,0,1,103733,4194304,4096,6,3,81920,48640,1024,23040,0,262144,8192,4096,5,0,1.0,1,1,0,1,1,0,0,0,0,0,0,0,1.003,0,1,1.064,0.924,0,5.969,0.275,4.644,3.764,4.969,5.969,232,170,4,0,0,233,5,0,0,0,204,204,204,204,204,106,88,104,112,204,64,0,232,96,5,0,0,51,219,137,93,224,137,93,252,141,69,152,80,255,21,120,0,65,0,199,69,252,254,255,255,255,199,69,252,1,0,0,0,100,161,24,0,0,8.0,141.0,6.0,0.043,12.0,0,14.0,0
1,0,1,0,0,0,0,1,64472,16777216,4096,6,1,86016,38400,1024,31744,0,262144,8192,4096,4,0,1.0,1,1,0,1,1,0,0,0,0,0,0,0,1.003,0,1,1.085,0.062,0,6.075,2.65,4.279,3.839,4.028,6.075,232,58,4,0,0,233,195,253,255,255,204,204,204,204,204,204,255,37,32,17,0,1,204,204,204,204,204,204,204,204,128,249,64,115,21,128,249,32,115,6,15,165,194,211,224,195,139,208,51,192,128,225,31,211,226,195,51,192,51,210,195,204,204,204,9.0,119.0,2.0,0.017,3.0,0,14.0,0
1,0,1,0,0,0,0,1,51738,16777216,4096,6,1,36864,16384,1024,9728,0,262144,8192,4096,4,0,1.0,1,1,0,1,1,0,0,0,0,0,0,0,1.031,0,1,1.376,0.178,0,5.982,5.272,4.403,3.771,4.161,5.982,232,39,3,0,0,233,195,253,255,255,204,204,204,204,204,59,13,128,82,0,1,117,3,194,0,0,233,163,3,0,0,204,204,204,204,204,204,255,37,92,17,0,1,204,204,204,204,204,204,255,37,84,17,0,1,204,204,204,204,204,204,255,37,216,7.0,84.0,2.0,0.024,4.0,0,20.0,0
1,0,1,0,0,0,0,1,34930,4194304,4096,5,1,24576,3072,1024,6144,0,1048576,4096,4096,5,0,1.0,1,1,0,1,1,0,0,0,0,0,0,0,1.081,0,1,1.178,0.564,0,5.828,0.234,5.215,3.665,3.09,5.828,232,136,3,0,0,233,179,253,255,255,59,13,24,48,64,0,117,2,243,195,233,15,4,0,0,139,255,85,139,236,139,69,8,139,0,129,56,99,115,109,224,117,42,131,120,16,3,117,36,139,64,20,61,32,5,147,25,116,21,61,33,5,147,25,4.0,47.0,0.0,0.0,20.0,0,14.0,0
1,0,1,0,0,0,0,1,892335,4194304,4096,5,1,901120,92672,1024,799744,0,1048576,4096,4096,5,0,1.0,1,1,0,1,1,0,0,0,0,0,0,0,1.004,0,1,1.011,0.971,0,6.381,0.293,3.453,3.987,3.276,6.381,232,181,122,0,0,233,123,254,255,255,85,139,236,129,236,40,3,0,0,161,128,50,66,0,51,197,137,69,252,131,125,8,255,87,116,9,255,117,8,232,70,104,0,0,89,131,165,224,252,255,255,0,141,133,228,252,255,255,106,76,106,0,80,232,6.0,114.0,3.0,0.026,9.0,0,24.0,0
1,0,1,0,0,0,0,1,57223,16777216,4096,6,1,28672,11776,1024,4096,0,262144,8192,4096,4,0,1.0,1,1,0,1,1,0,0,0,0,0,0,0,1.031,0,1,1.225,0.577,0,5.812,0.205,4.383,3.772,4.003,5.812,232,60,3,0,0,233,195,253,255,255,204,204,204,204,204,204,204,204,104,20,42,0,1,100,255,53,0,0,0,0,139,68,36,16,137,108,36,16,141,108,36,16,43,224,83,86,87,161,12,64,0,1,49,69,252,51,197,137,69,228,80,137,101,232,4.0,92.0,1.0,0.011,15.0,0,20.0,0
1,0,1,0,0,0,0,1,104824,16777216,4096,6,1,65536,40448,1024,18944,0,262144,8192,4096,4,0,1.0,1,1,0,1,1,0,0,0,0,0,0,0,1.002,0,1,1.08,0.128,0,5.76,5.78,3.72,4.019,4.888,5.76,232,216,10,0,0,233,195,253,255,255,204,204,204,204,204,59,13,4,176,0,1,117,3,194,0,0,233,84,11,0,0,204,204,204,204,204,204,204,204,87,86,83,51,255,139,68,36,20,11,192,125,20,71,139,84,36,16,247,216,247,218,131,216,0,6.0,121.0,3.0,0.025,3.0,0,34.0,0
1,0,1,0,0,0,0,1,359229,1255145472,4096,6,1,311296,142848,1024,158720,0,1048576,1036288,4096,4,0,1.0,1,1,0,1,1,0,0,0,0,0,0,0,1.003,0,0,1.03,1.002,0,6.266,0.174,4.001,3.994,4.26,6.266,232,234,249,255,255,106,16,104,136,131,208,74,232,159,163,255,255,51,219,137,93,252,100,161,24,0,0,0,139,112,4,137,93,228,191,4,66,210,74,83,86,87,255,21,116,17,208,74,59,195,15,133,210,0,0,0,51,246,70,161,0,66,210,74,4.0,228.0,5.0,0.022,68.0,0,68.0,0
1,0,1,0,0,0,0,1,59432,16777216,4096,6,1,36864,17920,1024,6144,0,262144,8192,4096,4,0,1.0,1,1,0,1,1,0,0,0,0,0,0,0,1.004,0,1,1.231,0.401,0,6.227,0.319,3.777,3.8,4.368,6.227,232,177,3,0,0,233,195,253,255,255,204,204,204,204,204,59,13,0,96,0,1,117,3,194,0,0,233,45,4,0,0,204,204,204,204,204,204,255,37,244,16,0,1,204,204,204,204,204,204,255,37,192,16,0,1,204,204,204,204,204,139,255,85,139,5.0,74.0,4.0,0.054,8.0,0,20.0,0
1,0,1,0,1,0,0,0,62997,4194304,4096,4,0,90112,16384,1024,22016,36352,2097152,4096,4096,6,0,1.0,1,4,0,1,4,0,0,0,0,0,0,0,1.005,1,1,2.667,0.0,0,5.886,0.272,4.072,2.708,2.882,5.886,85,137,229,131,236,8,199,4,36,2,0,0,0,255,21,140,2,65,0,232,168,254,255,255,144,141,180,38,0,0,0,0,85,139,13,196,2,65,0,137,229,93,255,225,141,116,38,0,85,139,13,176,2,65,0,137,229,93,255,225,144,144,144,144,5.0,86.0,9.0,0.105,0.0,1,84.0,0
1,0,1,0,1,0,0,1,106373,4194304,8192,4,0,73728,36864,4096,16384,0,1048576,4096,8192,3,0,1.0,1,0,0,1,0,0,0,0,0,0,0,0,1.063,0,0,341.333,1.063,0,5.642,-1,4.537,2.739,4.443,5.642,255,37,0,32,64,0,0,0,0,0,0,0,0,0,0,0,0,0,0,0,0,0,0,0,0,0,0,0,0,0,0,0,0,0,0,0,0,0,0,0,0,0,0,0,0,0,0,0,0,0,0,0,0,0,0,0,0,0,0,0,0,0,0,0,1.0,0.0,0.0,0.0,1.0,0,38.0,0
1,0,1,0,0,0,0,1,84117,4194304,4096,5,1,86016,38400,1024,24064,0,1048576,4096,4096,5,0,1.0,1,1,0,1,1,0,0,0,0,0,0,0,1.008,0,1,1.171,0.349,0,6.174,2.323,4.463,3.582,4.714,6.174,232,18,43,0,0,233,149,254,255,255,139,255,85,139,236,131,236,32,139,69,8,86,87,106,8,89,190,184,177,64,0,141,125,224,243,165,137,69,248,139,69,12,95,137,69,252,94,133,192,116,12,246,0,8,116,7,199,69,244,0,64,153,1,141,2.0,66.0,3.0,0.045,4.0,1,14.0,0
1,0,1,0,0,0,0,1,397800,4194304,4096,5,1,385024,215552,1024,158720,0,1048576,4096,4096,5,0,1.0,1,1,0,1,1,0,0,0,0,0,0,0,1.002,0,1,1.153,0.635,0,6.321,2.276,4.409,4.108,6.076,6.321,232,246,203,0,0,233,123,254,255,255,204,204,204,204,204,204,204,204,204,204,204,81,141,76,36,8,43,200,131,225,15,3,193,27,201,11,193,89,233,154,177,255,255,81,141,76,36,8,43,200,131,225,7,3,193,27,201,11,193,89,233,132,177,255,14.0,195.0,4.0,0.021,20.0,1,14.0,0
1,0,1,0,0,0,0,1,2470825,4194304,4096,5,1,4349952,301056,1024,4031488,0,1048576,4096,4096,5,0,1.0,1,1,0,1,1,0,0,0,0,0,0,0,1.002,0,1,1.021,0.043,0,6.249,1.658,5.741,4.117,3.791,6.249,232,39,175,0,0,233,0,0,0,0,106,20,104,88,17,70,0,232,238,57,0,0,232,212,105,0,0,15,183,240,106,2,232,186,174,0,0,89,184,77,90,0,0,102,57,5,0,0,64,0,116,4,51,219,235,51,161,60,0,64,0,129,184,0,13.0,327.0,8.0,0.024,17.0,0,326.0,0
1,0,1,0,0,0,0,1,358026,4194304,4096,5,1,303104,93696,1024,195584,0,1048576,4096,4096,5,0,1.0,1,1,0,1,1,0,0,0,0,0,0,0,1.004,0,1,1.08,0.357,0,6.277,3.343,6.194,3.946,6.222,6.277,232,89,144,0,0,233,123,254,255,255,85,139,236,129,236,40,3,0,0,161,208,80,66,0,51,197,137,69,252,131,125,8,255,87,116,9,255,117,8,232,19,138,0,0,89,131,165,224,252,255,255,0,141,133,228,252,255,255,106,76,106,0,80,232,7.0,133.0,10.0,0.075,27.0,1,20.0,0
1,0,1,0,0,0,0,1,381312,4194304,4096,5,1,512000,99840,1024,400896,0,1048576,4096,4096,5,0,1.0,1,1,0,1,1,0,0,0,0,0,0,0,1.003,0,1,1.029,0.049,0,6.277,2.136,6.198,3.966,4.591,6.277,232,21,119,0,0,233,123,254,255,255,85,139,236,129,236,40,3,0,0,161,48,161,66,0,51,197,137,69,252,131,125,8,255,87,116,9,255,117,8,232,123,91,0,0,89,131,165,224,252,255,255,0,141,133,228,252,255,255,106,76,106,0,80,232,7.0,158.0,3.0,0.019,43.0,1,26.0,0
1,0,1,0,0,0,0,1,297517,4194304,4096,6,0,327680,220672,1024,34304,0,262144,8192,4096,4,0,1.0,1,1,0,1,1,0,0,0,0,0,0,0,1.001,0,1,1.091,0.19,0,6.493,4.104,3.858,3.871,5.5,6.493,232,119,252,255,255,233,89,254,255,255,204,204,204,204,204,161,128,161,68,0,133,192,86,106,20,94,117,7,184,0,2,0,0,235,6,59,198,125,7,139,198,163,128,161,68,0,106,4,80,232,248,74,0,0,133,192,89,89,163,100,145,68,0,117,1.0,106.0,12.0,0.113,107.0,0,26.0,0
1,0,1,0,0,0,0,1,38236,16777216,4096,6,1,32768,15360,1024,4096,0,262144,8192,4096,4,0,1.0,1,1,0,1,1,0,0,0,0,0,0,0,1.01,0,1,1.106,0.557,0,5.988,0.501,4.372,3.799,4.341,5.988,232,2,3,0,0,233,195,253,255,255,204,204,204,204,204,204,255,37,124,16,0,1,204,204,204,204,204,59,13,28,80,0,1,117,3,194,0,0,233,114,3,0,0,204,204,204,204,204,139,255,85,139,236,139,69,8,139,0,129,56,99,115,109,224,4.0,109.0,1.0,0.009,14.0,0,20.0,0
1,0,1,0,0,0,0,1,121485,4194304,4096,5,0,69632,19968,1024,36864,0,1048576,4096,4096,5,0,1.0,1,1,0,1,1,0,0,0,0,0,0,0,1.008,0,1,1.075,0.338,0,5.875,3.68,3.947,3.961,5.941,5.875,232,151,4,0,0,233,55,253,255,255,59,13,40,144,64,0,117,2,243,195,233,25,5,0,0,139,255,85,139,236,246,69,8,2,87,139,249,116,37,86,104,132,85,64,0,141,119,252,255,54,106,12,87,232,76,1,0,0,246,69,8,1,116,7,8.0,267.0,0.0,0.0,2.0,0,44.0,0
1,0,1,0,1,0,0,0,63188,4194304,4096,4,0,90112,16384,1024,22016,36352,2097152,4096,4096,6,0,1.0,1,4,0,1,4,0,0,0,0,0,0,0,1.005,1,1,2.667,0.0,0,5.886,0.272,4.072,2.704,2.882,5.886,85,137,229,131,236,8,199,4,36,2,0,0,0,255,21,140,2,65,0,232,168,254,255,255,144,141,180,38,0,0,0,0,85,139,13,196,2,65,0,137,229,93,255,225,141,116,38,0,85,139,13,176,2,65,0,137,229,93,255,225,144,144,144,144,5.0,86.0,9.0,0.105,0.0,1,84.0,0
1,0,1,0,0,0,0,1,80275,4194304,4096,5,0,32768,8192,1024,11776,0,1048576,4096,4096,5,0,1.0,1,1,0,1,1,0,0,0,0,0,0,0,1.046,0,1,1.35,0.508,0,5.75,1.324,4.788,3.765,4.215,5.75,232,75,5,0,0,233,55,253,255,255,139,255,85,139,236,129,236,40,3,0,0,163,152,81,64,0,137,13,148,81,64,0,137,21,144,81,64,0,137,29,140,81,64,0,137,53,136,81,64,0,137,61,132,81,64,0,102,140,21,176,81,64,0,102,5.0,97.0,0.0,0.0,23.0,0,14.0,0
1,0,1,0,0,0,0,1,47805,4194304,4096,5,0,40960,3072,1024,26112,0,1048576,4096,4096,5,0,1.0,1,1,0,1,1,0,0,0,0,0,0,0,1.018,0,1,1.136,0.399,0,5.732,1.944,4.611,3.927,5.731,5.732,232,147,4,0,0,233,55,253,255,255,59,13,40,48,64,0,117,2,243,195,233,21,5,0,0,139,255,85,139,236,246,69,8,2,87,139,249,116,37,86,104,68,27,64,0,141,119,252,255,54,106,12,87,232,69,1,0,0,246,69,8,1,116,7,6.0,95.0,0.0,0.0,1.0,0,44.0,0
1,0,1,0,0,0,0,1,111737,4194304,4096,5,0,69632,11264,1024,45056,0,1048576,4096,4096,5,0,1.0,1,1,0,1,1,0,0,0,0,0,0,0,1.022,0,1,1.14,0.322,0,5.693,3.91,5.227,3.928,6.056,5.693,232,141,4,0,0,233,55,253,255,255,59,13,40,96,64,0,117,2,243,195,233,15,5,0,0,139,255,85,139,236,246,69,8,2,87,139,249,116,37,86,104,100,55,64,0,141,119,252,255,54,106,12,87,232,137,0,0,0,246,69,8,1,116,7,10.0,271.0,0.0,0.0,1.0,0,80.0,0
1,0,1,0,0,0,0,1,79777,16777216,4096,6,1,36864,18944,1024,6656,0,262144,8192,4096,4,0,1.0,1,1,0,1,1,0,0,0,0,0,0,0,1.019,0,1,1.239,0.464,0,6.2,0.999,3.763,3.809,4.535,6.2,232,149,3,0,0,233,195,253,255,255,204,204,204,204,204,59,13,112,96,0,1,117,3,194,0,0,233,17,4,0,0,204,204,204,204,204,139,255,85,139,236,139,69,8,139,0,129,56,99,115,109,224,117,43,131,120,16,3,117,37,139,64,20,61,7.0,82.0,3.0,0.037,5.0,0,20.0,0
1,0,1,0,0,0,0,1,814043,4194304,4096,5,1,794624,116224,1024,667136,0,1048576,4096,4096,5,0,1.0,1,1,0,1,1,0,0,0,0,0,0,0,1.004,0,1,1.05,0.949,0,6.284,0.589,4.702,3.756,4.593,6.284,232,166,134,0,0,233,123,254,255,255,85,139,236,129,236,40,3,0,0,161,128,29,69,0,51,197,137,69,252,131,125,8,255,87,116,9,255,117,8,232,16,83,0,0,89,131,165,224,252,255,255,0,141,133,228,252,255,255,106,76,106,0,80,232,8.0,167.0,3.0,0.018,56.0,1,24.0,0
1,0,1,0,0,0,0,1,2229709,4194304,4096,5,1,2191360,585216,1024,1594368,0,1048576,4096,4096,5,0,1.0,1,1,0,1,1,0,0,0,0,0,0,0,1.001,0,1,1.014,0.172,0,6.227,3.718,5.938,4.389,6.041,6.227,232,180,175,0,0,233,127,254,255,255,204,204,204,204,204,204,204,204,204,204,204,139,76,36,4,247,193,3,0,0,0,116,36,138,1,131,193,1,132,192,116,78,247,193,3,0,0,0,117,239,5,0,0,0,0,141,164,36,0,0,0,0,141,164,13.0,431.0,8.0,0.019,26.0,0,410.0,0
1,0,1,0,0,0,0,1,98864,4194304,4096,5,0,40960,3072,1024,26112,0,1048576,4096,4096,5,0,1.0,1,1,0,1,1,0,0,0,0,0,0,0,1.018,0,1,1.133,0.399,0,5.731,1.963,4.287,3.933,5.609,5.731,232,147,4,0,0,233,55,253,255,255,59,13,40,48,64,0,117,2,243,195,233,21,5,0,0,139,255,85,139,236,246,69,8,2,87,139,249,116,37,86,104,68,27,64,0,141,119,252,255,54,106,12,87,232,69,1,0,0,246,69,8,1,116,7,6.0,95.0,0.0,0.0,1.0,0,44.0,0
1,0,1,0,0,0,0,1,243861,4194304,4096,5,1,229376,80384,1024,135680,0,1048576,4096,4096,5,0,1.0,1,1,0,1,1,0,0,0,0,0,0,0,1.001,0,1,1.006,0.394,0,6.33,3.422,6.238,3.95,6.257,6.33,232,149,134,0,0,233,123,254,255,255,85,139,236,129,236,40,3,0,0,161,208,32,66,0,51,197,137,69,252,131,125,8,255,87,116,9,255,117,8,232,103,135,0,0,89,131,165,224,252,255,255,0,141,133,228,252,255,255,106,76,106,0,80,232,8.0,123.0,3.0,0.024,12.0,1,24.0,0
1,0,1,0,0,0,0,1,76316,16777216,4096,6,1,36864,14848,1024,10752,0,262144,8192,4096,4,0,1.0,1,1,0,1,1,0,0,0,0,0,0,0,1.005,0,1,1.42,0.162,0,6.094,5.327,3.778,3.799,3.955,6.094,232,35,3,0,0,233,195,253,255,255,204,204,204,204,204,255,37,52,17,0,1,204,204,204,204,204,59,13,144,82,0,1,117,3,194,0,0,233,148,3,0,0,204,204,204,204,204,255,37,192,16,0,1,204,204,204,204,204,204,255,37,208,16,0,5.0,77.0,2.0,0.026,1.0,0,20.0,0
1,0,1,0,1,0,0,0,92853,4194304,8192,4,0,49152,20480,4096,8192,0,1048576,4096,8192,3,0,1.0,1,0,0,1,0,0,0,0,0,0,0,0,1.108,0,0,341.333,1.108,0,4.706,-1,1.916,2.787,4.161,4.706,255,37,0,32,64,0,0,0,0,0,0,0,0,0,0,0,0,0,0,0,0,0,0,0,0,0,0,0,0,0,0,0,0,0,0,0,0,0,0,0,0,0,0,0,0,0,0,0,0,0,0,0,0,0,0,0,0,0,0,0,0,0,0,0,1.0,0.0,0.0,0.0,1.0,0,14.0,0
1,0,1,0,0,0,0,1,7198898,4194304,4096,5,0,7147520,248832,1024,6877696,0,1048576,4096,4096,5,0,1.0,1,1,0,1,1,0,0,0,0,0,0,0,1.001,0,1,1.01,0.75,0,6.012,4.999,2.104,3.773,2.102,6.012,232,24,126,0,0,233,120,254,255,255,139,255,85,139,236,129,236,40,3,0,0,163,240,120,85,0,137,13,236,120,85,0,137,21,232,120,85,0,137,29,228,120,85,0,137,53,224,120,85,0,137,61,220,120,85,0,102,140,21,8,121,85,0,102,14.0,230.0,13.0,0.057,13.0,0,82.0,0
0,0,0,0,0,0,0,0,97055,4194304,4096,4,0,65536,16384,1024,32768,1536,2097152,4096,4096,7,2,0.778,1,6,0,1,6,0,0,0,0,0,0,0,1.014,1,1,18.286,0.0,0,5.781,0.396,4.891,2.74,4.717,5.781,131,236,12,199,5,216,132,64,0,1,0,0,0,232,254,41,0,0,131,196,12,233,166,252,255,255,141,182,0,0,0,0,131,236,12,199,5,216,132,64,0,0,0,0,0,232,222,41,0,0,131,196,12,233,134,252,255,255,144,144,144,144,144,144,7.0,120.0,4.0,0.033,2.0,1,30.0,0
0,0,0,0,0,0,0,0,0,4194304,4096,4,0,110592,58880,4096,35328,0,1048576,4096,4096,4,0,1.0,1,1,0,1,1,0,0,0,0,0,0,0,1.008,0,1,1.021,0.351,0,6.007,1.191,3.962,3.817,5.643,6.007,106,112,104,80,4,65,0,232,224,1,0,0,51,219,83,139,61,228,0,65,0,255,215,102,129,56,77,90,117,31,139,72,60,3,200,129,57,80,69,0,0,117,18,15,183,65,24,61,11,1,0,0,116,31,61,11,2,0,0,116,5,137,93,228,11.0,240.0,10.0,0.042,-1,1,156.0,0
0,0,0,0,0,0,0,0,91054,4194304,4096,4,0,73728,25600,1024,43520,1536,2097152,4096,4096,7,2,0.778,1,6,0,1,6,0,0,0,0,0,0,0,1.008,1,1,21.333,0.0,0,5.64,0.402,4.883,2.803,5.287,5.64,131,236,12,199,5,216,164,64,0,1,0,0,0,232,238,77,0,0,131,196,12,233,166,252,255,255,141,182,0,0,0,0,131,236,12,199,5,216,164,64,0,0,0,0,0,232,206,77,0,0,131,196,12,233,134,252,255,255,144,144,144,144,144,144,11.0,188.0,4.0,0.021,3.0,1,30.0,0
0,0,0,0,0,0,0,0,53467,4194304,4096,4,0,57344,10240,1024,24576,1536,2097152,4096,4096,7,2,0.778,1,6,0,1,6,0,0,0,0,0,0,0,1.015,1,1,16.0,0.0,0,5.59,0.475,4.895,2.749,4.467,5.59,131,236,12,199,5,152,100,64,0,1,0,0,0,232,78,18,0,0,131,196,12,233,166,252,255,255,141,182,0,0,0,0,131,236,12,199,5,152,100,64,0,0,0,0,0,232,46,18,0,0,131,196,12,233,134,252,255,255,144,144,144,144,144,144,11.0,119.0,4.0,0.034,2.0,1,30.0,0
0,0,0,0,0,0,0,1,3240184,4194304,4096,5,0,3207168,1161216,1024,2016256,0,1048576,4096,4096,4,0,1.0,1,1,0,1,1,0,0,0,0,0,0,0,1.0,0,1,1.002,0.876,0,6.393,3.466,6.712,4.425,6.571,6.393,232,181,88,0,0,233,121,254,255,255,59,13,112,215,87,0,117,2,243,195,233,55,89,0,0,139,255,85,139,236,86,139,117,20,87,51,255,59,247,117,4,51,192,235,101,57,125,8,117,27,232,101,41,0,0,106,22,94,137,48,87,87,87,87,12.0,412.0,12.0,0.029,35.0,0,970.0,0
0,0,0,0,0,0,0,0,0,4194304,4096,4,0,32768,8192,4096,20480,0,1048576,4096,4096,4,0,1.0,1,1,0,1,1,0,0,0,0,0,0,0,1.443,0,0,1.842,1.443,0,4.796,5.506,1.894,3.841,4.171,4.796,85,139,236,106,255,104,232,49,64,0,104,40,37,64,0,100,161,0,0,0,0,80,100,137,37,0,0,0,0,131,236,32,83,86,87,137,101,232,131,101,252,0,106,1,255,21,140,48,64,0,89,131,13,160,83,64,0,255,131,13,164,83,64,0,6.0,64.0,2.0,0.031,3.0,1,28.0,0
0,0,1,0,0,0,0,1,151834,4194304,4096,5,1,159744,75776,1024,71168,0,1048576,4096,4096,4,0,1.0,1,1,0,1,1,0,0,0,0,0,0,0,1.0,0,1,1.11,0.267,0,6.335,3.33,3.844,4.065,5.97,6.335,232,150,106,0,0,233,123,254,255,255,85,139,236,129,236,40,3,0,0,161,208,16,66,0,51,197,137,69,252,131,125,8,255,87,116,9,255,117,8,232,172,102,0,0,89,131,165,224,252,255,255,0,141,133,228,252,255,255,106,76,106,0,80,232,6.0,91.0,3.0,0.033,6.0,1,14.0,0
0,0,0,0,0,0,0,0,185413,4194304,4096,4,0,155648,24576,4096,126976,0,1048576,4096,4096,4,0,1.0,1,1,0,1,1,0,0,0,0,0,0,0,1.007,0,1,1.515,0.957,0,6.436,5.283,2.4,3.769,5.954,6.436,85,139,236,106,255,104,120,113,64,0,104,200,78,64,0,100,161,0,0,0,0,80,100,137,37,0,0,0,0,131,236,88,83,86,87,137,101,232,255,21,204,112,64,0,51,210,138,212,137,21,244,45,66,0,139,200,129,225,255,0,0,0,137,13,6.0,87.0,12.0,0.138,7.0,1,26.0,0
0,0,0,0,0,0,0,0,70524,4194304,4096,4,0,61440,15360,1024,31232,1536,2097152,4096,4096,7,2,0.778,1,6,0,1,6,0,0,0,0,0,0,0,1.02,1,1,21.333,0.0,0,5.535,0.522,4.882,2.752,4.869,5.535,131,236,12,199,5,88,116,64,0,1,0,0,0,232,190,34,0,0,131,196,12,233,166,252,255,255,141,182,0,0,0,0,131,236,12,199,5,88,116,64,0,0,0,0,0,232,158,34,0,0,131,196,12,233,134,252,255,255,144,144,144,144,144,144,11.0,131.0,4.0,0.031,4.0,1,30.0,0
0,0,0,0,0,0,0,0,90806,4194304,4096,4,0,106496,24576,4096,77824,0,1048576,4096,4096,4,0,1.0,1,1,0,1,1,0,0,0,0,0,0,0,1.007,0,1,1.645,0.256,0,6.094,6.759,3.808,3.768,4.437,6.094,85,139,236,106,255,104,24,115,64,0,104,186,108,64,0,100,161,0,0,0,0,80,100,137,37,0,0,0,0,131,236,104,83,86,87,137,101,232,51,219,137,93,252,106,2,95,87,255,21,188,112,64,0,89,131,13,92,138,65,0,255,131,13,96,8.0,152.0,0.0,0.0,17.0,1,52.0,0
0,0,0,0,0,0,0,0,67011,4194304,4096,4,0,53248,9728,1024,23040,1536,2097152,4096,4096,7,2,0.778,1,6,0,1,6,0,0,0,0,0,0,0,1.001,1,1,21.333,0.0,0,5.719,0.443,4.876,2.78,4.516,5.719,131,236,12,199,5,24,100,64,0,1,0,0,0,232,222,16,0,0,131,196,12,233,166,252,255,255,141,182,0,0,0,0,131,236,12,199,5,24,100,64,0,0,0,0,0,232,190,16,0,0,131,196,12,233,134,252,255,255,144,144,144,144,144,144,6.0,100.0,4.0,0.04,42.0,1,30.0,0
0,0,0,0,0,0,0,0,62964,4194304,4096,4,0,61440,15360,1024,30208,1536,2097152,4096,4096,7,2,0.778,1,6,0,1,6,0,0,0,0,0,0,0,1.022,1,1,21.333,0.0,0,5.646,0.483,4.877,2.775,4.759,5.646,131,236,12,199,5,24,116,64,0,1,0,0,0,232,174,34,0,0,131,196,12,233,166,252,255,255,141,182,0,0,0,0,131,236,12,199,5,24,116,64,0,0,0,0,0,232,142,34,0,0,131,196,12,233,134,252,255,255,144,144,144,144,144,144,11.0,125.0,4.0,0.032,3.0,1,30.0,0
0,0,0,0,0,0,0,0,305536,4194304,4096,4,0,262144,94208,4096,163840,0,1048576,4096,4096,4,0,1.0,1,1,0,1,1,0,0,0,0,0,0,0,1.012,0,1,1.177,0.957,0,6.357,5.336,3.08,4.086,6.151,6.357,85,139,236,106,255,104,192,144,65,0,104,76,231,64,0,100,161,0,0,0,0,80,100,137,37,0,0,0,0,131,236,88,83,86,87,137,101,232,255,21,52,130,65,0,51,210,138,212,137,21,112,142,67,0,139,200,129,225,255,0,0,0,137,13,11.0,236.0,10.0,0.042,31.0,0,152.0,0
0,0,0,0,0,0,0,0,0,4194304,4096,4,0,81920,40960,4096,23552,0,1048576,4096,4096,4,0,1.0,1,1,0,1,1,0,0,0,0,0,0,0,1.001,0,1,1.018,0.215,0,6.037,0.984,3.741,3.806,6.017,6.037,106,112,104,120,179,64,0,232,226,1,0,0,51,219,83,139,61,80,176,64,0,255,215,102,129,56,77,90,117,31,139,72,60,3,200,129,57,80,69,0,0,117,18,15,183,65,24,61,11,1,0,0,116,31,61,11,2,0,0,116,5,137,93,228,11.0,201.0,8.0,0.04,-1,1,168.0,0
0,0,0,0,0,0,0,0,133973,4194304,4096,4,0,122880,65536,1024,43008,0,1048576,4096,4096,4,0,1.0,1,1,0,1,1,0,0,0,0,0,0,0,1.006,0,1,1.01,0.33,0,6.024,2.361,3.964,3.787,5.871,6.024,106,112,104,80,20,65,0,232,8,2,0,0,51,255,87,255,21,172,16,65,0,102,129,56,77,90,117,31,139,72,60,3,200,129,57,80,69,0,0,117,18,15,183,65,24,61,11,1,0,0,116,31,61,11,2,0,0,116,5,137,125,228,235,39,10.0,239.0,3.0,0.013,11.0,0,180.0,0
0,0,0,0,0,0,0,1,0,4194304,4096,5,0,81920,51712,1024,19968,0,1048576,4096,4096,3,0,1.0,1,1,0,1,1,0,0,0,0,0,0,0,1.003,0,1,1.05,0.366,0,6.302,2.187,-1,3.836,5.298,6.302,232,140,62,0,0,233,164,254,255,255,139,255,85,139,236,86,139,117,8,86,232,83,15,0,0,80,232,8,63,0,0,89,89,133,192,116,124,232,208,242,255,255,131,192,32,59,240,117,4,51,192,235,15,232,192,242,255,255,131,192,64,59,240,117,1.0,78.0,10.0,0.128,79.0,1,-1,0
0,0,1,0,0,0,0,1,215373,4194304,4096,5,1,184320,97280,1024,73728,0,1048576,4096,4096,4,0,1.0,1,1,0,1,1,0,0,0,0,0,0,0,1.003,0,1,1.136,0.48,0,6.308,2.911,3.778,4.079,6.122,6.308,232,73,139,0,0,233,123,254,255,255,85,139,236,129,236,40,3,0,0,161,224,123,66,0,51,197,137,69,252,131,125,8,255,87,116,9,255,117,8,232,161,112,0,0,89,131,165,224,252,255,255,0,141,133,228,252,255,255,106,76,106,0,80,232,5.0,106.0,9.0,0.085,11.0,1,14.0,0
0,0,0,0,0,0,0,0,75699,4194304,4096,4,0,90112,49152,1024,66048,3072,2097152,4096,4096,6,2,0.75,1,6,0,1,6,0,0,0,0,0,0,0,1.003,1,1,128.0,0.0,0,5.825,0.146,-1,2.67,5.019,5.825,85,137,229,131,236,24,199,4,36,1,0,0,0,255,21,28,50,65,0,232,168,254,255,255,144,141,180,38,0,0,0,0,85,137,229,83,131,236,20,139,69,8,139,0,139,0,61,145,0,0,192,119,59,61,141,0,0,192,114,75,187,1,0,0,4.0,78.0,6.0,0.077,-1,1,-1,0
0,0,0,0,0,0,0,0,73496,4194304,4096,4,0,69632,10752,1024,40960,1536,2097152,4096,4096,7,2,0.778,1,6,0,1,6,0,0,0,0,0,0,0,1.04,1,1,18.286,0.0,0,5.541,0.422,4.891,2.765,5.657,5.541,131,236,12,199,5,24,164,64,0,1,0,0,0,232,78,19,0,0,131,196,12,233,166,252,255,255,141,182,0,0,0,0,131,236,12,199,5,24,164,64,0,0,0,0,0,232,46,19,0,0,131,196,12,233,134,252,255,255,144,144,144,144,144,144,10.0,108.0,4.0,0.037,3.0,1,30.0,0
0,0,0,0,0,0,0,0,52549,4194304,4096,4,0,65536,19968,1024,36864,1536,2097152,4096,4096,7,2,0.778,1,6,0,1,6,0,0,0,0,0,0,0,1.013,1,1,18.286,0.0,0,5.615,0.382,4.891,2.743,5.134,5.615,131,236,12,199,5,88,132,64,0,1,0,0,0,232,222,55,0,0,131,196,12,233,166,252,255,255,141,182,0,0,0,0,131,236,12,199,5,88,132,64,0,0,0,0,0,232,190,55,0,0,131,196,12,233,134,252,255,255,144,144,144,144,144,144,10.0,153.0,4.0,0.026,5.0,1,30.0,0
0,0,0,0,0,0,0,0,44386,4194304,4096,4,0,61440,13824,1024,28672,1536,2097152,4096,4096,7,2,0.778,1,6,0,1,6,0,0,0,0,0,0,0,1.007,1,1,21.333,0.0,0,5.639,0.488,4.876,2.803,4.627,5.639,131,236,12,199,5,24,116,64,0,1,0,0,0,232,78,31,0,0,131,196,12,233,166,252,255,255,141,182,0,0,0,0,131,236,12,199,5,24,116,64,0,0,0,0,0,232,46,31,0,0,131,196,12,233,134,252,255,255,144,144,144,144,144,144,10.0,120.0,4.0,0.033,3.0,1,30.0,0
0,0,0,0,0,0,0,0,83505,4194304,4096,4,0,94208,19456,1024,62464,1536,2097152,4096,4096,7,2,0.778,1,6,0,1,6,0,0,0,0,0,0,0,1.019,1,1,21.333,0.0,0,5.762,0.376,4.886,2.813,4.46,5.762,131,236,12,199,5,24,245,64,0,1,0,0,0,232,94,41,0,0,131,196,12,233,166,252,255,255,141,182,0,0,0,0,131,236,12,199,5,24,245,64,0,0,0,0,0,232,62,41,0,0,131,196,12,233,134,252,255,255,144,144,144,144,144,144,13.0,152.0,4.0,0.026,2.0,1,30.0,0
0,0,0,0,0,0,0,0,53312,4194304,4096,4,0,57344,10752,1024,25088,1536,2097152,4096,4096,7,2,0.778,1,6,0,1,6,0,0,0,0,0,0,0,1.026,1,1,21.333,0.0,0,5.585,0.464,4.884,2.701,4.434,5.585,131,236,12,199,5,24,100,64,0,1,0,0,0,232,190,19,0,0,131,196,12,233,166,252,255,255,141,182,0,0,0,0,131,236,12,199,5,24,100,64,0,0,0,0,0,232,158,19,0,0,131,196,12,233,134,252,255,255,144,144,144,144,144,144,11.0,108.0,4.0,0.037,5.0,1,30.0,0
0,0,0,0,0,0,0,0,52127,4194304,4096,4,0,57344,11264,1024,25600,1536,2097152,4096,4096,7,2,0.778,1,6,0,1,6,0,0,0,0,0,0,0,1.004,1,1,18.286,0.0,0,5.594,0.426,4.891,2.746,4.52,5.594,131,236,12,199,5,152,100,64,0,1,0,0,0,232,190,22,0,0,131,196,12,233,166,252,255,255,141,182,0,0,0,0,131,236,12,199,5,152,100,64,0,0,0,0,0,232,158,22,0,0,131,196,12,233,134,252,255,255,144,144,144,144,144,144,10.0,108.0,4.0,0.037,2.0,1,30.0,0
0,0,0,0,0,0,0,0,68053,4194304,4096,4,0,65536,34816,1024,47616,1024,2097152,4096,4096,5,0,1.0,1,3,0,1,3,0,0,0,0,0,0,0,1.003,1,1,3.2,0.0,0,5.936,0.408,-1,2.485,5.125,5.936,85,137,229,131,236,8,199,4,36,1,0,0,0,255,21,136,241,64,0,232,200,254,255,255,144,141,180,38,0,0,0,0,85,137,229,131,236,8,199,4,36,2,0,0,0,255,21,136,241,64,0,232,168,254,255,255,144,141,180,38,0,0,0,0,3.0,58.0,1.0,0.017,-1,1,-1,0
0,0,0,0,0,0,0,0,55853,4194304,4096,4,0,61440,16384,1024,31744,1536,2097152,4096,4096,7,2,0.778,1,6,0,1,6,0,0,0,0,0,0,0,1.004,1,1,21.333,0.0,0,5.776,0.849,4.878,2.754,4.959,5.776,131,236,12,199,5,152,116,64,0,1,0,0,0,232,238,37,0,0,131,196,12,233,166,252,255,255,141,182,0,0,0,0,131,236,12,199,5,152,116,64,0,0,0,0,0,232,206,37,0,0,131,196,12,233,134,252,255,255,144,144,144,144,144,144,11.0,115.0,4.0,0.035,3.0,1,30.0,0
0,0,0,0,0,0,0,0,99071,4194304,4096,4,0,98304,16896,1024,34304,32256,2097152,4096,4096,7,2,0.778,1,6,0,1,6,0,0,0,0,0,0,0,1.01,1,1,18.286,0.0,0,5.697,0.468,4.897,2.788,3.642,5.697,131,236,12,199,5,216,11,65,0,1,0,0,0,232,30,44,0,0,131,196,12,233,166,252,255,255,141,182,0,0,0,0,131,236,12,199,5,216,11,65,0,0,0,0,0,232,254,43,0,0,131,196,12,233,134,252,255,255,144,144,144,144,144,144,11.0,162.0,4.0,0.025,5.0,1,30.0,0
0,0,0,0,0,0,0,0,66798,4194304,4096,4,0,57344,11776,1024,28672,2560,2097152,4096,4096,7,2,0.778,1,6,0,1,6,0,0,0,0,0,0,0,1.009,1,1,16.0,0.0,0,5.621,0.376,4.895,2.737,4.96,5.621,131,236,12,199,5,152,104,64,0,1,0,0,0,232,126,24,0,0,131,196,12,233,166,252,255,255,141,182,0,0,0,0,131,236,12,199,5,152,104,64,0,0,0,0,0,232,94,24,0,0,131,196,12,233,134,252,255,255,144,144,144,144,144,144,11.0,148.0,4.0,0.027,2.0,1,30.0,0
0,0,0,0,1,0,0,0,0,4194304,4096,4,0,28672,13824,1024,5632,0,1048576,4096,4096,3,0,1.0,1,1,0,1,1,0,0,0,0,0,0,0,1.016,0,1,1.118,0.149,0,6.032,0.0,2.522,3.915,4.083,6.032,86,232,206,255,255,255,51,192,80,80,80,80,232,68,254,255,255,139,240,232,206,255,255,255,86,255,21,56,16,64,0,94,152,65,0,0,0,0,0,0,0,0,0,0,60,66,0,0,24,16,0,0,216,65,0,0,0,0,0,0,0,0,0,0,6.0,40.0,8.0,0.2,5.0,1,20.0,0
0,0,0,0,0,0,0,0,251352,4194304,4096,4,0,208896,69632,4096,126976,0,1048576,4096,4096,4,0,1.0,1,1,0,1,1,0,0,0,0,0,0,0,1.056,0,1,1.087,0.567,0,6.202,1.377,5.881,3.611,5.912,6.202,232,229,112,0,0,233,64,254,255,255,45,164,3,0,0,116,34,131,232,4,116,23,131,232,13,116,12,72,116,3,51,192,195,184,4,4,0,0,195,184,18,4,0,0,195,184,4,8,0,0,195,184,17,4,0,0,195,83,85,86,87,189,1,1,9.0,135.0,12.0,0.089,17.0,1,20.0,0
0,0,0,0,0,0,0,0,85351,4194304,4096,4,0,413696,52224,1024,14848,332800,2097152,4096,4096,6,0,1.0,1,4,0,1,4,0,0,0,0,0,0,0,1.005,1,1,1.135,0.0,0,6.158,4.808,2.926,2.677,1.403,6.158,85,137,229,131,236,8,199,4,36,1,0,0,0,255,21,140,49,70,0,232,184,254,255,255,144,141,180,38,0,0,0,0,85,137,229,131,236,8,199,4,36,2,0,0,0,255,21,140,49,70,0,232,152,254,255,255,144,141,180,38,0,0,0,0,2.0,68.0,1.0,0.015,-1,1,20.0,0
0,0,0,0,0,0,0,0,109716,4194304,4096,4,0,61440,16384,1024,31744,1536,2097152,4096,4096,7,2,0.778,1,6,0,1,6,0,0,0,0,0,0,0,1.027,1,1,16.0,0.0,0,5.778,1.852,4.897,2.766,4.985,5.778,131,236,12,199,5,88,116,64,0,1,0,0,0,232,62,41,0,0,131,196,12,233,166,252,255,255,141,182,0,0,0,0,131,236,12,199,5,88,116,64,0,0,0,0,0,232,30,41,0,0,131,196,12,233,134,252,255,255,144,144,144,144,144,144,11.0,126.0,4.0,0.032,5.0,1,30.0,0
0,0,0,0,0,0,0,0,92381,4194304,4096,4,0,69632,16896,1024,32768,1536,2097152,4096,4096,7,2,0.778,1,6,0,1,6,0,0,0,0,0,0,0,1.007,1,1,21.333,0.0,0,5.805,1.039,4.885,2.798,4.554,5.805,131,236,12,199,5,152,148,64,0,1,0,0,0,232,174,39,0,0,131,196,12,233,166,252,255,255,141,182,0,0,0,0,131,236,12,199,5,152,148,64,0,0,0,0,0,232,142,39,0,0,131,196,12,233,134,252,255,255,144,144,144,144,144,144,11.0,112.0,4.0,0.036,5.0,1,30.0,0
0,0,0,0,0,0,0,0,78978,4194304,4096,4,0,49152,7168,1024,18944,1536,2097152,4096,4096,7,2,0.778,1,6,0,1,6,0,0,0,0,0,0,0,1.049,1,1,18.286,0.0,0,5.651,0.396,4.891,2.76,4.162,5.651,131,236,12,199,5,24,84,64,0,1,0,0,0,232,158,5,0,0,131,196,12,233,166,252,255,255,141,182,0,0,0,0,131,236,12,199,5,24,84,64,0,0,0,0,0,232,126,5,0,0,131,196,12,233,134,252,255,255,144,144,144,144,144,144,6.0,67.0,4.0,0.06,12.0,1,30.0,0
0,0,0,0,0,0,0,0,46275,4194304,4096,4,0,65536,34816,1024,43520,3584,2097152,4096,4096,6,1,0.857,1,5,0,1,5,0,0,0,0,0,0,0,1.008,1,1,16.0,0.0,0,5.901,0.613,-1,2.652,4.685,5.901,131,236,12,199,5,64,192,64,0,0,0,0,0,232,14,17,0,0,131,196,12,233,134,252,255,255,144,144,144,144,144,144,85,137,229,131,236,24,161,80,160,64,0,133,192,116,60,199,4,36,32,176,64,0,255,21,196,210,64,0,186,0,0,0,5.0,103.0,5.0,0.049,30.0,1,-1,0
0,0,0,0,0,0,0,0,74035,4194304,4096,4,0,110592,30720,1024,45056,41472,2097152,4096,4096,6,2,0.75,1,6,0,1,6,0,0,0,0,0,0,0,1.001,1,1,21.333,0.0,0,5.803,6.012,-1,2.694,3.168,5.803,85,137,229,131,236,24,199,4,36,1,0,0,0,255,21,232,129,65,0,232,168,254,255,255,144,141,180,38,0,0,0,0,85,137,229,83,131,236,20,139,69,8,139,0,139,0,61,145,0,0,192,119,59,61,141,0,0,192,114,75,187,1,0,0,4.0,67.0,5.0,0.075,-1,1,-1,0
0,0,0,0,0,0,0,0,46164,4194304,4096,4,0,61440,12800,1024,27136,1536,2097152,4096,4096,7,2,0.778,1,6,0,1,6,0,0,0,0,0,0,0,1.04,1,1,25.6,0.0,0,5.557,0.456,4.875,2.785,4.405,5.557,131,236,12,199,5,24,116,64,0,1,0,0,0,232,254,24,0,0,131,196,12,233,166,252,255,255,141,182,0,0,0,0,131,236,12,199,5,24,116,64,0,0,0,0,0,232,222,24,0,0,131,196,12,233,134,252,255,255,144,144,144,144,144,144,11.0,112.0,4.0,0.036,6.0,1,30.0,0
0,0,0,0,0,0,0,0,103913,4194304,4096,4,0,57344,12288,1024,26624,1536,2097152,4096,4096,7,2,0.778,1,6,0,1,6,0,0,0,0,0,0,0,1.025,1,1,18.286,0.0,0,5.619,0.541,4.887,2.769,4.706,5.619,131,236,12,199,5,24,100,64,0,1,0,0,0,232,174,23,0,0,131,196,12,233,166,252,255,255,141,182,0,0,0,0,131,236,12,199,5,24,100,64,0,0,0,0,0,232,142,23,0,0,131,196,12,233,134,252,255,255,144,144,144,144,144,144,11.0,119.0,4.0,0.034,3.0,1,30.0,0
0,0,0,0,0,0,0,0,82591,4194304,4096,4,0,57344,10240,1024,24576,1536,2097152,4096,4096,7,2,0.778,1,6,0,1,6,0,0,0,0,0,0,0,1.007,1,1,25.6,0.0,0,5.538,0.462,4.872,2.725,4.479,5.538,131,236,12,199,5,152,100,64,0,1,0,0,0,232,142,18,0,0,131,196,12,233,166,252,255,255,141,182,0,0,0,0,131,236,12,199,5,152,100,64,0,0,0,0,0,232,110,18,0,0,131,196,12,233,134,252,255,255,144,144,144,144,144,144,10.0,121.0,4.0,0.033,2.0,1,30.0,0
0,0,0,0,0,0,0,0,102643,4194304,4096,4,0,90112,9216,1024,57344,1536,2097152,4096,4096,7,2,0.778,1,6,0,1,6,0,0,0,0,0,0,0,1.005,1,1,25.6,0.0,0,5.653,0.426,4.878,2.789,5.852,5.653,131,236,12,199,5,24,244,64,0,1,0,0,0,232,190,14,0,0,131,196,12,233,166,252,255,255,141,182,0,0,0,0,131,236,12,199,5,24,244,64,0,0,0,0,0,232,158,14,0,0,131,196,12,233,134,252,255,255,144,144,144,144,144,144,9.0,106.0,4.0,0.038,2.0,1,30.0,0
0,0,0,0,0,0,0,0,65455,4194304,4096,4,0,61440,15872,1024,31232,1536,2097152,4096,4096,7,2,0.778,1,6,0,1,6,0,0,0,0,0,0,0,1.015,1,1,18.286,0.0,0,5.602,0.402,4.887,2.751,4.76,5.602,131,236,12,199,5,152,116,64,0,1,0,0,0,232,190,39,0,0,131,196,12,233,166,252,255,255,141,182,0,0,0,0,131,236,12,199,5,152,116,64,0,0,0,0,0,232,158,39,0,0,131,196,12,233,134,252,255,255,144,144,144,144,144,144,7.0,125.0,4.0,0.032,2.0,1,30.0,0
0,0,0,0,0,0,0,0,59416,4194304,4096,4,0,61440,14336,1024,28672,1536,2097152,4096,4096,7,2,0.778,1,6,0,1,6,0,0,0,0,0,0,0,1.004,1,1,18.286,0.0,0,5.828,0.718,4.892,2.78,4.683,5.828,131,236,12,199,5,24,116,64,0,1,0,0,0,232,174,32,0,0,131,196,12,233,166,252,255,255,141,182,0,0,0,0,131,236,12,199,5,24,116,64,0,0,0,0,0,232,142,32,0,0,131,196,12,233,134,252,255,255,144,144,144,144,144,144,10.0,115.0,4.0,0.035,6.0,1,30.0,0
0,0,0,0,0,0,0,0,53866,4194304,4096,4,0,57344,11776,1024,25600,1536,2097152,4096,4096,7,2,0.778,1,6,0,1,6,0,0,0,0,0,0,0,1.03,1,1,21.333,0.0,0,5.628,0.437,4.876,2.743,4.588,5.628,131,236,12,199,5,88,100,64,0,1,0,0,0,232,142,23,0,0,131,196,12,233,166,252,255,255,141,182,0,0,0,0,131,236,12,199,5,88,100,64,0,0,0,0,0,232,110,23,0,0,131,196,12,233,134,252,255,255,144,144,144,144,144,144,10.0,120.0,4.0,0.033,3.0,1,30.0,0
0,0,0,0,0,0,0,0,75302,4194304,4096,4,0,61440,13824,1024,30208,1536,2097152,4096,4096,7,2,0.778,1,6,0,1,6,0,0,0,0,0,0,0,1.037,1,1,16.0,0.0,0,5.408,0.409,4.897,2.799,4.63,5.408,131,236,12,199,5,152,116,64,0,1,0,0,0,232,238,30,0,0,131,196,12,233,166,252,255,255,141,182,0,0,0,0,131,236,12,199,5,152,116,64,0,0,0,0,0,232,206,30,0,0,131,196,12,233,134,252,255,255,144,144,144,144,144,144,10.0,123.0,4.0,0.033,3.0,1,30.0,0
0,0,0,0,0,0,0,0,135896,4194304,4096,4,0,118784,62464,1024,36352,0,1048576,4096,4096,4,0,1.0,1,1,0,1,1,0,0,0,0,0,0,0,1.005,0,1,1.022,0.094,0,6.103,4.415,4.635,4.07,6.008,6.103,106,112,104,64,20,65,0,232,2,2,0,0,51,255,87,255,21,156,16,65,0,102,129,56,77,90,117,31,139,72,60,3,200,129,57,80,69,0,0,117,18,15,183,65,24,61,11,1,0,0,116,31,61,11,2,0,0,116,5,137,125,228,235,39,10.0,238.0,4.0,0.017,5.0,0,140.0,0
0,0,0,0,0,0,0,1,80981,486539264,4096,5,0,40960,2560,1024,23552,0,2000000,4096,4096,4,0,1.0,1,1,0,1,1,0,0,0,0,0,0,0,1.028,0,1,1.286,0.564,0,5.733,0.234,4.367,3.721,3.51,5.733,232,234,3,0,0,233,215,252,255,255,139,255,85,139,236,139,69,8,139,0,129,56,99,115,109,224,117,42,131,120,16,3,117,36,139,64,20,61,32,5,147,25,116,21,61,33,5,147,25,116,14,61,34,5,147,25,116,7,61,0,64,153,1,117,3.0,43.0,1.0,0.023,14.0,0,44.0,0
0,0,0,0,0,0,0,0,40151,4194304,4096,4,0,57344,12288,1024,26624,1536,2097152,4096,4096,7,2,0.778,1,6,0,1,6,0,0,0,0,0,0,0,1.022,1,1,21.333,0.0,0,5.646,0.517,4.876,2.703,4.617,5.646,131,236,12,199,5,88,100,64,0,1,0,0,0,232,238,22,0,0,131,196,12,233,166,252,255,255,141,182,0,0,0,0,131,236,12,199,5,88,100,64,0,0,0,0,0,232,206,22,0,0,131,196,12,233,134,252,255,255,144,144,144,144,144,144,10.0,109.0,4.0,0.037,5.0,1,30.0,0
0,0,0,0,0,0,0,0,49535,4194304,4096,4,0,61440,15360,1024,30720,1536,2097152,4096,4096,7,2,0.778,1,6,0,1,6,0,0,0,0,0,0,0,1.016,1,1,25.6,0.0,0,5.575,0.431,4.872,2.764,4.792,5.575,131,236,12,199,5,24,116,64,0,1,0,0,0,232,238,36,0,0,131,196,12,233,166,252,255,255,141,182,0,0,0,0,131,236,12,199,5,24,116,64,0,0,0,0,0,232,206,36,0,0,131,196,12,233,134,252,255,255,144,144,144,144,144,144,10.0,128.0,4.0,0.031,5.0,1,30.0,0
0,0,0,0,0,0,0,0,1689401,4194304,4096,4,0,1671168,1332224,1024,321536,0,1048576,4096,4096,4,0,1.0,1,1,0,1,1,0,0,0,0,0,0,0,1.0,0,1,1.002,0.973,0,6.39,6.625,4.235,4.183,6.512,6.39,85,139,236,131,236,68,86,255,21,208,113,84,0,139,240,138,6,60,34,116,16,60,32,126,30,70,128,62,32,127,250,235,22,60,34,116,17,70,138,6,132,192,117,245,60,34,117,7,235,4,60,32,127,7,70,138,6,132,192,117,245,131,101,232,12.0,291.0,9.0,0.031,16.0,1,106.0,0
0,0,0,0,0,0,0,0,46587,4194304,4096,4,0,61440,15872,1024,30720,1536,2097152,4096,4096,7,2,0.778,1,6,0,1,6,0,0,0,0,0,0,0,1.012,1,1,21.333,0.0,0,5.725,0.751,4.882,2.784,4.842,5.725,131,236,12,199,5,216,116,64,0,1,0,0,0,232,254,39,0,0,131,196,12,233,166,252,255,255,141,182,0,0,0,0,131,236,12,199,5,216,116,64,0,0,0,0,0,232,222,39,0,0,131,196,12,233,134,252,255,255,144,144,144,144,144,144,10.0,124.0,4.0,0.032,4.0,1,30.0,0
0,0,0,0,0,0,0,0,87486,4194304,4096,4,0,94208,36864,1024,58880,10752,2097152,4096,4096,7,2,0.778,1,6,0,1,6,0,0,0,0,0,0,0,1.008,1,1,21.333,0.0,0,5.707,0.883,4.882,2.849,5.295,5.707,131,236,12,199,5,152,248,64,0,1,0,0,0,232,62,121,0,0,131,196,12,233,166,252,255,255,141,182,0,0,0,0,131,236,12,199,5,152,248,64,0,0,0,0,0,232,30,121,0,0,131,196,12,233,134,252,255,255,144,144,144,144,144,144,11.0,217.0,4.0,0.018,5.0,1,30.0,0
0,0,1,0,0,0,0,1,138903,4194304,4096,5,1,122880,55296,1024,53760,0,1048576,4096,4096,4,0,1.0,1,1,0,1,1,0,0,0,0,0,0,0,1.005,0,1,1.15,0.375,0,6.401,3.423,3.763,4.034,6.369,6.401,232,225,59,0,0,233,123,254,255,255,85,139,236,129,236,40,3,0,0,161,208,144,65,0,51,197,137,69,252,131,125,8,255,87,116,9,255,117,8,232,225,64,0,0,89,131,165,224,252,255,255,0,141,133,228,252,255,255,106,76,106,0,80,232,5.0,110.0,9.0,0.082,12.0,1,14.0,0
0,0,1,0,0,0,0,1,83451,4194304,4096,5,1,90112,43520,1024,31232,0,1048576,4096,4096,4,1,0.8,1,1,0,1,1,0,0,0,0,0,0,0,1.002,0,1,2.977,0.43,0,6.365,1.948,5.155,4.175,5.725,6.365,232,173,3,0,0,233,142,254,255,255,85,139,236,106,0,255,21,40,192,64,0,255,117,8,255,21,36,192,64,0,104,9,4,0,192,255,21,44,192,64,0,80,255,21,4,192,64,0,93,195,85,139,236,129,236,36,3,0,0,106,23,232,247,146,1.0,69.0,4.0,0.058,70.0,0,10.0,0
0,0,0,0,0,0,0,0,71046,4194304,4096,4,0,61440,16384,1024,32768,1536,2097152,4096,4096,7,2,0.778,1,6,0,1,6,0,0,0,0,0,0,0,1.001,1,1,16.0,0.0,0,5.659,0.433,4.895,2.786,5.073,5.659,131,236,12,199,5,152,116,64,0,1,0,0,0,232,110,42,0,0,131,196,12,233,166,252,255,255,141,182,0,0,0,0,131,236,12,199,5,152,116,64,0,0,0,0,0,232,78,42,0,0,131,196,12,233,134,252,255,255,144,144,144,144,144,144,11.0,150.0,4.0,0.027,4.0,1,30.0,0
0,0,0,0,0,0,0,0,0,4194304,4096,4,0,90112,48128,4096,26112,0,1048576,4096,4096,4,0,1.0,1,1,0,1,1,0,0,0,0,0,0,0,1.001,0,1,1.017,0.332,0,6.053,2.615,3.756,3.653,5.671,6.053,106,112,104,16,212,64,0,232,228,1,0,0,51,219,83,139,61,252,208,64,0,255,215,102,129,56,77,90,117,31,139,72,60,3,200,129,57,80,69,0,0,117,18,15,183,65,24,61,11,1,0,0,116,31,61,11,2,0,0,116,5,137,93,228,10.0,228.0,10.0,0.044,-1,1,160.0,0
0,0,0,0,0,0,0,0,37154,4194304,4096,4,0,53248,9728,1024,23040,1536,2097152,4096,4096,7,2,0.778,1,6,0,1,6,0,0,0,0,0,0,0,1.028,1,1,18.286,0.0,0,5.586,0.417,4.888,2.741,4.551,5.586,131,236,12,199,5,24,100,64,0,1,0,0,0,232,222,15,0,0,131,196,12,233,166,252,255,255,141,182,0,0,0,0,131,236,12,199,5,24,100,64,0,0,0,0,0,232,190,15,0,0,131,196,12,233,134,252,255,255,144,144,144,144,144,144,10.0,104.0,4.0,0.038,3.0,1,30.0,0
0,0,0,0,0,0,0,0,38155,4194304,4096,4,0,53248,9728,1024,23552,1536,2097152,4096,4096,7,2,0.778,1,6,0,1,6,0,0,0,0,0,0,0,1.055,1,1,16.0,0.0,0,5.499,0.402,4.897,2.77,4.588,5.499,131,236,12,199,5,24,100,64,0,1,0,0,0,232,238,14,0,0,131,196,12,233,166,252,255,255,141,182,0,0,0,0,131,236,12,199,5,24,100,64,0,0,0,0,0,232,206,14,0,0,131,196,12,233,134,252,255,255,144,144,144,144,144,144,10.0,108.0,4.0,0.037,5.0,1,30.0,0
0,0,0,0,1,0,0,0,0,4194304,4096,4,0,28672,3072,1024,15872,0,1048576,4096,4096,4,0,1.0,1,1,0,1,1,0,0,0,0,0,0,0,1.198,0,1,1.198,0.229,0,5.303,0.02,5.036,3.353,3.771,5.303,85,139,236,131,236,36,83,86,87,255,21,92,32,64,0,51,255,87,137,69,252,255,21,68,32,64,0,163,68,56,64,0,255,21,88,32,64,0,139,13,68,56,64,0,102,37,255,3,59,207,102,163,36,48,64,0,15,132,58,1,0,0,187,0,3.0,36.0,2.0,0.056,7.0,1,36.0,0
0,0,0,0,0,0,0,0,0,4194304,4096,4,0,69632,28672,4096,36864,0,1048576,4096,4096,4,0,1.0,1,1,0,1,1,0,0,0,0,0,0,0,1.164,0,1,1.744,0.753,0,5.728,3.774,2.684,4.284,5.528,5.728,106,116,104,152,175,64,0,232,219,2,0,0,51,219,137,93,224,83,139,61,140,128,64,0,255,215,102,129,56,77,90,117,31,139,72,60,3,200,129,57,80,69,0,0,117,18,15,183,65,24,61,11,1,0,0,116,31,61,11,2,0,0,116,5,8.0,151.0,9.0,0.06,9.0,1,26.0,0
0,0,0,0,0,0,0,0,99617,4194304,4096,4,0,90112,30208,1024,59392,2560,2097152,4096,4096,7,2,0.778,1,6,0,1,6,0,0,0,0,0,0,0,1.01,1,1,18.286,0.0,0,5.625,0.043,4.893,2.842,4.645,5.625,131,236,12,199,5,152,233,64,0,1,0,0,0,232,126,85,0,0,131,196,12,233,166,252,255,255,141,182,0,0,0,0,131,236,12,199,5,152,233,64,0,0,0,0,0,232,94,85,0,0,131,196,12,233,134,252,255,255,144,144,144,144,144,144,13.0,170.0,4.0,0.024,2.0,1,30.0,0
0,0,0,0,0,0,0,0,103905,4194304,4096,4,0,65536,14336,1024,28672,10752,2097152,4096,4096,7,2,0.778,1,6,0,1,6,0,0,0,0,0,0,0,1.009,1,1,25.6,0.0,0,5.845,0.382,4.87,2.757,4.379,5.845,131,236,12,199,5,88,152,64,0,1,0,0,0,232,206,23,0,0,131,196,12,233,166,252,255,255,141,182,0,0,0,0,131,236,12,199,5,88,152,64,0,0,0,0,0,232,174,23,0,0,131,196,12,233,134,252,255,255,144,144,144,144,144,144,10.0,103.0,4.0,0.039,2.0,1,30.0,0
0,0,0,0,0,0,0,0,108110,4194304,4096,4,0,65536,20480,1024,37376,1536,2097152,4096,4096,7,2,0.778,1,6,0,1,6,0,0,0,0,0,0,0,1.001,1,1,25.6,0.0,0,5.684,0.49,4.872,2.794,5.27,5.684,131,236,12,199,5,24,133,64,0,1,0,0,0,232,222,58,0,0,131,196,12,233,166,252,255,255,141,182,0,0,0,0,131,236,12,199,5,24,133,64,0,0,0,0,0,232,190,58,0,0,131,196,12,233,134,252,255,255,144,144,144,144,144,144,11.0,168.0,4.0,0.024,2.0,1,30.0,0
0,0,0,0,0,0,0,0,66199,4194304,4096,4,0,73728,28672,1024,45568,3584,2097152,4096,4096,7,2,0.778,1,6,0,1,6,0,0,0,0,0,0,0,1.003,1,1,25.6,0.0,0,5.849,0.738,4.876,2.748,5.447,5.849,131,236,12,199,5,24,173,64,0,1,0,0,0,232,110,78,0,0,131,196,12,233,166,252,255,255,141,182,0,0,0,0,131,236,12,199,5,24,173,64,0,0,0,0,0,232,78,78,0,0,131,196,12,233,134,252,255,255,144,144,144,144,144,144,11.0,168.0,4.0,0.024,2.0,1,30.0,0
0,0,0,0,0,0,0,1,0,4194304,4096,5,0,81920,51712,1024,19968,0,1048576,4096,4096,3,0,1.0,1,1,0,1,1,0,0,0,0,0,0,0,1.0,0,1,1.049,0.366,0,6.309,2.186,-1,3.897,5.307,6.309,232,239,62,0,0,233,120,254,255,255,139,255,85,139,236,86,139,117,8,86,232,83,15,0,0,80,232,107,63,0,0,89,89,133,192,116,124,232,169,242,255,255,131,192,32,59,240,117,4,51,192,235,15,232,153,242,255,255,131,192,64,59,240,117,1.0,78.0,10.0,0.128,79.0,1,-1,0
0,0,0,0,0,0,0,1,102949,4194304,4096,5,0,77824,61440,1024,9216,0,1048576,8192,4096,3,0,1.0,1,1,0,1,1,0,0,0,0,0,0,0,1.002,0,1,1.156,0.931,0,5.915,0.422,4.16,4.29,5.695,5.915,232,5,0,0,0,233,169,181,255,255,85,139,236,131,236,16,161,64,0,65,0,131,101,248,0,131,101,252,0,83,87,191,78,230,64,187,59,199,187,0,0,255,255,15,133,115,43,0,0,86,141,69,248,80,255,21,136,17,64,0,139,117,252,51,9.0,163.0,5.0,0.031,75.0,0,14.0,0
0,0,0,0,0,0,0,0,82535,4194304,4096,4,0,57344,10240,1024,26112,4608,2097152,4096,4096,7,2,0.778,1,6,0,1,6,0,0,0,0,0,0,0,1.037,1,1,18.286,0.0,0,5.693,1.795,4.889,2.795,4.231,5.693,131,236,12,199,5,216,112,64,0,1,0,0,0,232,78,17,0,0,131,196,12,233,166,252,255,255,141,182,0,0,0,0,131,236,12,199,5,216,112,64,0,0,0,0,0,232,46,17,0,0,131,196,12,233,134,252,255,255,144,144,144,144,144,144,6.0,87.0,4.0,0.046,16.0,1,30.0,0
0,0,0,0,0,0,0,0,70048,4194304,4096,4,0,45056,9216,1024,17408,1536,2097152,4096,4096,6,2,0.75,1,5,0,1,5,0,0,0,0,0,0,0,1.019,1,1,16.0,0.0,0,5.678,0.402,-1,2.716,4.509,5.678,131,236,12,199,5,152,100,64,0,1,0,0,0,232,14,14,0,0,131,196,12,233,166,252,255,255,141,182,0,0,0,0,131,236,12,199,5,152,100,64,0,0,0,0,0,232,238,13,0,0,131,196,12,233,134,252,255,255,144,144,144,144,144,144,8.0,91.0,4.0,0.044,12.0,1,-1,0
0,0,0,0,0,0,0,0,189185,4194304,4096,4,0,192512,73216,1024,48640,0,1048576,4096,4096,4,0,1.0,1,1,0,1,1,0,0,0,0,0,0,0,1.007,0,1,1.007,0.048,0,6.111,4.098,4.873,3.866,4.845,6.111,106,112,104,128,52,65,0,232,4,2,0,0,51,255,87,255,21,180,48,65,0,102,129,56,77,90,117,31,139,72,60,3,200,129,57,80,69,0,0,117,18,15,183,65,24,61,11,1,0,0,116,31,61,11,2,0,0,116,5,137,125,228,235,39,11.0,254.0,4.0,0.016,13.0,0,148.0,0
0,0,0,0,0,0,0,0,109490,4194304,4096,4,0,69632,19456,1024,39936,3072,2097152,4096,4096,7,2,0.778,1,6,0,1,6,0,0,0,0,0,0,0,1.007,1,1,18.286,0.0,0,5.563,1.911,4.892,2.793,5.414,5.563,131,236,12,199,5,152,139,64,0,1,0,0,0,232,94,54,0,0,131,196,12,233,166,252,255,255,141,182,0,0,0,0,131,236,12,199,5,152,139,64,0,0,0,0,0,232,62,54,0,0,131,196,12,233,134,252,255,255,144,144,144,144,144,144,15.0,248.0,4.0,0.016,5.0,1,30.0,0
0,0,0,0,0,0,0,0,104135,4194304,4096,4,0,69632,19456,1024,37888,1536,2097152,4096,4096,7,2,0.778,1,6,0,1,6,0,0,0,0,0,0,0,1.014,1,1,16.0,0.0,0,5.714,2.246,4.894,2.792,5.116,5.714,131,236,12,199,5,152,148,64,0,1,0,0,0,232,206,53,0,0,131,196,12,233,166,252,255,255,141,182,0,0,0,0,131,236,12,199,5,152,148,64,0,0,0,0,0,232,174,53,0,0,131,196,12,233,134,252,255,255,144,144,144,144,144,144,11.0,184.0,4.0,0.022,1.0,1,30.0,0
0,0,0,0,0,0,0,0,83633,4194304,4096,4,0,65536,33792,1024,43008,3584,2097152,4096,4096,6,1,0.857,1,5,0,1,5,0,0,0,0,0,0,0,1.008,1,1,16.0,0.0,0,5.905,0.565,-1,2.646,4.632,5.905,131,236,12,199,5,68,192,64,0,0,0,0,0,232,190,16,0,0,131,196,12,233,134,252,255,255,144,144,144,144,144,144,85,137,229,131,236,24,161,76,160,64,0,133,192,116,60,199,4,36,32,176,64,0,255,21,156,210,64,0,186,0,0,0,5.0,98.0,5.0,0.051,25.0,1,-1,0
0,0,0,0,0,0,0,0,80039,4194304,4096,4,0,49152,7680,1024,20480,1536,2097152,4096,4096,7,2,0.778,1,6,0,1,6,0,0,0,0,0,0,0,1.054,1,1,16.0,0.0,0,5.629,0.402,4.909,2.758,4.333,5.629,131,236,12,199,5,24,84,64,0,1,0,0,0,232,94,7,0,0,131,196,12,233,166,252,255,255,141,182,0,0,0,0,131,236,12,199,5,24,84,64,0,0,0,0,0,232,62,7,0,0,131,196,12,233,134,252,255,255,144,144,144,144,144,144,7.0,74.0,4.0,0.054,17.0,1,30.0,0
0,0,0,0,0,0,0,0,0,4194304,4096,4,0,81920,64512,1024,2560,2048,33554432,4096,4096,4,0,1.0,1,3,0,1,3,0,0,0,0,0,0,0,1.005,1,1,3.657,0.0,0,6.42,0.946,-1,2.464,5.726,6.42,85,137,229,131,236,8,131,196,244,106,1,161,168,50,65,0,255,208,232,149,255,255,255,49,192,201,195,144,85,137,229,131,236,8,131,196,244,106,2,161,168,50,65,0,255,208,232,121,255,255,255,201,195,0,0,0,0,0,0,0,32,0,45,0,3.0,69.0,1.0,0.014,-1,1,-1,0
0,0,0,0,0,0,0,0,61369,4194304,4096,4,0,61440,14336,1024,29696,1536,2097152,4096,4096,7,2,0.778,1,6,0,1,6,0,0,0,0,0,0,0,1.013,1,1,18.286,0.0,0,5.795,0.464,4.891,2.767,4.784,5.795,131,236,12,199,5,88,116,64,0,1,0,0,0,232,14,31,0,0,131,196,12,233,166,252,255,255,141,182,0,0,0,0,131,236,12,199,5,88,116,64,0,0,0,0,0,232,238,30,0,0,131,196,12,233,134,252,255,255,144,144,144,144,144,144,11.0,124.0,4.0,0.032,5.0,1,30.0,0
0,0,0,0,0,0,0,0,86303,16777216,4096,5,0,45056,23552,1536,16384,0,262144,4096,4096,2,0,1.0,1,1,0,1,1,0,0,0,0,0,0,0,1.017,0,1,1.017,0.677,0,6.39,0.55,-1,3.584,4.157,6.39,85,139,236,106,255,104,80,24,0,1,104,8,43,0,1,100,161,0,0,0,0,80,100,137,37,0,0,0,0,131,196,240,83,86,87,137,101,232,255,21,48,16,0,1,51,210,138,212,137,21,12,153,0,1,139,200,129,225,255,0,0,0,137,13,3.0,46.0,9.0,0.196,5.0,1,-1,0
0,0,0,0,0,0,0,0,224466,4194304,4096,4,0,172032,28672,4096,139264,0,1048576,4096,4096,4,0,1.0,1,1,0,1,1,0,0,0,0,0,0,0,1.008,0,1,1.155,0.977,0,6.033,5.27,3.922,4.076,5.821,6.033,85,139,236,106,255,104,144,145,64,0,104,62,122,64,0,100,161,0,0,0,0,80,100,137,37,0,0,0,0,131,236,104,83,86,87,137,101,232,51,219,137,93,252,106,2,255,21,88,129,64,0,89,131,13,44,106,66,0,255,131,13,48,106,66,12.0,231.0,3.0,0.013,30.0,0,140.0,0
0,0,0,0,0,0,0,0,92511,4194304,4096,4,0,61440,17408,1024,31744,1536,2097152,4096,4096,7,2,0.778,1,6,0,1,6,0,0,0,0,0,0,0,1.008,1,1,18.286,0.0,0,5.784,0.454,4.889,2.739,4.931,5.784,131,236,12,199,5,152,132,64,0,1,0,0,0,232,30,46,0,0,131,196,12,233,166,252,255,255,141,182,0,0,0,0,131,236,12,199,5,152,132,64,0,0,0,0,0,232,254,45,0,0,131,196,12,233,134,252,255,255,144,144,144,144,144,144,10.0,113.0,4.0,0.035,4.0,1,30.0,0
0,0,1,0,0,0,0,1,178618,4194304,4096,5,1,147456,69120,1024,65024,0,1048576,4096,4096,4,0,1.0,1,1,0,1,1,0,0,0,0,0,0,0,1.004,0,1,1.15,0.381,0,6.316,3.303,3.757,4.072,6.077,6.316,232,181,91,0,0,233,123,254,255,255,106,16,104,88,211,65,0,232,46,13,0,0,51,255,137,125,228,106,1,232,133,0,0,0,89,33,125,252,106,3,94,137,117,224,59,53,132,36,66,0,125,83,161,128,36,66,0,139,4,176,133,192,116,68,6.0,107.0,3.0,0.028,15.0,1,14.0,0
0,0,0,0,0,0,0,0,125795,4194304,4096,4,0,86016,37376,1024,52224,1536,2097152,4096,4096,7,2,0.778,1,6,0,1,6,0,0,0,0,0,0,0,1.001,1,1,21.333,0.0,0,5.77,0.49,4.883,2.804,5.131,5.77,131,236,12,199,5,88,213,64,0,1,0,0,0,232,206,124,0,0,131,196,12,233,166,252,255,255,141,182,0,0,0,0,131,236,12,199,5,88,213,64,0,0,0,0,0,232,174,124,0,0,131,196,12,233,134,252,255,255,144,144,144,144,144,144,10.0,119.0,4.0,0.034,3.0,1,30.0,0
0,0,0,0,0,0,0,0,58959,4194304,4096,4,0,57344,10752,1024,25088,1536,2097152,4096,4096,7,2,0.778,1,6,0,1,6,0,0,0,0,0,0,0,1.029,1,1,21.333,0.0,0,5.581,0.618,4.882,2.787,4.503,5.581,131,236,12,199,5,152,100,64,0,1,0,0,0,232,158,19,0,0,131,196,12,233,166,252,255,255,141,182,0,0,0,0,131,236,12,199,5,152,100,64,0,0,0,0,0,232,126,19,0,0,131,196,12,233,134,252,255,255,144,144,144,144,144,144,10.0,120.0,4.0,0.033,4.0,1,30.0,0
0,0,0,0,0,0,0,0,44743,4194304,4096,4,0,57344,11264,1024,25088,3584,2097152,4096,4096,7,2,0.778,1,6,0,1,6,0,0,0,0,0,0,0,1.004,1,1,21.333,0.0,0,5.745,0.406,4.879,2.739,4.52,5.745,131,236,12,199,5,88,108,64,0,1,0,0,0,232,190,22,0,0,131,196,12,233,166,252,255,255,141,182,0,0,0,0,131,236,12,199,5,88,108,64,0,0,0,0,0,232,158,22,0,0,131,196,12,233,134,252,255,255,144,144,144,144,144,144,10.0,111.0,4.0,0.036,5.0,1,30.0,0
0,0,0,0,0,0,0,0,124765,4194304,4096,4,0,86016,32768,1024,56320,1536,2097152,4096,4096,7,2,0.778,1,6,0,1,6,0,0,0,0,0,0,0,1.004,1,1,25.6,0.0,0,5.594,0.402,4.879,2.826,5.622,5.594,131,236,12,199,5,24,197,64,0,1,0,0,0,232,94,106,0,0,131,196,12,233,166,252,255,255,141,182,0,0,0,0,131,236,12,199,5,24,197,64,0,0,0,0,0,232,62,106,0,0,131,196,12,233,134,252,255,255,144,144,144,144,144,144,13.0,286.0,4.0,0.014,1.0,1,30.0,0
0,0,0,0,0,0,0,1,504430,4194304,4096,5,0,561152,206848,1024,253440,0,1048576,4096,4096,4,0,1.0,1,1,0,1,1,0,0,0,0,0,0,0,1.001,0,1,1.01,0.069,0,6.35,2.895,5.969,3.924,5.56,6.35,232,196,192,0,0,233,120,254,255,255,139,255,85,139,236,81,86,139,117,12,86,232,46,90,0,0,137,69,12,139,70,12,89,168,130,117,23,232,181,15,0,0,199,0,9,0,0,0,131,78,12,32,131,200,255,233,47,1,0,0,168,64,116,13,9.0,314.0,14.0,0.045,21.0,0,214.0,0
0,0,0,0,0,0,0,0,70215,4194304,4096,4,0,57344,11776,1024,26624,1536,2097152,4096,4096,7,2,0.778,1,6,0,1,6,0,0,0,0,0,0,0,1.025,1,1,21.333,0.0,0,5.601,0.758,4.884,2.726,4.678,5.601,131,236,12,199,5,24,100,64,0,1,0,0,0,232,126,22,0,0,131,196,12,233,166,252,255,255,141,182,0,0,0,0,131,236,12,199,5,24,100,64,0,0,0,0,0,232,94,22,0,0,131,196,12,233,134,252,255,255,144,144,144,144,144,144,10.0,119.0,4.0,0.034,5.0,1,30.0,0
0,0,1,0,1,0,0,0,86679,4194304,8192,4,0,40960,16384,4096,8192,0,1048576,4096,8192,3,0,1.0,1,0,0,1,0,0,0,0,0,0,0,0,1.132,0,0,341.333,1.132,0,4.62,-1,1.936,2.716,2.923,4.62,255,37,0,32,64,0,0,0,0,0,0,0,0,0,0,0,0,0,0,0,0,0,0,0,0,0,0,0,0,0,0,0,0,0,0,0,0,0,0,0,0,0,0,0,0,0,0,0,0,0,0,0,0,0,0,0,0,0,0,0,0,0,0,0,1.0,0.0,0.0,0.0,1.0,0,14.0,0
0,0,0,0,0,0,0,0,140793,4194304,4096,4,0,102400,47104,1024,40960,0,1048576,4096,4096,4,0,1.0,1,1,0,1,1,0,0,0,0,0,0,0,1.004,0,1,1.018,0.176,0,6.07,2.902,4.992,3.989,6.102,6.07,106,112,104,0,212,64,0,232,6,2,0,0,51,255,87,255,21,140,208,64,0,102,129,56,77,90,117,31,139,72,60,3,200,129,57,80,69,0,0,117,18,15,183,65,24,61,11,1,0,0,116,31,61,11,2,0,0,116,5,137,125,228,235,39,9.0,225.0,4.0,0.018,8.0,0,156.0,0
0,0,0,0,0,0,0,0,56328,4194304,4096,4,0,69632,19456,1024,32768,5632,2097152,4096,4096,6,3,0.667,1,5,0,1,5,0,0,0,0,0,0,0,1.024,1,1,25.6,0.0,0,5.726,0.749,-1,2.765,3.747,5.726,131,236,12,199,5,152,179,64,0,0,0,0,0,232,110,41,0,0,131,196,12,233,118,252,255,255,144,144,144,144,144,144,85,137,229,131,236,24,161,76,96,64,0,133,192,116,60,199,4,36,0,112,64,0,255,21,212,209,64,0,131,236,4,133,3.0,78.0,4.0,0.051,8.0,0,-1,0
0,0,0,0,0,0,0,0,87455,4194304,4096,4,0,61440,15872,1024,30720,1536,2097152,4096,4096,7,2,0.778,1,6,0,1,6,0,0,0,0,0,0,0,1.002,1,1,18.286,0.0,0,5.832,0.49,4.891,2.8,4.892,5.832,131,236,12,199,5,88,116,64,0,1,0,0,0,232,174,27,0,0,131,196,12,233,166,252,255,255,141,182,0,0,0,0,131,236,12,199,5,88,116,64,0,0,0,0,0,232,142,27,0,0,131,196,12,233,134,252,255,255,144,144,144,144,144,144,11.0,118.0,4.0,0.034,5.0,1,30.0,0
0,0,0,0,0,0,0,0,39422,4194304,4096,4,0,57344,9728,1024,24064,1536,2097152,4096,4096,7,2,0.778,1,6,0,1,6,0,0,0,0,0,0,0,1.025,1,1,16.0,0.0,0,5.635,0.532,4.895,2.786,4.34,5.635,131,236,12,199,5,24,100,64,0,1,0,0,0,232,254,15,0,0,131,196,12,233,166,252,255,255,141,182,0,0,0,0,131,236,12,199,5,24,100,64,0,0,0,0,0,232,222,15,0,0,131,196,12,233,134,252,255,255,144,144,144,144,144,144,11.0,109.0,4.0,0.037,3.0,1,30.0,0
0,0,0,0,0,0,0,0,127660,4194304,4096,4,0,81920,31744,1024,53248,1536,2097152,4096,4096,7,2,0.778,1,6,0,1,6,0,0,0,0,0,0,0,1.008,1,1,18.286,0.0,0,5.749,0.742,4.893,2.819,5.565,5.749,131,236,12,199,5,216,196,64,0,1,0,0,0,232,206,101,0,0,131,196,12,233,166,252,255,255,141,182,0,0,0,0,131,236,12,199,5,216,196,64,0,0,0,0,0,232,174,101,0,0,131,196,12,233,134,252,255,255,144,144,144,144,144,144,12.0,210.0,4.0,0.019,2.0,1,30.0,0
0,0,0,0,0,0,0,0,83901,4194304,4096,4,0,94208,48128,1024,67072,2048,2097152,4096,4096,6,2,0.75,1,6,0,1,6,0,0,0,0,0,0,0,1.005,1,1,128.0,0.0,0,5.841,0.146,-1,2.692,4.94,5.841,85,137,229,131,236,24,199,4,36,1,0,0,0,255,21,20,66,65,0,232,168,254,255,255,144,141,180,38,0,0,0,0,85,137,229,83,131,236,20,139,69,8,139,0,139,0,61,145,0,0,192,119,59,61,141,0,0,192,114,75,187,1,0,0,4.0,76.0,5.0,0.066,-1,1,-1,0
0,0,0,0,0,0,0,0,0,4194304,4096,4,0,237568,145408,1024,80384,0,1048576,4096,4096,4,0,1.0,1,1,0,1,1,0,0,0,0,0,0,0,1.002,0,1,1.011,0.793,0,6.153,3.934,3.85,4.12,5.613,6.153,85,139,236,106,255,104,104,95,66,0,104,92,13,66,0,100,161,0,0,0,0,80,100,137,37,0,0,0,0,131,236,104,83,86,87,137,101,232,51,219,137,93,252,106,2,255,21,136,81,66,0,89,131,13,200,245,66,0,255,131,13,204,245,66,11.0,215.0,6.0,0.028,9.0,1,248.0,0
0,0,0,0,0,0,0,0,39676,4194304,4096,4,0,57344,11264,1024,26112,1536,2097152,4096,4096,7,2,0.778,1,6,0,1,6,0,0,0,0,0,0,0,1.046,1,1,18.286,0.0,0,5.569,0.453,4.887,2.717,4.515,5.569,131,236,12,199,5,152,100,64,0,1,0,0,0,232,238,19,0,0,131,196,12,233,166,252,255,255,141,182,0,0,0,0,131,236,12,199,5,152,100,64,0,0,0,0,0,232,206,19,0,0,131,196,12,233,134,252,255,255,144,144,144,144,144,144,10.0,108.0,4.0,0.037,5.0,1,30.0,0
0,0,0,0,0,0,0,0,76224,4194304,4096,4,0,53248,9216,1024,22528,1536,2097152,4096,4096,7,2,0.778,1,6,0,1,6,0,0,0,0,0,0,0,1.047,1,1,16.0,0.0,0,5.529,0.422,4.898,2.724,4.454,5.529,131,236,12,199,5,24,100,64,0,1,0,0,0,232,78,13,0,0,131,196,12,233,166,252,255,255,141,182,0,0,0,0,131,236,12,199,5,24,100,64,0,0,0,0,0,232,46,13,0,0,131,196,12,233,134,252,255,255,144,144,144,144,144,144,10.0,104.0,4.0,0.038,3.0,1,30.0,0
0,0,0,0,0,0,0,0,66614,4194304,4096,4,0,57344,12288,1024,27136,2048,2097152,4096,4096,7,2,0.778,1,6,0,1,6,0,0,0,0,0,0,0,1.017,1,1,21.333,0.0,0,5.607,0.442,4.876,2.775,4.707,5.607,131,236,12,199,5,24,102,64,0,1,0,0,0,232,46,25,0,0,131,196,12,233,166,252,255,255,141,182,0,0,0,0,131,236,12,199,5,24,102,64,0,0,0,0,0,232,14,25,0,0,131,196,12,233,134,252,255,255,144,144,144,144,144,144,11.0,123.0,4.0,0.033,3.0,1,30.0,0
0,0,1,0,1,0,0,0,101518,4194304,8192,4,0,81920,49152,4096,16384,0,1048576,4096,8192,3,0,1.0,1,0,0,1,0,0,0,0,0,0,0,0,1.073,0,0,341.333,1.014,0,5.336,-1,5.357,2.735,4.87,5.336,255,37,0,32,64,0,0,0,0,0,0,0,0,0,0,0,0,0,0,0,0,0,0,0,0,0,0,0,0,0,0,0,0,0,0,0,0,0,0,0,0,0,0,0,0,0,0,0,0,0,0,0,0,0,0,0,0,0,0,0,0,0,0,0,1.0,0.0,0.0,0.0,1.0,0,46.0,0
0,0,0,0,0,0,0,0,38116,4194304,4096,4,0,57344,10752,1024,24576,1536,2097152,4096,4096,7,2,0.778,1,6,0,1,6,0,0,0,0,0,0,0,1.022,1,1,21.333,0.0,0,5.575,0.442,4.882,2.754,4.441,5.575,131,236,12,199,5,24,100,64,0,1,0,0,0,232,254,19,0,0,131,196,12,233,166,252,255,255,141,182,0,0,0,0,131,236,12,199,5,24,100,64,0,0,0,0,0,232,222,19,0,0,131,196,12,233,134,252,255,255,144,144,144,144,144,144,10.0,114.0,4.0,0.035,5.0,1,30.0,0
0,0,1,0,0,0,0,1,247980,4194304,4096,5,1,221184,138240,1024,69632,0,1048576,4096,4096,4,0,1.0,1,1,0,1,1,0,0,0,0,0,0,0,1.003,0,1,1.11,0.399,0,6.285,3.271,3.843,4.079,6.197,6.285,232,233,124,0,0,233,53,254,255,255,106,16,104,96,245,66,0,232,206,13,0,0,51,255,137,125,228,106,1,232,133,0,0,0,89,33,125,252,106,3,94,137,117,224,59,53,36,66,67,0,125,83,161,32,66,67,0,139,4,176,133,192,116,68,6.0,117.0,3.0,0.026,5.0,0,14.0,0
0,0,0,0,0,0,0,0,60246,4194304,4096,4,0,57344,12288,1024,27648,1536,2097152,4096,4096,7,2,0.778,1,6,0,1,6,0,0,0,0,0,0,0,1.026,1,1,16.0,0.0,0,5.589,0.499,4.896,2.727,4.742,5.589,131,236,12,199,5,24,100,64,0,1,0,0,0,232,174,25,0,0,131,196,12,233,166,252,255,255,141,182,0,0,0,0,131,236,12,199,5,24,100,64,0,0,0,0,0,232,142,25,0,0,131,196,12,233,134,252,255,255,144,144,144,144,144,144,10.0,118.0,4.0,0.034,5.0,1,30.0,0
0,0,0,0,0,0,0,1,131903,4194304,4096,5,0,86016,55296,1024,15360,0,1048576,4096,4096,4,0,1.0,1,1,0,1,1,0,0,0,0,0,0,0,1.001,0,1,1.488,0.448,0,6.203,0.562,5.198,4.048,6.249,6.203,232,219,4,0,0,233,64,253,255,255,139,255,85,139,236,129,236,40,3,0,0,163,48,50,65,0,137,13,44,50,65,0,137,21,40,50,65,0,137,29,36,50,65,0,137,53,32,50,65,0,137,61,28,50,65,0,102,140,21,72,50,65,0,102,4.0,137.0,2.0,0.015,17.0,0,8.0,0
0,0,1,0,1,0,0,0,50032,4194304,8192,4,0,49152,20480,4096,8192,0,1048576,4096,8192,3,0,1.0,1,0,0,1,0,0,0,0,0,0,0,0,1.054,0,0,341.333,1.054,0,5.05,-1,1.899,2.651,3.134,5.05,255,37,0,32,64,0,0,0,0,0,0,0,0,0,0,0,0,0,0,0,0,0,0,0,0,0,0,0,0,0,0,0,0,0,0,0,0,0,0,0,0,0,0,0,0,0,0,0,0,0,0,0,0,0,0,0,0,0,0,0,0,0,0,0,1.0,0.0,0.0,0.0,1.0,0,14.0,0
0,0,0,0,0,0,0,0,0,4194304,4096,4,0,249856,155648,1024,82432,0,1048576,4096,4096,4,0,1.0,1,1,0,1,1,0,0,0,0,0,0,0,1.003,0,1,1.009,0.796,0,6.164,4.051,3.851,4.147,5.646,6.164,85,139,236,106,255,104,192,127,66,0,104,76,46,66,0,100,161,0,0,0,0,80,100,137,37,0,0,0,0,131,236,104,83,86,87,137,101,232,51,219,137,93,252,106,2,255,21,64,114,66,0,89,131,13,40,35,67,0,255,131,13,44,35,67,11.0,235.0,9.0,0.038,7.0,1,248.0,0
0,0,0,0,0,0,0,0,101938,4194304,4096,4,0,90112,50688,1024,27136,0,1048576,4096,4096,4,0,1.0,1,1,0,1,1,0,0,0,0,0,0,0,1.003,0,1,1.031,0.134,0,6.038,1.215,3.988,3.863,6.16,6.038,106,112,104,0,228,64,0,232,226,1,0,0,51,219,83,139,61,16,225,64,0,255,215,102,129,56,77,90,117,31,139,72,60,3,200,129,57,80,69,0,0,117,18,15,183,65,24,61,11,1,0,0,116,31,61,11,2,0,0,116,5,137,93,228,11.0,221.0,11.0,0.05,10.0,0,152.0,0
0,0,0,0,0,0,0,0,164088,4194304,4096,4,0,126976,67584,1024,43520,0,1048576,4096,4096,4,0,1.0,1,1,0,1,1,0,0,0,0,0,0,0,1.003,0,1,1.033,0.242,0,6.117,2.452,4.845,4.05,6.059,6.117,106,112,104,80,36,65,0,232,4,2,0,0,51,255,87,255,21,156,32,65,0,102,129,56,77,90,117,31,139,72,60,3,200,129,57,80,69,0,0,117,18,15,183,65,24,61,11,1,0,0,116,31,61,11,2,0,0,116,5,137,125,228,235,39,9.0,234.0,4.0,0.017,2.0,0,184.0,0
0,0,0,0,0,0,0,0,0,4194304,4096,4,0,77824,38912,4096,22016,0,1048576,4096,4096,4,0,1.0,1,1,0,1,1,0,0,0,0,0,0,0,1.006,0,1,1.02,0.246,0,6.053,1.285,4.15,3.811,5.56,6.053,106,112,104,144,179,64,0,232,226,1,0,0,51,219,83,139,61,4,177,64,0,255,215,102,129,56,77,90,117,31,139,72,60,3,200,129,57,80,69,0,0,117,18,15,183,65,24,61,11,1,0,0,116,31,61,11,2,0,0,116,5,137,93,228,10.0,195.0,10.0,0.051,-1,1,124.0,0
0,0,0,0,0,0,0,0,40717,4194304,4096,4,0,49152,7680,1024,19968,1536,2097152,4096,4096,7,2,0.778,1,6,0,1,6,0,0,0,0,0,0,0,1.019,1,1,16.0,0.0,0,5.772,0.402,4.898,2.724,4.332,5.772,131,236,12,199,5,24,84,64,0,1,0,0,0,232,94,8,0,0,131,196,12,233,166,252,255,255,141,182,0,0,0,0,131,236,12,199,5,24,84,64,0,0,0,0,0,232,62,8,0,0,131,196,12,233,134,252,255,255,144,144,144,144,144,144,6.0,73.0,4.0,0.055,18.0,1,30.0,0
0,0,0,0,0,0,0,0,84378,4194304,4096,4,0,53248,9216,1024,23040,1536,2097152,4096,4096,7,2,0.778,1,6,0,1,6,0,0,0,0,0,0,0,1.036,1,1,18.286,0.0,0,5.62,0.389,4.895,2.744,4.459,5.62,131,236,12,199,5,152,100,64,0,1,0,0,0,232,174,13,0,0,131,196,12,233,166,252,255,255,141,182,0,0,0,0,131,236,12,199,5,152,100,64,0,0,0,0,0,232,142,13,0,0,131,196,12,233,134,252,255,255,144,144,144,144,144,144,7.0,100.0,4.0,0.04,17.0,1,30.0,0
0,0,0,0,0,0,0,0,0,4194304,4096,4,0,65536,49152,4096,12288,0,1048576,4096,4096,3,0,1.0,1,1,0,1,1,0,0,0,0,0,0,0,1.004,0,0,2.124,1.004,0,6.283,3.312,-1,3.91,5.947,6.283,85,139,236,106,255,104,16,210,64,0,104,8,205,64,0,100,161,0,0,0,0,80,100,137,37,0,0,0,0,131,236,32,83,86,87,137,101,232,131,101,252,0,106,1,255,21,176,208,64,0,89,131,13,192,244,64,0,255,131,13,196,244,64,0,2.0,73.0,3.0,0.041,14.0,1,-1,0
0,0,0,0,0,0,0,0,106247,4194304,4096,4,0,73728,27648,1024,43520,1536,2097152,4096,4096,7,2,0.778,1,6,0,1,6,0,0,0,0,0,0,0,1.012,1,1,21.333,0.0,0,5.72,0.396,4.884,2.802,5.163,5.72,131,236,12,199,5,24,165,64,0,1,0,0,0,232,142,85,0,0,131,196,12,233,166,252,255,255,141,182,0,0,0,0,131,236,12,199,5,24,165,64,0,0,0,0,0,232,110,85,0,0,131,196,12,233,134,252,255,255,144,144,144,144,144,144,10.0,131.0,4.0,0.031,5.0,1,30.0,0
0,0,0,0,0,0,0,1,2103346,4194304,4096,5,0,2080768,1216000,1024,832512,0,1048576,4096,4096,4,0,1.0,1,1,0,1,1,0,0,0,0,0,0,0,1.0,0,1,1.001,0.845,0,6.279,3.993,5.815,4.376,6.175,6.279,232,32,108,0,0,233,121,254,255,255,59,13,160,78,89,0,117,2,243,195,233,162,108,0,0,204,204,204,204,204,204,204,204,204,204,204,204,139,84,36,12,139,76,36,4,133,210,116,105,51,192,138,68,36,8,132,192,117,22,129,250,0,1,0,14.0,457.0,12.0,0.026,26.0,1,400.0,0
0,0,0,0,0,0,0,0,75373,4194304,4096,4,0,61440,16384,1024,31744,2560,2097152,4096,4096,7,2,0.778,1,6,0,1,6,0,0,0,0,0,0,0,1.029,1,1,18.286,0.0,0,5.803,0.455,4.886,2.778,5.033,5.803,131,236,12,199,5,216,120,64,0,1,0,0,0,232,174,40,0,0,131,196,12,233,166,252,255,255,141,182,0,0,0,0,131,236,12,199,5,216,120,64,0,0,0,0,0,232,142,40,0,0,131,196,12,233,134,252,255,255,144,144,144,144,144,144,12.0,141.0,4.0,0.028,6.0,1,30.0,0
0,0,0,0,0,0,0,0,90693,4194304,4096,4,0,61440,12800,1024,27648,2560,2097152,4096,4096,7,2,0.778,1,6,0,1,6,0,0,0,0,0,0,0,1.024,1,1,18.286,0.0,0,5.687,0.453,4.888,2.784,4.542,5.687,131,236,12,199,5,152,121,64,0,1,0,0,0,232,78,26,0,0,131,196,12,233,166,252,255,255,141,182,0,0,0,0,131,236,12,199,5,152,121,64,0,0,0,0,0,232,46,26,0,0,131,196,12,233,134,252,255,255,144,144,144,144,144,144,10.0,127.0,4.0,0.031,3.0,1,30.0,0
0,0,0,0,0,0,0,0,60044,4194304,4096,4,0,57344,15872,1024,30208,1536,2097152,4096,4096,7,2,0.778,1,6,0,1,6,0,0,0,0,0,0,0,1.016,1,1,21.333,0.0,0,5.81,0.402,4.882,2.773,5.0,5.81,131,236,12,199,5,152,116,64,0,1,0,0,0,232,190,39,0,0,131,196,12,233,166,252,255,255,141,182,0,0,0,0,131,236,12,199,5,152,116,64,0,0,0,0,0,232,158,39,0,0,131,196,12,233,134,252,255,255,144,144,144,144,144,144,10.0,107.0,4.0,0.037,4.0,1,30.0,0
0,0,0,0,0,0,0,0,119642,4194304,4096,4,0,139264,37888,1024,61440,48128,2097152,4096,4096,7,2,0.778,1,6,0,1,6,0,0,0,0,0,0,0,1.001,1,1,16.0,0.0,0,5.635,1.122,4.905,2.888,4.059,5.635,131,236,12,199,5,152,154,65,0,1,0,0,0,232,94,123,0,0,131,196,12,233,166,252,255,255,141,182,0,0,0,0,131,236,12,199,5,152,154,65,0,0,0,0,0,232,62,123,0,0,131,196,12,233,134,252,255,255,144,144,144,144,144,144,12.0,235.0,4.0,0.017,3.0,1,30.0,0
0,0,0,0,0,0,0,0,89416,4194304,4096,4,0,65536,19968,1024,35840,1536,2097152,4096,4096,7,2,0.778,1,6,0,1,6,0,0,0,0,0,0,0,1.026,1,1,18.286,0.0,0,5.564,0.537,4.888,2.784,5.026,5.564,131,236,12,199,5,88,132,64,0,1,0,0,0,232,206,51,0,0,131,196,12,233,166,252,255,255,141,182,0,0,0,0,131,236,12,199,5,88,132,64,0,0,0,0,0,232,174,51,0,0,131,196,12,233,134,252,255,255,144,144,144,144,144,144,10.0,141.0,4.0,0.028,5.0,1,30.0,0
0,0,0,0,0,0,0,0,0,4194304,4096,4,0,73728,24576,4096,45056,0,1048576,4096,4096,4,0,1.0,1,1,0,1,1,0,0,0,0,0,0,0,1.001,0,0,1.143,1.001,0,6.377,0.689,4.088,3.585,4.839,6.377,85,139,236,106,255,104,248,113,64,0,104,180,65,64,0,100,161,0,0,0,0,80,100,137,37,0,0,0,0,131,236,88,83,86,87,137,101,232,255,21,172,112,64,0,51,210,138,212,137,21,148,167,64,0,139,200,129,225,255,0,0,0,137,13,5.0,110.0,12.0,0.109,6.0,1,82.0,0
0,0,0,0,0,0,0,0,51104,4194304,4096,4,0,57344,10752,1024,24576,1536,2097152,4096,4096,7,2,0.778,1,6,0,1,6,0,0,0,0,0,0,0,1.041,1,1,18.286,0.0,0,5.511,0.458,4.886,2.722,4.437,5.511,131,236,12,199,5,24,100,64,0,1,0,0,0,232,62,19,0,0,131,196,12,233,166,252,255,255,141,182,0,0,0,0,131,236,12,199,5,24,100,64,0,0,0,0,0,232,30,19,0,0,131,196,12,233,134,252,255,255,144,144,144,144,144,144,10.0,115.0,4.0,0.035,5.0,1,30.0,0
0,0,1,0,0,0,0,1,0,4194304,4096,5,1,36864,9728,1024,9728,0,1048576,4096,4096,5,0,1.0,1,1,0,1,1,0,0,0,0,0,0,0,1.053,0,1,1.167,0.33,0,5.826,3.02,4.702,3.66,3.69,5.826,232,208,2,0,0,233,116,254,255,255,195,85,139,236,139,69,8,86,139,72,60,3,200,15,183,65,20,141,81,24,3,208,15,183,65,6,107,240,40,3,242,59,214,116,25,139,77,12,59,74,12,114,10,139,66,8,3,66,12,59,200,114,12,131,2.0,27.0,2.0,0.074,27.0,0,8.0,0
0,0,0,0,0,0,0,0,44460,4194304,4096,4,0,61440,12800,1024,28160,1536,2097152,4096,4096,7,2,0.778,1,6,0,1,6,0,0,0,0,0,0,0,1.032,1,1,21.333,0.0,0,5.528,0.613,4.883,2.779,4.539,5.528,131,236,12,199,5,152,116,64,0,1,0,0,0,232,46,27,0,0,131,196,12,233,166,252,255,255,141,182,0,0,0,0,131,236,12,199,5,152,116,64,0,0,0,0,0,232,14,27,0,0,131,196,12,233,134,252,255,255,144,144,144,144,144,144,11.0,132.0,4.0,0.03,4.0,1,30.0,0
0,0,0,0,0,0,0,0,122949,4194304,4096,4,0,348160,32768,1024,53760,268288,2097152,4096,4096,7,2,0.778,1,6,0,1,6,0,0,0,0,0,0,0,1.011,1,1,16.0,0.0,0,5.865,0.545,4.905,2.831,1.678,5.865,131,236,12,199,5,216,213,68,0,1,0,0,0,232,62,94,0,0,131,196,12,233,166,252,255,255,141,182,0,0,0,0,131,236,12,199,5,216,213,68,0,0,0,0,0,232,30,94,0,0,131,196,12,233,134,252,255,255,144,144,144,144,144,144,12.0,169.0,4.0,0.024,3.0,1,30.0,0
0,0,0,0,0,0,0,0,0,4194304,4096,4,0,81920,45056,4096,32768,0,1048576,4096,4096,4,0,1.0,1,1,0,1,1,0,0,0,0,0,0,0,1.018,0,0,1.542,1.018,0,5.772,3.551,2.945,3.836,5.282,5.772,85,139,236,106,255,104,168,201,64,0,104,58,169,64,0,100,161,0,0,0,0,80,100,137,37,0,0,0,0,131,236,104,83,86,87,137,101,232,51,219,137,93,252,106,2,95,87,255,21,124,195,64,0,89,131,13,88,250,64,0,255,131,13,92,6.0,244.0,0.0,0.0,11.0,1,60.0,0
0,0,0,0,0,0,0,0,62247,4194304,4096,4,0,61440,14336,1024,28672,1536,2097152,4096,4096,7,2,0.778,1,6,0,1,6,0,0,0,0,0,0,0,1.016,1,1,25.6,0.0,0,5.564,0.453,4.873,2.756,4.547,5.564,131,236,12,199,5,24,116,64,0,1,0,0,0,232,14,34,0,0,131,196,12,233,166,252,255,255,141,182,0,0,0,0,131,236,12,199,5,24,116,64,0,0,0,0,0,232,238,33,0,0,131,196,12,233,134,252,255,255,144,144,144,144,144,144,10.0,112.0,4.0,0.036,3.0,1,30.0,0
0,0,0,0,0,0,0,0,98059,4194304,4096,4,0,73728,21504,1024,40448,1536,2097152,4096,4096,7,2,0.778,1,6,0,1,6,0,0,0,0,0,0,0,1.013,1,1,21.333,0.0,0,5.871,1.749,4.88,2.82,5.1,5.871,131,236,12,199,5,24,165,64,0,1,0,0,0,232,142,51,0,0,131,196,12,233,166,252,255,255,141,182,0,0,0,0,131,236,12,199,5,24,165,64,0,0,0,0,0,232,110,51,0,0,131,196,12,233,134,252,255,255,144,144,144,144,144,144,11.0,173.0,4.0,0.023,3.0,1,30.0,0
0,0,0,0,0,0,0,0,0,4194304,4096,4,0,49152,32768,1024,2048,512,33554432,4096,4096,4,0,1.0,1,3,0,1,3,0,0,0,0,0,0,0,1.004,1,1,7.529,0.0,0,6.085,0.29,-1,2.41,4.952,6.085,85,137,229,83,106,0,232,53,127,0,0,232,216,125,0,0,232,203,255,255,255,232,42,0,0,0,255,53,8,144,64,0,255,53,4,144,64,0,255,53,0,144,64,0,232,175,9,0,0,137,195,232,184,125,0,0,83,232,10,127,0,0,139,93,3.0,53.0,1.0,0.019,-1,1,-1,0
0,0,0,0,0,0,0,0,100681,4194304,4096,4,0,65536,16896,1024,32768,1536,2097152,4096,4096,7,2,0.778,1,6,0,1,6,0,0,0,0,0,0,0,1.021,1,1,21.333,0.0,0,5.619,0.758,4.881,2.78,4.768,5.619,131,236,12,199,5,152,132,64,0,1,0,0,0,232,126,40,0,0,131,196,12,233,166,252,255,255,141,182,0,0,0,0,131,236,12,199,5,152,132,64,0,0,0,0,0,232,94,40,0,0,131,196,12,233,134,252,255,255,144,144,144,144,144,144,10.0,141.0,4.0,0.028,3.0,1,30.0,0
0,0,0,0,0,0,0,0,68625,4194304,4096,4,0,61440,13312,1024,29184,1536,2097152,4096,4096,7,2,0.778,1,6,0,1,6,0,0,0,0,0,0,0,1.017,1,1,21.333,0.0,0,5.563,0.556,4.884,2.779,4.633,5.563,131,236,12,199,5,88,116,64,0,1,0,0,0,232,30,29,0,0,131,196,12,233,166,252,255,255,141,182,0,0,0,0,131,236,12,199,5,88,116,64,0,0,0,0,0,232,254,28,0,0,131,196,12,233,134,252,255,255,144,144,144,144,144,144,12.0,121.0,4.0,0.033,5.0,1,30.0,0
0,0,0,0,0,0,0,0,81428,4194304,4096,4,0,65536,16896,1024,33280,1536,2097152,4096,4096,7,2,0.778,1,6,0,1,6,0,0,0,0,0,0,0,1.008,1,1,18.286,0.0,0,5.578,0.285,4.885,2.813,4.815,5.578,131,236,12,199,5,88,133,64,0,1,0,0,0,232,94,44,0,0,131,196,12,233,166,252,255,255,141,182,0,0,0,0,131,236,12,199,5,88,133,64,0,0,0,0,0,232,62,44,0,0,131,196,12,233,134,252,255,255,144,144,144,144,144,144,12.0,153.0,4.0,0.026,2.0,1,30.0,0
0,0,0,0,0,0,0,1,69980,268435456,4096,5,0,45056,18944,1024,4096,0,1048576,8192,4096,3,0,1.0,1,1,0,1,1,0,0,0,0,0,0,0,1.004,0,1,1.096,0.132,0,5.98,1.768,4.773,4.326,4.749,5.98,232,248,251,255,255,233,162,253,255,255,81,141,76,36,4,43,200,27,192,247,208,35,200,139,196,37,0,240,255,255,59,200,114,10,139,193,89,148,139,0,137,4,36,195,45,0,16,0,0,133,0,235,233,204,255,37,236,16,0,16,139,68,36,4,5.0,95.0,2.0,0.021,3.0,0,14.0,0
0,0,1,0,0,0,0,1,99805,268435456,4096,5,0,61440,44032,1024,4608,0,1048576,8192,4096,3,0,1.0,1,1,0,1,1,0,0,0,0,0,0,0,1.001,0,1,1.033,0.118,0,6.131,2.342,4.162,4.321,5.882,6.131,232,150,5,0,0,233,162,253,255,255,59,13,24,193,0,16,117,2,243,195,233,22,6,0,0,255,37,68,17,0,16,80,100,255,53,0,0,0,0,141,68,36,12,43,100,36,12,83,86,87,137,40,139,232,161,24,193,0,16,51,197,80,255,117,5.0,91.0,6.0,0.066,3.0,0,28.0,0
0,0,0,0,0,0,0,0,109505,4194304,4096,4,0,69632,18432,1024,35840,1536,2097152,4096,4096,7,2,0.778,1,6,0,1,6,0,0,0,0,0,0,0,1.006,1,1,21.333,0.0,0,5.54,0.691,4.883,2.82,4.848,5.54,131,236,12,199,5,24,149,64,0,1,0,0,0,232,46,50,0,0,131,196,12,233,166,252,255,255,141,182,0,0,0,0,131,236,12,199,5,24,149,64,0,0,0,0,0,232,14,50,0,0,131,196,12,233,134,252,255,255,144,144,144,144,144,144,10.0,169.0,4.0,0.024,4.0,1,30.0,0
0,0,0,0,0,0,0,0,173083,4194304,4096,4,0,151552,24576,4096,122880,0,1048576,4096,4096,3,0,1.0,1,1,0,1,1,0,0,0,0,0,0,0,1.052,0,1,1.385,0.971,0,6.251,5.287,-1,3.901,5.843,6.251,85,139,236,106,255,104,48,113,64,0,104,100,77,64,0,100,161,0,0,0,0,80,100,137,37,0,0,0,0,131,236,16,83,86,87,137,101,232,255,21,180,112,64,0,51,210,138,212,137,21,84,52,66,0,139,200,129,225,255,0,0,0,137,13,5.0,70.0,12.0,0.171,4.0,1,-1,0
0,0,0,0,0,0,0,0,95560,4194304,4096,4,0,65536,19456,1024,34304,1536,2097152,4096,4096,7,2,0.778,1,6,0,1,6,0,0,0,0,0,0,0,1.022,1,1,16.0,0.0,0,5.983,0.716,4.908,2.732,4.971,5.983,131,236,12,199,5,24,132,64,0,1,0,0,0,232,94,50,0,0,131,196,12,233,166,252,255,255,141,182,0,0,0,0,131,236,12,199,5,24,132,64,0,0,0,0,0,232,62,50,0,0,131,196,12,233,134,252,255,255,144,144,144,144,144,144,10.0,117.0,4.0,0.034,5.0,1,30.0,0
0,0,0,0,0,0,0,0,89052,4194304,4096,4,0,73728,23040,1024,44032,2560,2097152,4096,4096,7,2,0.778,1,6,0,1,6,0,0,0,0,0,0,0,1.018,1,1,21.333,0.0,0,5.445,0.402,4.884,2.805,5.303,5.445,131,236,12,199,5,88,169,64,0,1,0,0,0,232,254,66,0,0,131,196,12,233,166,252,255,255,141,182,0,0,0,0,131,236,12,199,5,88,169,64,0,0,0,0,0,232,222,66,0,0,131,196,12,233,134,252,255,255,144,144,144,144,144,144,12.0,219.0,4.0,0.018,5.0,1,30.0,0
0,0,0,0,0,0,0,0,94877,4194304,4096,4,0,61440,25600,1024,32256,3072,2097152,4096,4096,6,2,0.75,1,6,0,1,6,0,0,0,0,0,0,0,1.018,1,1,21.333,0.0,0,6.017,0.258,-1,2.634,3.862,6.017,85,137,229,131,236,24,199,4,36,1,0,0,0,255,21,144,193,64,0,232,168,254,255,255,144,141,180,38,0,0,0,0,85,137,229,83,131,236,20,139,69,8,139,0,139,0,61,145,0,0,192,119,59,61,141,0,0,192,114,75,187,1,0,0,2.0,55.0,5.0,0.091,-1,1,-1,0
0,0,0,0,0,0,0,0,116780,4194304,4096,4,0,69632,19456,1024,38912,2560,2097152,4096,4096,7,2,0.778,1,6,0,1,6,0,0,0,0,0,0,0,1.017,1,1,21.333,0.0,0,5.468,0.527,4.882,2.794,5.091,5.468,131,236,12,199,5,216,151,64,0,1,0,0,0,232,142,52,0,0,131,196,12,233,166,252,255,255,141,182,0,0,0,0,131,236,12,199,5,216,151,64,0,0,0,0,0,232,110,52,0,0,131,196,12,233,134,252,255,255,144,144,144,144,144,144,12.0,179.0,4.0,0.022,4.0,1,30.0,0
0,0,0,0,0,0,0,0,59666,4194304,4096,4,0,49152,8192,1024,19968,1536,2097152,4096,4096,7,2,0.778,1,6,0,1,6,0,0,0,0,0,0,0,1.049,1,1,21.333,0.0,0,5.633,0.382,4.886,2.729,4.271,5.633,131,236,12,199,5,152,84,64,0,1,0,0,0,232,94,9,0,0,131,196,12,233,166,252,255,255,141,182,0,0,0,0,131,236,12,199,5,152,84,64,0,0,0,0,0,232,62,9,0,0,131,196,12,233,134,252,255,255,144,144,144,144,144,144,4.0,70.0,4.0,0.057,2.0,1,30.0,0
0,0,0,0,0,0,0,0,99801,4194304,4096,4,0,69632,21504,1024,38400,1536,2097152,4096,4096,7,2,0.778,1,6,0,1,6,0,0,0,0,0,0,0,1.004,1,1,25.6,0.0,0,5.726,0.97,4.873,2.783,5.106,5.726,131,236,12,199,5,88,148,64,0,1,0,0,0,232,174,49,0,0,131,196,12,233,166,252,255,255,141,182,0,0,0,0,131,236,12,199,5,88,148,64,0,0,0,0,0,232,142,49,0,0,131,196,12,233,134,252,255,255,144,144,144,144,144,144,11.0,155.0,4.0,0.026,2.0,1,30.0,0
0,0,0,0,0,0,0,0,94232,4194304,4096,4,0,57344,14848,1024,28672,1536,2097152,4096,4096,7,2,0.778,1,6,0,1,6,0,0,0,0,0,0,0,1.017,1,1,16.0,0.0,0,5.754,0.382,4.901,2.779,4.803,5.754,131,236,12,199,5,24,117,64,0,1,0,0,0,232,238,35,0,0,131,196,12,233,166,252,255,255,141,182,0,0,0,0,131,236,12,199,5,24,117,64,0,0,0,0,0,232,206,35,0,0,131,196,12,233,134,252,255,255,144,144,144,144,144,144,6.0,96.0,4.0,0.042,33.0,1,30.0,0
0,0,0,0,0,0,0,0,118268,4194304,4096,4,0,73728,26112,1024,43008,1536,2097152,4096,4096,7,2,0.778,1,6,0,1,6,0,0,0,0,0,0,0,1.004,1,1,25.6,0.0,0,5.55,0.566,4.875,2.791,5.136,5.55,131,236,12,199,5,88,164,64,0,1,0,0,0,232,142,77,0,0,131,196,12,233,166,252,255,255,141,182,0,0,0,0,131,236,12,199,5,88,164,64,0,0,0,0,0,232,110,77,0,0,131,196,12,233,134,252,255,255,144,144,144,144,144,144,11.0,153.0,4.0,0.026,3.0,1,30.0,0
0,0,0,0,0,0,0,0,129348,4194304,4096,4,0,65536,32768,4096,28672,0,1048576,4096,4096,4,0,1.0,1,1,0,1,1,0,0,0,0,0,0,0,1.073,0,1,4.0,0.687,0,6.237,1.466,1.036,3.702,5.135,6.237,85,139,236,106,255,104,0,145,64,0,104,180,78,64,0,100,161,0,0,0,0,80,100,137,37,0,0,0,0,131,236,16,83,86,87,137,101,232,255,21,76,144,64,0,51,210,138,212,137,21,228,207,64,0,139,200,129,225,255,0,0,0,137,13,1.0,61.0,11.0,0.18,62.0,1,8.0,0
0,0,0,0,0,0,0,0,102000,4194304,4096,4,0,65536,17408,1024,33792,1536,2097152,4096,4096,7,2,0.778,1,6,0,1,6,0,0,0,0,0,0,0,1.003,1,1,21.333,0.0,0,5.467,0.515,4.883,2.789,4.907,5.467,131,236,12,199,5,216,132,64,0,1,0,0,0,232,190,46,0,0,131,196,12,233,166,252,255,255,141,182,0,0,0,0,131,236,12,199,5,216,132,64,0,0,0,0,0,232,158,46,0,0,131,196,12,233,134,252,255,255,144,144,144,144,144,144,12.0,160.0,4.0,0.025,2.0,1,30.0,0
0,0,0,0,0,0,0,0,104038,4194304,4096,4,0,90112,37376,1024,59392,2560,2097152,4096,4096,7,2,0.778,1,6,0,1,6,0,0,0,0,0,0,0,1.006,1,1,18.286,0.0,0,5.756,1.632,4.895,2.87,5.455,5.756,131,236,12,199,5,216,231,64,0,1,0,0,0,232,158,112,0,0,131,196,12,233,166,252,255,255,141,182,0,0,0,0,131,236,12,199,5,216,231,64,0,0,0,0,0,232,126,112,0,0,131,196,12,233,134,252,255,255,144,144,144,144,144,144,13.0,192.0,4.0,0.021,2.0,1,30.0,0
0,0,1,0,0,0,0,1,0,4194304,4096,5,1,28672,6144,1024,7168,0,1048576,4096,4096,5,0,1.0,1,1,0,1,1,0,0,0,0,0,0,0,1.047,0,1,1.48,0.471,0,5.92,1.376,4.696,3.663,3.258,5.92,232,207,2,0,0,233,122,254,255,255,85,139,236,139,69,8,86,139,72,60,3,200,15,183,65,20,141,81,24,3,208,15,183,65,6,107,240,40,3,242,59,214,116,25,139,77,12,59,74,12,114,10,139,66,8,3,66,12,59,200,114,12,131,194,1.0,36.0,2.0,0.056,37.0,0,8.0,0
0,0,0,0,0,0,0,0,94235,4194304,4096,4,0,65536,24576,4096,32768,0,1048576,4096,4096,4,0,1.0,1,1,0,1,1,0,0,0,0,0,0,0,1.025,0,1,1.608,0.57,0,6.194,0.646,4.528,3.845,6.038,6.194,232,168,3,0,0,233,53,253,255,255,85,139,236,129,236,40,3,0,0,163,216,195,64,0,137,13,212,195,64,0,137,21,208,195,64,0,137,29,204,195,64,0,137,53,200,195,64,0,137,61,196,195,64,0,102,140,21,240,195,64,0,102,140,13,7.0,166.0,9.0,0.054,9.0,1,32.0,0
0,0,0,0,0,0,0,0,57884,4194304,4096,4,0,69632,19968,1024,37376,1536,2097152,4096,4096,7,2,0.778,1,6,0,1,6,0,0,0,0,0,0,0,1.014,1,1,21.333,0.0,0,5.92,0.956,4.883,2.811,5.055,5.92,131,236,12,199,5,24,149,64,0,1,0,0,0,232,174,45,0,0,131,196,12,233,166,252,255,255,141,182,0,0,0,0,131,236,12,199,5,24,149,64,0,0,0,0,0,232,142,45,0,0,131,196,12,233,134,252,255,255,144,144,144,144,144,144,11.0,147.0,4.0,0.027,2.0,1,30.0,0
0,0,0,0,0,0,0,0,47660,4194304,4096,4,0,53248,12288,1024,26624,1536,2097152,4096,4096,7,2,0.778,1,6,0,1,6,0,0,0,0,0,0,0,1.012,1,1,21.333,0.0,0,5.724,0.402,4.883,2.698,4.942,5.724,131,236,12,199,5,152,100,64,0,1,0,0,0,232,62,26,0,0,131,196,12,233,166,252,255,255,141,182,0,0,0,0,131,236,12,199,5,152,100,64,0,0,0,0,0,232,30,26,0,0,131,196,12,233,134,252,255,255,144,144,144,144,144,144,9.0,108.0,4.0,0.037,2.0,1,30.0,0
0,0,0,0,0,0,0,0,88512,4194304,4096,4,0,49152,6656,1024,18432,1536,2097152,4096,4096,7,2,0.778,1,6,0,1,6,0,0,0,0,0,0,0,1.012,1,1,16.0,0.0,0,5.694,0.396,4.902,2.756,4.126,5.694,131,236,12,199,5,24,84,64,0,1,0,0,0,232,158,4,0,0,131,196,12,233,166,252,255,255,141,182,0,0,0,0,131,236,12,199,5,24,84,64,0,0,0,0,0,232,126,4,0,0,131,196,12,233,134,252,255,255,144,144,144,144,144,144,10.0,65.0,4.0,0.062,2.0,1,30.0,0
0,0,0,0,0,0,0,1,180666,4194304,4096,5,0,192512,134656,1024,36352,0,1048576,4096,4096,4,0,1.0,1,1,0,1,1,0,0,0,0,0,0,0,1.003,0,1,1.136,0.297,0,6.26,2.239,4.414,3.831,6.123,6.26,232,45,171,0,0,233,164,254,255,255,45,164,3,0,0,116,34,131,232,4,116,23,131,232,13,116,12,72,116,3,51,192,195,184,4,4,0,0,195,184,18,4,0,0,195,184,4,8,0,0,195,184,17,4,0,0,195,139,255,86,87,139,240,104,9.0,174.0,12.0,0.069,29.0,0,14.0,0
0,0,0,0,0,0,0,0,59437,4194304,4096,4,0,73728,22528,1024,39424,1536,2097152,4096,4096,7,2,0.778,1,6,0,1,6,0,0,0,0,0,0,0,1.006,1,1,18.286,0.0,0,5.776,0.725,4.889,2.788,4.88,5.776,131,236,12,199,5,152,164,64,0,1,0,0,0,232,126,61,0,0,131,196,12,233,166,252,255,255,141,182,0,0,0,0,131,236,12,199,5,152,164,64,0,0,0,0,0,232,94,61,0,0,131,196,12,233,134,252,255,255,144,144,144,144,144,144,10.0,122.0,4.0,0.033,5.0,1,30.0,0
0,0,0,0,0,0,0,0,36632,4194304,4096,4,0,45056,14336,512,23040,0,1048576,4096,4096,4,0,1.0,1,1,0,1,1,0,0,0,0,0,0,0,1.031,0,1,1.031,0.646,0,6.042,4.566,6.349,2.028,5.502,6.042,85,139,236,131,236,68,86,255,21,120,80,64,0,139,240,138,6,60,34,117,20,138,70,1,70,132,192,116,4,60,34,117,244,128,62,34,117,13,70,235,10,60,32,126,6,70,128,62,32,127,250,138,6,132,192,116,4,60,32,126,233,131,101,232,5.0,103.0,7.0,0.068,14.0,1,40.0,0
0,0,0,0,0,0,0,1,529413,4194304,4096,5,0,491520,323584,1024,148480,0,1048576,4096,4096,4,0,1.0,1,1,0,1,1,0,0,0,0,0,0,0,1.001,0,1,1.006,0.829,0,5.939,2.612,4.029,4.043,5.639,5.939,232,186,119,0,0,233,120,254,255,255,117,1,195,85,139,236,131,236,0,80,82,83,86,87,106,0,255,117,4,232,222,122,0,0,89,89,95,94,91,90,88,139,229,93,195,139,255,85,139,236,86,139,241,133,246,116,33,133,210,116,29,83,139,93,14.0,313.0,13.0,0.042,6.0,0,316.0,0
0,0,0,0,0,0,0,0,169803,4194304,4096,4,0,147456,20480,4096,122880,0,1048576,4096,4096,3,0,1.0,1,1,0,1,1,0,0,0,0,0,0,0,1.036,0,1,1.373,0.985,0,6.322,5.26,-1,3.966,5.748,6.322,85,139,236,106,255,104,56,97,64,0,104,228,62,64,0,100,161,0,0,0,0,80,100,137,37,0,0,0,0,131,236,16,83,86,87,137,101,232,255,21,136,96,64,0,51,210,138,212,137,21,120,33,66,0,139,200,129,225,255,0,0,0,137,13,5.0,71.0,11.0,0.155,9.0,1,-1,0
0,0,0,0,0,0,0,0,108835,4194304,4096,4,0,65536,22528,1024,36352,1536,2097152,4096,4096,7,2,0.778,1,6,0,1,6,0,0,0,0,0,0,0,1.018,1,1,21.333,0.0,0,5.751,0.41,4.883,2.788,4.993,5.751,131,236,12,199,5,152,148,64,0,1,0,0,0,232,30,65,0,0,131,196,12,233,166,252,255,255,141,182,0,0,0,0,131,236,12,199,5,152,148,64,0,0,0,0,0,232,254,64,0,0,131,196,12,233,134,252,255,255,144,144,144,144,144,144,7.0,100.0,4.0,0.04,2.0,1,30.0,0
0,0,0,0,0,0,0,0,68563,4194304,4096,4,0,61440,16384,1024,31744,1536,2097152,4096,4096,7,2,0.778,1,6,0,1,6,0,0,0,0,0,0,0,1.014,1,1,18.286,0.0,0,5.648,0.604,4.886,2.745,4.935,5.648,131,236,12,199,5,88,116,64,0,1,0,0,0,232,46,40,0,0,131,196,12,233,166,252,255,255,141,182,0,0,0,0,131,236,12,199,5,88,116,64,0,0,0,0,0,232,14,40,0,0,131,196,12,233,134,252,255,255,144,144,144,144,144,144,11.0,132.0,4.0,0.03,2.0,1,30.0,0
0,0,0,0,0,0,0,0,42973,4194304,4096,4,0,20480,4096,1024,4096,0,1048576,4096,4096,4,0,1.0,1,1,0,1,1,0,0,0,0,0,0,0,1.041,0,1,1.354,0.992,0,5.689,0.969,5.182,3.789,3.149,5.689,106,40,104,0,33,64,0,232,86,2,0,0,51,255,87,255,21,12,32,64,0,102,129,56,77,90,117,31,139,72,60,3,200,129,57,80,69,0,0,117,18,15,183,65,24,61,11,1,0,0,116,31,61,11,2,0,0,116,5,137,125,228,235,39,2.0,47.0,3.0,0.064,20.0,0,14.0,0
0,0,0,0,0,0,0,0,0,4194304,4096,4,0,1576960,1122304,1536,90112,0,1048576,8192,4096,8,0,1.0,1,2,0,1,2,0,0,0,0,0,0,0,0.999,0,8,0.999,0.125,0,6.269,4.621,6.044,1.523,6.309,6.269,235,16,102,98,58,67,43,43,72,79,79,75,144,233,152,48,81,0,161,139,48,81,0,193,224,2,163,143,48,81,0,82,106,0,232,203,7,17,0,139,208,232,106,131,14,0,90,232,200,130,14,0,232,159,131,14,0,106,0,232,220,151,14,0,11.0,569.0,15.0,0.026,-1,1,236.0,0
0,0,0,0,0,0,0,0,60742,4194304,4096,4,0,65536,20480,1024,39424,1536,2097152,4096,4096,7,2,0.778,1,6,0,1,6,0,0,0,0,0,0,0,1.001,1,1,25.6,0.0,0,5.529,1.105,4.872,2.811,5.373,5.529,131,236,12,199,5,216,132,64,0,1,0,0,0,232,190,57,0,0,131,196,12,233,166,252,255,255,141,182,0,0,0,0,131,236,12,199,5,216,132,64,0,0,0,0,0,232,158,57,0,0,131,196,12,233,134,252,255,255,144,144,144,144,144,144,10.0,193.0,4.0,0.021,3.0,1,30.0,0
0,0,0,0,0,0,0,0,101023,4194304,4096,4,0,61440,13824,1024,29696,1536,2097152,4096,4096,7,2,0.778,1,6,0,1,6,0,0,0,0,0,0,0,1.009,1,1,16.0,0.0,0,5.438,0.378,4.896,2.785,4.742,5.438,131,236,12,199,5,152,116,64,0,1,0,0,0,232,62,32,0,0,131,196,12,233,166,252,255,255,141,182,0,0,0,0,131,236,12,199,5,152,116,64,0,0,0,0,0,232,30,32,0,0,131,196,12,233,134,252,255,255,144,144,144,144,144,144,10.0,150.0,4.0,0.027,2.0,1,30.0,0
0,0,0,0,0,0,0,0,82462,4194304,4096,4,0,53248,19456,1024,16384,512,2097152,4096,4096,5,0,1.0,1,3,0,1,3,0,0,0,0,0,0,0,1.018,1,1,2.909,0.0,0,5.841,1.245,-1,2.525,5.681,5.841,85,137,229,131,236,8,199,4,36,1,0,0,0,255,21,48,193,64,0,232,216,254,255,255,144,141,180,38,0,0,0,0,85,137,229,83,131,236,20,139,69,8,139,0,139,0,61,145,0,0,192,119,59,61,141,0,0,192,114,75,187,1,0,0,3.0,30.0,2.0,0.067,-1,1,-1,0
0,0,0,0,0,0,0,0,87076,4194304,4096,4,0,49152,10752,1024,21504,1536,2097152,4096,4096,6,2,0.75,1,5,0,1,5,0,0,0,0,0,0,0,1.003,1,1,18.286,0.0,0,5.772,0.402,-1,2.73,4.632,5.772,131,236,12,199,5,24,116,64,0,0,0,0,0,232,78,5,0,0,131,196,12,233,134,252,255,255,144,144,144,144,144,144,161,44,64,64,0,133,192,116,67,85,137,229,131,236,24,199,4,36,0,80,64,0,255,21,168,129,64,0,131,236,4,133,4.0,68.0,4.0,0.059,1.0,1,-1,0
0,0,0,0,0,0,0,0,105772,4194304,4096,4,0,65536,18432,1024,37376,1536,2097152,4096,4096,7,2,0.778,1,6,0,1,6,0,0,0,0,0,0,0,1.027,1,1,18.286,0.0,0,5.517,0.455,4.892,2.725,5.305,5.517,131,236,12,199,5,152,133,64,0,1,0,0,0,232,14,49,0,0,131,196,12,233,166,252,255,255,141,182,0,0,0,0,131,236,12,199,5,152,133,64,0,0,0,0,0,232,238,48,0,0,131,196,12,233,134,252,255,255,144,144,144,144,144,144,13.0,204.0,4.0,0.02,2.0,1,30.0,0
0,0,0,0,0,0,0,1,639394,4194304,4096,5,0,1642496,206336,1024,1424384,0,1048576,4096,4096,4,0,1.0,1,1,0,1,1,0,0,0,0,0,0,0,1.002,0,1,1.01,0.005,0,6.35,3.506,6.211,4.03,2.877,6.35,232,207,171,0,0,233,120,254,255,255,139,255,85,139,236,86,139,117,8,87,86,232,87,173,0,0,89,131,248,255,116,80,161,0,243,83,0,131,254,1,117,9,246,128,132,0,0,0,1,117,11,131,254,2,117,28,246,64,68,1,116,22,106,2,9.0,245.0,11.0,0.045,4.0,0,78.0,0
0,0,1,0,0,0,0,1,186936,4194304,4096,5,1,143360,67584,1024,62464,0,1048576,4096,4096,4,0,1.0,1,1,0,1,1,0,0,0,0,0,0,0,1.003,0,1,1.136,0.435,0,6.3,3.134,3.794,4.112,6.139,6.3,232,127,94,0,0,233,123,254,255,255,106,16,104,232,204,65,0,232,43,13,0,0,51,255,137,125,228,106,1,232,133,0,0,0,89,33,125,252,106,3,94,137,117,224,59,53,132,18,66,0,125,83,161,128,18,66,0,139,4,176,133,192,116,68,6.0,100.0,10.0,0.1,7.0,1,14.0,0
0,0,0,0,0,0,0,0,52473,4194304,4096,4,0,57344,10240,1024,24576,1536,2097152,4096,4096,7,2,0.778,1,6,0,1,6,0,0,0,0,0,0,0,1.02,1,1,18.286,0.0,0,5.629,0.464,4.89,2.729,4.433,5.629,131,236,12,199,5,24,100,64,0,1,0,0,0,232,14,16,0,0,131,196,12,233,166,252,255,255,141,182,0,0,0,0,131,236,12,199,5,24,100,64,0,0,0,0,0,232,238,15,0,0,131,196,12,233,134,252,255,255,144,144,144,144,144,144,10.0,113.0,4.0,0.035,5.0,1,30.0,0
0,0,0,0,0,0,0,0,100090,4194304,4096,4,0,57344,10240,1024,25088,1536,2097152,4096,4096,7,2,0.778,1,6,0,1,6,0,0,0,0,0,0,0,1.015,1,1,25.6,0.0,0,5.573,0.422,4.875,2.731,4.486,5.573,131,236,12,199,5,24,100,64,0,1,0,0,0,232,78,18,0,0,131,196,12,233,166,252,255,255,141,182,0,0,0,0,131,236,12,199,5,24,100,64,0,0,0,0,0,232,46,18,0,0,131,196,12,233,134,252,255,255,144,144,144,144,144,144,10.0,123.0,4.0,0.033,5.0,1,30.0,0
0,0,0,0,0,0,0,1,485761,4194304,4096,5,0,897024,199168,1024,244224,0,1048576,4096,4096,4,0,1.0,1,1,0,1,1,0,0,0,0,0,0,0,1.0,0,1,1.021,0.05,0,6.258,4.988,5.889,3.89,3.715,6.258,232,70,190,0,0,233,120,254,255,255,139,255,86,87,51,246,191,176,46,68,0,131,60,245,60,184,67,0,1,117,30,141,4,245,56,184,67,0,137,56,104,160,15,0,0,255,48,131,199,24,232,185,190,0,0,89,89,133,192,116,12,70,131,254,9.0,290.0,13.0,0.045,14.0,0,182.0,0
0,0,0,0,0,0,0,0,94031,4194304,4096,4,0,73728,24064,1024,40448,1536,2097152,4096,4096,7,2,0.778,1,6,0,1,6,0,0,0,0,0,0,0,1.007,1,1,21.333,0.0,0,5.738,0.971,4.881,2.798,4.996,5.738,131,236,12,199,5,24,164,64,0,1,0,0,0,232,174,56,0,0,131,196,12,233,166,252,255,255,141,182,0,0,0,0,131,236,12,199,5,24,164,64,0,0,0,0,0,232,142,56,0,0,131,196,12,233,134,252,255,255,144,144,144,144,144,144,11.0,133.0,4.0,0.03,3.0,1,30.0,0
0,0,0,0,0,0,0,0,83404,4194304,4096,4,0,94208,33280,1024,60928,1536,2097152,4096,4096,7,2,0.778,1,6,0,1,6,0,0,0,0,0,0,0,1.006,1,1,18.286,0.0,0,5.749,0.852,4.894,2.857,4.911,5.749,131,236,12,199,5,24,244,64,0,1,0,0,0,232,30,105,0,0,131,196,12,233,166,252,255,255,141,182,0,0,0,0,131,236,12,199,5,24,244,64,0,0,0,0,0,232,254,104,0,0,131,196,12,233,134,252,255,255,144,144,144,144,144,144,14.0,190.0,4.0,0.021,2.0,1,30.0,0
0,0,0,0,0,0,0,0,119154,4194304,4096,4,0,98304,49152,4096,45056,0,1048576,4096,4096,4,0,1.0,1,1,0,1,1,0,0,0,0,0,0,0,1.005,0,1,1.231,0.725,0,6.378,1.341,3.751,3.791,5.768,6.378,232,39,63,0,0,233,22,254,255,255,85,139,236,129,236,40,3,0,0,163,56,65,65,0,137,13,52,65,65,0,137,21,48,65,65,0,137,29,44,65,65,0,137,53,40,65,65,0,137,61,36,65,65,0,102,140,21,80,65,65,0,102,140,13,10.0,142.0,11.0,0.077,8.0,0,44.0,0
0,0,0,0,0,0,0,0,78881,4194304,4096,4,0,45056,12288,1024,19456,512,2097152,4096,4096,6,2,0.75,1,5,0,1,5,0,0,0,0,0,0,0,1.006,1,1,32.0,0.0,0,5.952,0.098,-1,2.589,3.202,5.952,131,236,28,199,4,36,1,0,0,0,255,21,0,130,64,0,232,251,251,255,255,141,116,38,0,141,188,39,0,0,0,0,131,236,28,199,4,36,2,0,0,0,255,21,0,130,64,0,232,219,251,255,255,141,116,38,0,141,188,39,0,0,0,0,4.0,65.0,5.0,0.077,5.0,1,-1,0
0,0,0,0,0,0,0,0,35443,4194304,4096,4,0,53248,9216,1024,21504,1536,2097152,4096,4096,7,2,0.778,1,6,0,1,6,0,0,0,0,0,0,0,1.032,1,1,18.286,0.0,0,5.786,0.396,4.891,2.765,4.202,5.786,131,236,12,199,5,88,100,64,0,1,0,0,0,232,206,13,0,0,131,196,12,233,166,252,255,255,141,182,0,0,0,0,131,236,12,199,5,88,100,64,0,0,0,0,0,232,174,13,0,0,131,196,12,233,134,252,255,255,144,144,144,144,144,144,5.0,75.0,4.0,0.053,21.0,1,30.0,0
0,0,0,0,0,0,0,0,78418,4194304,4096,4,0,53248,10240,1024,23040,1536,2097152,4096,4096,7,2,0.778,1,6,0,1,6,0,0,0,0,0,0,0,1.034,1,1,21.333,0.0,0,5.68,0.396,4.884,2.774,4.414,5.68,131,236,12,199,5,152,100,64,0,1,0,0,0,232,142,17,0,0,131,196,12,233,166,252,255,255,141,182,0,0,0,0,131,236,12,199,5,152,100,64,0,0,0,0,0,232,110,17,0,0,131,196,12,233,134,252,255,255,144,144,144,144,144,144,7.0,87.0,4.0,0.046,2.0,1,30.0,0
0,0,1,0,0,0,0,1,364782,4194304,4096,5,1,348160,102912,1024,231936,0,1048576,4096,4096,4,0,1.0,1,1,0,1,1,0,0,0,0,0,0,0,1.001,0,1,1.004,0.129,0,6.311,3.38,6.139,4.219,5.753,6.311,232,214,151,0,0,233,123,254,255,255,85,139,236,129,236,40,3,0,0,161,144,177,66,0,51,197,137,69,252,131,125,8,255,87,116,9,255,117,8,232,168,152,0,0,89,131,165,224,252,255,255,0,141,133,228,252,255,255,106,76,106,0,80,232,10.0,134.0,3.0,0.022,22.0,1,20.0,0
0,0,0,0,0,0,0,0,126974,4194304,4096,4,0,81920,35840,1024,51712,2048,2097152,4096,4096,7,2,0.778,1,6,0,1,6,0,0,0,0,0,0,0,1.014,1,1,21.333,0.0,0,5.717,1.118,4.882,2.811,5.288,5.717,131,236,12,199,5,88,199,64,0,1,0,0,0,232,110,111,0,0,131,196,12,233,166,252,255,255,141,182,0,0,0,0,131,236,12,199,5,88,199,64,0,0,0,0,0,232,78,111,0,0,131,196,12,233,134,252,255,255,144,144,144,144,144,144,10.0,131.0,4.0,0.031,3.0,1,30.0,0
0,0,0,0,0,0,0,0,75604,4194304,4096,4,0,86016,29696,1024,48128,6144,2097152,4096,4096,7,2,0.778,1,6,0,1,6,0,0,0,0,0,0,0,1.01,1,1,21.333,0.0,0,5.842,0.389,4.889,2.794,4.922,5.842,131,236,12,199,5,152,214,64,0,1,0,0,0,232,78,93,0,0,131,196,12,233,166,252,255,255,141,182,0,0,0,0,131,236,12,199,5,152,214,64,0,0,0,0,0,232,46,93,0,0,131,196,12,233,134,252,255,255,144,144,144,144,144,144,10.0,138.0,4.0,0.029,3.0,1,30.0,0
0,0,1,0,1,0,0,0,95545,4194304,8192,4,0,65536,40960,4096,8192,0,1048576,4096,8192,3,0,1.0,1,0,0,1,0,0,0,0,0,0,0,0,1.053,0,0,341.333,1.053,0,5.292,-1,1.897,2.669,4.24,5.292,255,37,0,32,64,0,0,0,0,0,0,0,0,0,0,0,0,0,0,0,0,0,0,0,0,0,0,0,0,0,0,0,0,0,0,0,0,0,0,0,0,0,0,0,0,0,0,0,0,0,0,0,0,0,0,0,0,0,0,0,0,0,0,0,1.0,0.0,0.0,0.0,1.0,0,14.0,0
0,0,0,0,0,0,0,0,103263,4194304,4096,4,0,57344,10752,1024,27648,1536,2097152,4096,4096,7,2,0.778,1,6,0,1,6,0,0,0,0,0,0,0,1.01,1,1,21.333,0.0,0,5.533,0.195,4.884,2.801,4.61,5.533,131,236,12,199,5,216,100,64,0,1,0,0,0,232,126,20,0,0,131,196,12,233,166,252,255,255,141,182,0,0,0,0,131,236,12,199,5,216,100,64,0,0,0,0,0,232,94,20,0,0,131,196,12,233,134,252,255,255,144,144,144,144,144,144,12.0,132.0,4.0,0.03,2.0,1,30.0,0
0,0,0,0,0,0,0,0,66534,4194304,4096,4,0,73728,14848,1024,29184,12800,2097152,4096,4096,7,2,0.778,1,6,0,1,6,0,0,0,0,0,0,0,1.034,1,1,25.6,0.0,0,5.639,0.402,4.876,2.797,4.056,5.639,131,236,12,199,5,88,161,64,0,1,0,0,0,232,254,33,0,0,131,196,12,233,166,252,255,255,141,182,0,0,0,0,131,236,12,199,5,88,161,64,0,0,0,0,0,232,222,33,0,0,131,196,12,233,134,252,255,255,144,144,144,144,144,144,10.0,131.0,4.0,0.031,2.0,1,30.0,0
0,0,0,0,0,0,0,0,92300,4194304,4096,4,0,61440,13824,1024,29184,1536,2097152,4096,4096,7,2,0.778,1,6,0,1,6,0,0,0,0,0,0,0,1.026,1,1,25.6,0.0,0,5.661,0.39,4.873,2.772,4.623,5.661,131,236,12,199,5,88,132,64,0,1,0,0,0,232,126,31,0,0,131,196,12,233,166,252,255,255,141,182,0,0,0,0,131,236,12,199,5,88,132,64,0,0,0,0,0,232,94,31,0,0,131,196,12,233,134,252,255,255,144,144,144,144,144,144,8.0,115.0,4.0,0.035,11.0,1,30.0,0
0,0,0,0,0,0,0,0,68024,4194304,4096,4,0,53248,9216,1024,21504,1536,2097152,4096,4096,7,2,0.778,1,6,0,1,6,0,0,0,0,0,0,0,1.007,1,1,18.286,0.0,0,5.763,0.389,4.891,2.771,4.238,5.763,131,236,12,199,5,24,100,64,0,1,0,0,0,232,174,14,0,0,131,196,12,233,166,252,255,255,141,182,0,0,0,0,131,236,12,199,5,24,100,64,0,0,0,0,0,232,142,14,0,0,131,196,12,233,134,252,255,255,144,144,144,144,144,144,6.0,76.0,4.0,0.053,20.0,1,30.0,0
0,0,0,0,0,0,0,0,0,4194304,4096,4,0,65536,24576,4096,36864,0,1048576,4096,4096,4,0,1.0,1,1,0,1,1,0,0,0,0,0,0,0,1.017,0,1,1.744,0.755,0,6.224,3.774,2.684,4.027,5.738,6.224,85,139,236,106,255,104,128,159,64,0,104,96,110,64,0,100,161,0,0,0,0,80,100,137,37,0,0,0,0,131,236,104,83,86,87,137,101,232,51,219,137,93,252,106,2,255,21,44,113,64,0,89,131,13,84,218,64,0,255,131,13,88,218,64,8.0,145.0,9.0,0.062,9.0,1,26.0,0
0,0,0,0,0,0,0,0,0,4194304,4096,4,0,81920,45056,4096,32768,0,1048576,4096,4096,4,0,1.0,1,1,0,1,1,0,0,0,0,0,0,0,1.078,0,0,1.347,1.023,0,5.772,0.371,3.194,3.796,5.091,5.772,106,112,104,160,195,64,0,232,228,1,0,0,51,219,83,139,61,140,192,64,0,255,215,102,129,56,77,90,117,31,139,72,60,3,200,129,57,80,69,0,0,117,18,15,183,65,24,61,11,1,0,0,116,31,61,11,2,0,0,116,5,137,93,228,9.0,205.0,10.0,0.049,-1,1,132.0,0
0,0,0,0,0,0,0,0,31363,4194304,4096,4,0,36864,4096,1024,8704,512,2097152,4096,4096,6,2,0.75,1,5,0,1,5,0,0,0,0,0,0,0,1.049,1,1,32.0,0.0,0,5.573,0.089,-1,2.624,5.345,5.573,85,137,229,131,236,24,199,4,36,1,0,0,0,255,21,148,97,64,0,232,124,253,255,255,85,137,229,131,236,24,199,4,36,2,0,0,0,255,21,148,97,64,0,232,100,253,255,255,85,137,229,131,236,8,161,172,97,64,0,201,255,224,102,144,5.0,49.0,4.0,0.082,12.0,1,-1,0
0,0,0,0,0,0,0,0,81687,4194304,4096,4,0,61440,14336,1024,28672,1536,2097152,4096,4096,7,2,0.778,1,6,0,1,6,0,0,0,0,0,0,0,1.003,1,1,16.0,0.0,0,5.881,1.3,4.895,2.802,4.693,5.881,131,236,12,199,5,152,116,64,0,1,0,0,0,232,94,24,0,0,131,196,12,233,166,252,255,255,141,182,0,0,0,0,131,236,12,199,5,152,116,64,0,0,0,0,0,232,62,24,0,0,131,196,12,233,134,252,255,255,144,144,144,144,144,144,11.0,113.0,4.0,0.035,5.0,1,30.0,0
0,0,1,0,1,0,0,0,68981,4194304,8192,4,0,40960,12288,4096,8192,0,1048576,4096,8192,3,0,1.0,1,0,0,1,0,0,0,0,0,0,0,0,1.141,0,0,341.333,1.141,0,5.073,-1,1.924,2.705,2.6,5.073,255,37,0,32,64,0,0,0,0,0,0,0,0,0,0,0,0,0,0,0,0,0,0,0,0,0,0,0,0,0,0,0,0,0,0,0,0,0,0,0,0,0,0,0,0,0,0,0,0,0,0,0,0,0,0,0,0,0,0,0,0,0,0,0,1.0,0.0,0.0,0.0,1.0,0,14.0,0
0,0,0,0,0,0,0,0,0,4194304,4096,4,0,684032,530432,1024,124416,0,1048576,16384,4096,5,3,0.625,1,4,0,1,4,0,0,1,1,1,1,0,1.001,2,2,13.128,0.0,0,-1,-1,5.339,2.341,6.24,6.264,85,139,236,131,196,240,83,184,224,35,72,0,232,231,70,248,255,139,29,184,70,72,0,139,3,232,238,100,255,255,139,3,186,192,38,72,0,232,226,96,255,255,139,3,198,64,91,1,139,13,52,68,72,0,139,3,139,21,40,5,72,0,232,225,18.0,430.0,24.0,0.056,-1,1,252.0,0
0,0,0,0,0,0,0,0,52962,4194304,4096,4,0,3874816,16384,1024,30720,3814912,2097152,4096,4096,7,2,0.778,1,6,0,1,6,0,0,0,0,0,0,0,1.023,1,1,21.333,0.0,0,5.72,0.451,4.892,2.848,0.124,5.72,131,236,12,199,5,152,164,122,0,1,0,0,0,232,110,41,0,0,131,196,12,233,166,252,255,255,141,182,0,0,0,0,131,236,12,199,5,152,164,122,0,0,0,0,0,232,78,41,0,0,131,196,12,233,134,252,255,255,144,144,144,144,144,144,10.0,114.0,4.0,0.035,3.0,1,30.0,0
0,0,0,0,0,0,0,0,52092,4194304,4096,4,0,49152,7168,1024,18944,1536,2097152,4096,4096,7,2,0.778,1,6,0,1,6,0,0,0,0,0,0,0,1.036,1,1,16.0,0.0,0,5.646,0.382,4.902,2.748,4.11,5.646,131,236,12,199,5,152,84,64,0,1,0,0,0,232,238,5,0,0,131,196,12,233,166,252,255,255,141,182,0,0,0,0,131,236,12,199,5,152,84,64,0,0,0,0,0,232,206,5,0,0,131,196,12,233,134,252,255,255,144,144,144,144,144,144,6.0,63.0,4.0,0.063,4.0,1,30.0,0
0,0,0,0,0,0,0,0,97565,4194304,4096,4,0,90112,16896,1024,31744,27136,2097152,4096,4096,7,2,0.778,1,6,0,1,6,0,0,0,0,0,0,0,1.022,1,1,18.286,0.0,0,5.72,0.534,4.896,2.81,3.565,5.72,131,236,12,199,5,152,233,64,0,1,0,0,0,232,78,40,0,0,131,196,12,233,166,252,255,255,141,182,0,0,0,0,131,236,12,199,5,152,233,64,0,0,0,0,0,232,46,40,0,0,131,196,12,233,134,252,255,255,144,144,144,144,144,144,11.0,123.0,4.0,0.033,3.0,1,30.0,0
0,0,1,0,1,0,0,0,81490,4194304,8192,4,0,57344,28672,4096,8192,0,1048576,4096,8192,3,0,1.0,1,0,0,1,0,0,0,0,0,0,0,0,1.072,0,0,341.333,1.072,0,5.291,-1,1.762,2.703,3.65,5.291,255,37,0,32,64,0,0,0,0,0,0,0,0,0,0,0,0,0,0,0,0,0,0,0,0,0,0,0,0,0,0,0,0,0,0,0,0,0,0,0,0,0,0,0,0,0,0,0,0,0,0,0,0,0,0,0,0,0,0,0,0,0,0,0,1.0,0.0,0.0,0.0,1.0,0,14.0,0
0,0,0,0,0,0,0,0,68471,4194304,4096,4,0,57344,11776,1024,26112,1536,2097152,4096,4096,7,2,0.778,1,6,0,1,6,0,0,0,0,0,0,0,1.044,1,1,21.333,0.0,0,5.599,0.442,4.882,2.76,4.612,5.599,131,236,12,199,5,24,100,64,0,1,0,0,0,232,206,19,0,0,131,196,12,233,166,252,255,255,141,182,0,0,0,0,131,236,12,199,5,24,100,64,0,0,0,0,0,232,174,19,0,0,131,196,12,233,134,252,255,255,144,144,144,144,144,144,10.0,118.0,4.0,0.034,5.0,1,30.0,0
0,0,0,0,0,0,0,0,92969,4194304,4096,4,0,126976,13824,1024,28160,70144,2097152,4096,4096,7,2,0.778,1,6,0,1,6,0,0,0,0,0,0,0,1.02,1,1,18.286,0.0,0,5.786,0.441,4.898,2.838,2.427,5.786,131,236,12,199,5,216,128,65,0,1,0,0,0,232,206,31,0,0,131,196,12,233,166,252,255,255,141,182,0,0,0,0,131,236,12,199,5,216,128,65,0,0,0,0,0,232,174,31,0,0,131,196,12,233,134,252,255,255,144,144,144,144,144,144,6.0,100.0,4.0,0.04,25.0,1,30.0,0
0,0,0,0,0,0,0,0,72712,4194304,4096,4,0,49152,7680,1024,19968,1536,2097152,4096,4096,7,2,0.778,1,6,0,1,6,0,0,0,0,0,0,0,1.029,1,1,16.0,0.0,0,5.765,0.402,4.903,2.756,4.333,5.765,131,236,12,199,5,24,84,64,0,1,0,0,0,232,14,8,0,0,131,196,12,233,166,252,255,255,141,182,0,0,0,0,131,236,12,199,5,24,84,64,0,0,0,0,0,232,238,7,0,0,131,196,12,233,134,252,255,255,144,144,144,144,144,144,6.0,72.0,4.0,0.056,17.0,1,30.0,0
0,0,0,0,0,0,0,1,318572,4194304,4096,5,0,315392,237568,1024,55296,0,1048576,4096,4096,4,0,1.0,1,1,0,1,1,0,0,0,0,0,0,0,1.001,0,1,1.055,0.374,0,6.363,3.279,4.079,3.859,6.229,6.363,232,214,172,0,0,233,120,254,255,255,204,204,204,204,204,204,204,204,204,204,204,204,204,204,139,76,36,4,247,193,3,0,0,0,116,36,138,1,131,193,1,132,192,116,78,247,193,3,0,0,0,117,239,5,0,0,0,0,141,164,36,0,0,0,13.0,278.0,14.0,0.05,15.0,0,112.0,0
0,0,0,0,0,0,0,0,97320,4194304,4096,4,0,73728,40448,1024,50176,3584,2097152,4096,4096,6,1,0.857,1,5,0,1,5,0,0,0,0,0,0,0,1.003,1,1,16.0,0.0,0,5.809,0.553,-1,2.671,4.716,5.809,131,236,12,199,5,80,208,64,0,0,0,0,0,232,206,16,0,0,131,196,12,233,134,252,255,255,144,144,144,144,144,144,85,137,229,131,236,24,161,76,176,64,0,133,192,116,60,199,4,36,32,192,64,0,255,21,20,227,64,0,186,0,0,0,5.0,113.0,5.0,0.044,40.0,1,-1,0
0,0,1,0,0,0,0,1,6268317,4194304,4096,5,1,6262784,1693696,1024,4558848,0,1048576,4096,4096,4,0,1.0,1,1,0,1,1,0,0,0,0,0,0,0,1.0,0,1,1.001,0.648,0,6.286,4.927,6.224,4.462,6.287,6.286,232,232,17,0,0,233,122,254,255,255,85,139,236,255,117,8,232,123,180,252,255,89,93,195,59,13,64,164,96,0,242,117,2,242,195,242,233,1,13,0,0,139,77,244,100,137,13,0,0,0,0,89,95,95,94,91,139,229,93,81,242,195,139,77,18.0,651.0,9.0,0.014,18.0,0,874.0,0
0,0,0,0,0,0,0,0,89650,4194304,4096,4,0,405504,43008,1024,61440,318976,2097152,4096,4096,7,2,0.778,1,6,0,1,6,0,0,0,0,0,0,0,1.003,1,1,16.0,0.0,0,5.836,1.364,4.903,2.913,1.637,5.836,131,236,12,199,5,152,189,69,0,1,0,0,0,232,158,109,0,0,131,196,12,233,166,252,255,255,141,182,0,0,0,0,131,236,12,199,5,152,189,69,0,0,0,0,0,232,126,109,0,0,131,196,12,233,134,252,255,255,144,144,144,144,144,144,13.0,199.0,4.0,0.02,2.0,1,30.0,0
0,0,0,0,0,0,0,0,91040,4194304,4096,4,0,49152,8192,1024,21504,1536,2097152,4096,4096,7,2,0.778,1,6,0,1,6,0,0,0,0,0,0,0,1.049,1,1,18.286,0.0,0,5.667,0.382,4.891,2.735,4.475,5.667,131,236,12,199,5,24,84,64,0,1,0,0,0,232,110,9,0,0,131,196,12,233,166,252,255,255,141,182,0,0,0,0,131,236,12,199,5,24,84,64,0,0,0,0,0,232,78,9,0,0,131,196,12,233,134,252,255,255,144,144,144,144,144,144,7.0,75.0,4.0,0.053,17.0,1,30.0,0
0,0,0,0,0,0,0,0,102410,4194304,4096,4,0,65536,17920,1024,33792,1536,2097152,4096,4096,7,2,0.778,1,6,0,1,6,0,0,0,0,0,0,0,1.009,1,1,16.0,0.0,0,5.411,0.504,4.894,2.773,4.821,5.411,131,236,12,199,5,24,132,64,0,1,0,0,0,232,78,48,0,0,131,196,12,233,166,252,255,255,141,182,0,0,0,0,131,236,12,199,5,24,132,64,0,0,0,0,0,232,46,48,0,0,131,196,12,233,134,252,255,255,144,144,144,144,144,144,11.0,143.0,4.0,0.028,5.0,1,30.0,0
0,0,0,0,0,0,0,0,74868,4194304,4096,4,0,65536,19456,1024,35328,1536,2097152,4096,4096,7,2,0.778,1,6,0,1,6,0,0,0,0,0,0,0,1.002,1,1,25.6,0.0,0,5.642,0.695,4.871,2.779,5.043,5.642,131,236,12,199,5,88,132,64,0,1,0,0,0,232,174,54,0,0,131,196,12,233,166,252,255,255,141,182,0,0,0,0,131,236,12,199,5,88,132,64,0,0,0,0,0,232,142,54,0,0,131,196,12,233,134,252,255,255,144,144,144,144,144,144,11.0,142.0,4.0,0.028,3.0,1,30.0,0
0,0,0,0,0,0,0,0,164999,4194304,4096,4,0,147456,20480,4096,122880,0,1048576,4096,4096,3,0,1.0,1,1,0,1,1,0,0,0,0,0,0,0,1.043,0,1,1.336,0.96,0,6.288,5.279,-1,3.865,5.852,6.288,85,139,236,106,255,104,56,97,64,0,104,164,63,64,0,100,161,0,0,0,0,80,100,137,37,0,0,0,0,131,236,16,83,86,87,137,101,232,255,21,156,96,64,0,51,210,138,212,137,21,68,30,66,0,139,200,129,225,255,0,0,0,137,13,5.0,71.0,9.0,0.127,8.0,1,-1,0
0,0,1,0,0,0,0,1,0,4194304,4096,5,1,32768,8192,1024,8192,0,1048576,4096,4096,5,0,1.0,1,1,0,1,1,0,0,0,0,0,0,0,1.061,0,1,1.067,0.388,0,5.83,2.764,4.698,3.65,3.591,5.83,232,208,2,0,0,233,116,254,255,255,195,85,139,236,139,69,8,86,139,72,60,3,200,15,183,65,20,141,81,24,3,208,15,183,65,6,107,240,40,3,242,59,214,116,25,139,77,12,59,74,12,114,10,139,66,8,3,66,12,59,200,114,12,131,1.0,26.0,2.0,0.077,27.0,0,8.0,0
0,0,1,0,0,0,0,1,290116,4194304,4096,5,1,290816,86528,1024,189952,0,1048576,4096,4096,4,0,1.0,1,1,0,1,1,0,0,0,0,0,0,0,1.004,0,1,1.01,0.365,0,6.308,3.334,6.207,4.15,6.166,6.308,232,189,105,0,0,233,123,254,255,255,85,139,236,129,236,40,3,0,0,161,208,64,66,0,51,197,137,69,252,131,125,8,255,87,116,9,255,117,8,232,150,98,0,0,89,131,165,224,252,255,255,0,141,133,228,252,255,255,106,76,106,0,80,232,6.0,121.0,10.0,0.083,18.0,1,20.0,0
0,0,0,0,0,0,0,0,57919,4194304,4096,4,0,65536,17408,1024,33280,2560,2097152,4096,4096,7,2,0.778,1,6,0,1,6,0,0,0,0,0,0,0,1.026,1,1,21.333,0.0,0,5.537,0.425,4.882,2.782,4.785,5.537,131,236,12,199,5,216,136,64,0,1,0,0,0,232,238,44,0,0,131,196,12,233,166,252,255,255,141,182,0,0,0,0,131,236,12,199,5,216,136,64,0,0,0,0,0,232,206,44,0,0,131,196,12,233,134,252,255,255,144,144,144,144,144,144,10.0,146.0,4.0,0.027,4.0,1,30.0,0
0,0,1,0,1,0,0,0,25623,4194304,8192,4,0,32768,7168,512,2048,0,1048576,4096,8192,3,0,1.0,1,0,0,1,0,0,0,0,0,0,0,0,1.049,0,0,42.667,1.021,0,5.605,-1,4.004,2.712,2.472,5.605,255,37,0,32,64,0,0,0,0,0,0,0,0,0,0,0,0,0,0,0,0,0,0,0,0,0,0,0,0,0,0,0,0,0,0,0,0,0,0,0,0,0,0,0,0,0,0,0,0,0,0,0,0,0,0,0,0,0,0,0,0,0,0,0,1.0,0.0,0.0,0.0,1.0,0,14.0,0
0,0,1,0,0,0,0,1,188711,4194304,4096,5,1,196608,99840,1024,81920,0,1048576,4096,4096,4,0,1.0,1,1,0,1,1,0,0,0,0,0,0,0,1.003,0,1,1.085,0.417,0,6.291,2.56,3.883,4.107,5.938,6.291,232,22,111,0,0,233,123,254,255,255,85,139,236,129,236,40,3,0,0,161,224,168,66,0,51,197,137,69,252,131,125,8,255,87,116,9,255,117,8,232,157,101,0,0,89,131,165,224,252,255,255,0,141,133,228,252,255,255,106,76,106,0,80,232,6.0,109.0,3.0,0.028,25.0,1,14.0,0
0,0,0,0,0,0,0,0,49446,4194304,4096,4,0,61440,12800,1024,27648,2048,2097152,4096,4096,7,2,0.778,1,6,0,1,6,0,0,0,0,0,0,0,1.029,1,1,21.333,0.0,0,5.495,0.383,2.661,2.786,4.388,5.495,131,236,12,199,5,24,119,64,0,1,0,0,0,232,126,27,0,0,131,196,12,233,166,252,255,255,141,182,0,0,0,0,131,236,12,199,5,24,119,64,0,0,0,0,0,232,94,27,0,0,131,196,12,233,134,252,255,255,144,144,144,144,144,144,12.0,151.0,4.0,0.026,1.0,1,64.0,0
0,0,0,0,0,0,0,0,94875,4194304,4096,4,0,53248,8704,1024,20992,1536,2097152,4096,4096,7,2,0.778,1,6,0,1,6,0,0,0,0,0,0,0,1.022,1,1,18.286,0.0,0,5.707,0.395,4.893,2.762,4.206,5.707,131,236,12,199,5,24,100,64,0,1,0,0,0,232,46,12,0,0,131,196,12,233,166,252,255,255,141,182,0,0,0,0,131,236,12,199,5,24,100,64,0,0,0,0,0,232,14,12,0,0,131,196,12,233,134,252,255,255,144,144,144,144,144,144,6.0,86.0,4.0,0.047,29.0,1,30.0,0
0,0,0,0,0,0,0,0,50392,4194304,4096,4,0,122880,16896,1024,31232,57856,2097152,4096,4096,7,2,0.778,1,6,0,1,6,0,0,0,0,0,0,0,1.018,1,1,21.333,0.0,0,5.822,0.91,4.89,2.812,2.719,5.822,131,236,12,199,5,24,96,65,0,1,0,0,0,232,190,43,0,0,131,196,12,233,166,252,255,255,141,182,0,0,0,0,131,236,12,199,5,24,96,65,0,0,0,0,0,232,158,43,0,0,131,196,12,233,134,252,255,255,144,144,144,144,144,144,10.0,109.0,4.0,0.037,5.0,1,30.0,0
0,0,0,0,0,0,0,0,0,4194304,4096,4,0,233472,23040,4096,28160,190976,2097152,4096,4096,5,0,1.0,1,3,0,1,3,0,0,0,0,0,0,0,1.014,1,1,2.667,0.0,0,6.026,1.601,-1,2.474,1.151,6.026,85,137,229,131,236,8,199,4,36,1,0,0,0,255,21,16,129,67,0,232,184,254,255,255,144,141,180,38,0,0,0,0,85,137,229,131,236,8,199,4,36,2,0,0,0,255,21,16,129,67,0,232,152,254,255,255,144,141,180,38,0,0,0,0,2.0,36.0,1.0,0.028,-1,1,-1,0
0,0,1,0,0,0,0,1,220066,4194304,4096,5,1,217088,137216,1024,66560,0,1048576,4096,4096,4,0,1.0,1,1,0,1,1,0,0,0,0,0,0,0,1.004,0,1,1.123,0.408,0,6.266,3.253,3.797,4.057,6.221,6.266,232,155,134,0,0,233,53,254,255,255,106,16,104,160,234,66,0,232,207,13,0,0,51,255,137,125,228,106,1,232,133,0,0,0,89,33,125,252,106,3,94,137,117,224,59,53,4,49,67,0,125,83,161,0,49,67,0,139,4,176,133,192,116,68,6.0,116.0,10.0,0.086,7.0,0,14.0,0
0,0,0,0,0,0,0,0,0,4194304,4096,4,0,495616,339456,1024,136192,0,524288,131072,4096,4,0,1.0,1,1,0,1,1,0,0,0,0,0,0,0,1.001,0,1,1.003,0.403,0,6.407,4.089,4.959,4.187,6.066,6.407,106,96,104,184,185,69,0,232,206,14,0,0,191,148,0,0,0,139,199,232,110,222,255,255,137,101,232,139,244,137,62,86,255,21,8,67,69,0,139,78,16,137,13,88,165,70,0,139,70,4,163,100,165,70,0,139,86,8,137,21,104,165,70,0,11.0,375.0,15.0,0.04,9.0,1,404.0,0
0,0,0,0,0,0,0,0,78105,4194304,4096,4,0,65536,18944,1024,35840,1536,2097152,4096,4096,7,2,0.778,1,6,0,1,6,0,0,0,0,0,0,0,1.015,1,1,25.6,0.0,0,5.725,0.846,4.871,2.739,5.125,5.725,131,236,12,199,5,24,132,64,0,1,0,0,0,232,126,50,0,0,131,196,12,233,166,252,255,255,141,182,0,0,0,0,131,236,12,199,5,24,132,64,0,0,0,0,0,232,94,50,0,0,131,196,12,233,134,252,255,255,144,144,144,144,144,144,13.0,162.0,4.0,0.025,6.0,1,30.0,0
0,0,0,0,0,0,0,0,0,4194304,4096,4,0,929792,646656,1024,259584,0,1048576,16384,4096,5,3,0.625,1,4,0,1,4,0,0,1,1,1,1,0,1.0,2,2,21.333,0.0,0,-1,-1,6.842,2.299,6.517,6.269,85,139,236,131,196,240,184,208,233,73,0,232,0,119,246,255,161,88,8,74,0,139,0,232,116,91,253,255,161,88,8,74,0,139,0,186,200,236,73,0,232,91,87,253,255,139,13,220,5,74,0,161,88,8,74,0,139,0,139,21,188,220,73,0,19.0,441.0,23.0,0.052,-1,1,350.0,0
0,0,0,0,0,0,0,1,25303,4194304,4096,5,0,32768,10240,1024,7168,0,1048576,4096,4096,4,0,1.0,1,1,0,1,1,0,0,0,0,0,0,0,1.046,0,1,1.488,0.395,0,5.68,0.234,5.19,3.773,4.069,5.68,232,213,4,0,0,233,64,253,255,255,139,255,85,139,236,129,236,40,3,0,0,163,200,98,64,0,137,13,196,98,64,0,137,21,192,98,64,0,137,29,188,98,64,0,137,53,184,98,64,0,137,61,180,98,64,0,102,140,21,224,98,64,0,102,4.0,72.0,0.0,0.0,13.0,0,8.0,0
0,0,0,0,0,0,0,0,52627,4194304,4096,4,0,61440,16384,1024,31232,1536,2097152,4096,4096,7,2,0.778,1,6,0,1,6,0,0,0,0,0,0,0,1.028,1,1,21.333,0.0,0,5.623,0.684,4.883,2.755,4.791,5.623,131,236,12,199,5,152,116,64,0,1,0,0,0,232,110,36,0,0,131,196,12,233,166,252,255,255,141,182,0,0,0,0,131,236,12,199,5,152,116,64,0,0,0,0,0,232,78,36,0,0,131,196,12,233,134,252,255,255,144,144,144,144,144,144,10.0,113.0,4.0,0.035,4.0,1,30.0,0
0,0,0,0,0,0,0,0,38708,4194304,4096,4,0,53248,9216,1024,21504,1536,2097152,4096,4096,7,2,0.778,1,6,0,1,6,0,0,0,0,0,0,0,1.03,1,1,25.6,0.0,0,5.755,0.396,4.874,2.754,4.222,5.755,131,236,12,199,5,24,100,64,0,1,0,0,0,232,222,13,0,0,131,196,12,233,166,252,255,255,141,182,0,0,0,0,131,236,12,199,5,24,100,64,0,0,0,0,0,232,190,13,0,0,131,196,12,233,134,252,255,255,144,144,144,144,144,144,6.0,76.0,4.0,0.053,20.0,1,30.0,0
0,0,0,0,0,0,0,0,0,4194304,4096,4,0,73728,56320,1024,2560,2048,33554432,4096,4096,4,0,1.0,1,3,0,1,3,0,0,0,0,0,0,0,1.001,1,1,4.923,0.0,0,6.253,0.319,-1,2.43,5.48,6.253,85,137,229,131,236,8,131,196,244,106,1,161,240,18,65,0,255,208,232,141,255,255,255,49,192,201,195,144,85,137,229,131,236,8,131,196,244,106,2,161,240,18,65,0,255,208,232,113,255,255,255,201,195,0,0,0,0,0,0,0,0,0,0,0,3.0,78.0,1.0,0.013,-1,1,-1,0
0,0,0,0,0,0,0,0,45351,4194304,4096,4,0,53248,11776,1024,25600,1536,2097152,4096,4096,7,2,0.778,1,6,0,1,6,0,0,0,0,0,0,0,1.029,1,1,21.333,0.0,0,5.685,0.396,4.884,2.743,4.713,5.685,131,236,12,199,5,88,101,64,0,1,0,0,0,232,110,23,0,0,131,196,12,233,166,252,255,255,141,182,0,0,0,0,131,236,12,199,5,88,101,64,0,0,0,0,0,232,78,23,0,0,131,196,12,233,134,252,255,255,144,144,144,144,144,144,7.0,95.0,4.0,0.042,2.0,1,30.0,0
0,0,0,0,0,0,0,0,36706,4194304,4096,4,0,53248,9216,1024,21504,1536,2097152,4096,4096,7,2,0.778,1,6,0,1,6,0,0,0,0,0,0,0,1.023,1,1,21.333,0.0,0,5.751,0.402,4.885,2.74,4.299,5.751,131,236,12,199,5,24,100,64,0,1,0,0,0,232,30,14,0,0,131,196,12,233,166,252,255,255,141,182,0,0,0,0,131,236,12,199,5,24,100,64,0,0,0,0,0,232,254,13,0,0,131,196,12,233,134,252,255,255,144,144,144,144,144,144,6.0,84.0,4.0,0.048,28.0,1,30.0,0
0,0,0,0,0,0,0,0,65557,4194304,4096,4,0,57344,12288,1024,27648,1536,2097152,4096,4096,7,2,0.778,1,6,0,1,6,0,0,0,0,0,0,0,1.016,1,1,21.333,0.0,0,5.622,0.415,4.883,2.696,4.732,5.622,131,236,12,199,5,152,100,64,0,1,0,0,0,232,222,24,0,0,131,196,12,233,166,252,255,255,141,182,0,0,0,0,131,236,12,199,5,152,100,64,0,0,0,0,0,232,190,24,0,0,131,196,12,233,134,252,255,255,144,144,144,144,144,144,12.0,114.0,4.0,0.035,4.0,1,30.0,0
0,0,0,0,0,0,0,0,0,4194304,4096,4,0,45056,12288,4096,28672,0,1048576,4096,4096,4,0,1.0,1,1,0,1,1,0,0,0,0,0,0,0,1.265,0,1,1.965,0.62,0,5.055,3.545,3.33,3.76,3.927,5.055,85,139,236,106,255,104,152,71,64,0,104,76,51,64,0,100,161,0,0,0,0,80,100,137,37,0,0,0,0,131,236,104,83,86,87,137,101,232,51,219,137,93,252,106,2,255,21,224,65,64,0,89,131,13,196,121,64,0,255,131,13,200,121,64,6.0,144.0,4.0,0.028,1.0,1,40.0,0
0,0,1,0,0,0,0,1,294187,4194304,4096,5,1,458752,162304,1024,283648,0,1048576,4096,4096,4,0,1.0,1,1,0,1,1,0,0,0,0,0,0,0,1.003,0,1,1.208,0.064,0,6.287,1.603,3.64,4.176,3.937,6.287,232,121,189,0,0,233,53,254,255,255,106,16,104,16,98,67,0,232,210,13,0,0,51,255,137,125,228,106,1,232,133,0,0,0,89,33,125,252,106,3,94,137,117,224,59,53,68,232,70,0,125,83,161,64,232,70,0,139,4,176,133,192,116,68,6.0,125.0,3.0,0.024,8.0,0,14.0,0
0,0,0,0,0,0,0,0,48174,4194304,4096,4,0,24576,8192,4096,12288,0,1048576,4096,4096,4,0,1.0,1,1,0,1,1,0,0,0,0,0,0,0,1.438,0,0,12.488,1.316,0,4.339,0.082,2.5,3.689,3.061,4.339,85,139,236,106,255,104,112,53,64,0,104,64,37,64,0,100,161,0,0,0,0,80,100,137,37,0,0,0,0,131,236,104,83,86,87,137,101,232,51,219,137,93,252,106,2,255,21,168,49,64,0,89,131,13,64,65,64,0,255,131,13,68,65,64,5.0,122.0,2.0,0.016,5.0,1,30.0,0
0,0,0,0,0,0,0,0,0,4194304,4096,4,0,532480,417792,4096,110592,0,1048576,4096,4096,4,0,1.0,1,1,0,1,1,0,0,0,0,0,0,0,1.01,0,1,1.181,0.632,0,6.76,2.847,3.498,4.17,6.33,6.76,85,139,236,106,255,104,64,162,70,0,104,208,89,65,0,100,161,0,0,0,0,80,100,137,37,0,0,0,0,131,236,88,83,86,87,137,101,232,255,21,236,113,70,0,51,210,138,212,137,21,100,149,71,0,139,200,129,225,255,0,0,0,137,13,13.0,327.0,14.0,0.043,7.0,1,152.0,0
0,0,0,0,0,0,0,0,89904,4194304,4096,4,0,65536,15360,1024,31232,1536,2097152,4096,4096,7,2,0.778,1,6,0,1,6,0,0,0,0,0,0,0,1.012,1,1,18.286,0.0,0,5.64,0.5,4.89,2.781,4.623,5.64,131,236,12,199,5,216,132,64,0,1,0,0,0,232,30,38,0,0,131,196,12,233,166,252,255,255,141,182,0,0,0,0,131,236,12,199,5,216,132,64,0,0,0,0,0,232,254,37,0,0,131,196,12,233,134,252,255,255,144,144,144,144,144,144,10.0,126.0,4.0,0.032,4.0,1,30.0,0
0,0,0,0,0,0,0,0,103150,4194304,4096,4,0,73728,14336,1024,29184,16384,2097152,4096,4096,7,2,0.778,1,6,0,1,6,0,0,0,0,0,0,0,1.036,1,1,18.286,0.0,0,5.522,2.124,4.89,2.799,3.967,5.522,131,236,12,199,5,88,174,64,0,1,0,0,0,232,30,31,0,0,131,196,12,233,166,252,255,255,141,182,0,0,0,0,131,236,12,199,5,88,174,64,0,0,0,0,0,232,254,30,0,0,131,196,12,233,134,252,255,255,144,144,144,144,144,144,9.0,115.0,4.0,0.035,2.0,1,30.0,0
0,0,0,0,0,0,0,0,94851,4194304,4096,4,0,69632,18432,1024,38912,1536,2097152,4096,4096,7,2,0.778,1,6,0,1,6,0,0,0,0,0,0,0,1.021,1,1,25.6,0.0,0,5.489,0.382,4.872,2.83,5.135,5.489,131,236,12,199,5,24,149,64,0,1,0,0,0,232,94,49,0,0,131,196,12,233,166,252,255,255,141,182,0,0,0,0,131,236,12,199,5,24,149,64,0,0,0,0,0,232,62,49,0,0,131,196,12,233,134,252,255,255,144,144,144,144,144,144,12.0,190.0,4.0,0.021,2.0,1,30.0,0
0,0,1,0,0,0,0,1,172037,4194304,4096,5,1,139264,64512,1024,62464,0,1048576,4096,4096,4,0,1.0,1,1,0,1,1,0,0,0,0,0,0,0,1.004,0,1,1.116,0.399,0,6.319,3.248,3.811,4.068,6.136,6.319,232,48,88,0,0,233,123,254,255,255,106,16,104,72,189,65,0,232,52,13,0,0,51,255,137,125,228,106,1,232,133,0,0,0,89,33,125,252,106,3,94,137,117,224,59,53,36,2,66,0,125,83,161,32,2,66,0,139,4,176,133,192,116,68,6.0,99.0,3.0,0.03,8.0,1,14.0,0
0,0,0,0,0,0,0,0,81829,4194304,4096,4,0,53248,10240,1024,23552,1536,2097152,4096,4096,7,2,0.778,1,6,0,1,6,0,0,0,0,0,0,0,1.03,1,1,21.333,0.0,0,5.621,0.389,4.883,2.752,4.537,5.621,131,236,12,199,5,152,100,64,0,1,0,0,0,232,190,17,0,0,131,196,12,233,166,252,255,255,141,182,0,0,0,0,131,236,12,199,5,152,100,64,0,0,0,0,0,232,158,17,0,0,131,196,12,233,134,252,255,255,144,144,144,144,144,144,10.0,97.0,4.0,0.041,1.0,1,30.0,0
0,0,0,0,0,0,0,0,55440,4194304,4096,4,0,61440,16384,1024,31232,1536,2097152,4096,4096,7,2,0.778,1,6,0,1,6,0,0,0,0,0,0,0,1.022,1,1,16.0,0.0,0,5.848,0.614,4.897,2.773,4.9,5.848,131,236,12,199,5,88,116,64,0,1,0,0,0,232,254,28,0,0,131,196,12,233,166,252,255,255,141,182,0,0,0,0,131,236,12,199,5,88,116,64,0,0,0,0,0,232,222,28,0,0,131,196,12,233,134,252,255,255,144,144,144,144,144,144,10.0,115.0,4.0,0.035,5.0,1,30.0,0
0,0,0,0,0,0,0,0,93271,4194304,4096,4,0,65536,17408,1024,32768,1536,2097152,4096,4096,7,2,0.778,1,6,0,1,6,0,0,0,0,0,0,0,1.016,1,1,21.333,0.0,0,5.74,0.499,4.876,2.786,4.741,5.74,131,236,12,199,5,24,132,64,0,1,0,0,0,232,126,35,0,0,131,196,12,233,166,252,255,255,141,182,0,0,0,0,131,236,12,199,5,24,132,64,0,0,0,0,0,232,94,35,0,0,131,196,12,233,134,252,255,255,144,144,144,144,144,144,10.0,123.0,4.0,0.033,6.0,1,30.0,0
0,0,0,0,0,0,0,0,105233,4194304,4096,4,0,94208,40960,1024,61440,1536,2097152,4096,4096,7,2,0.778,1,6,0,1,6,0,0,0,0,0,0,0,1.011,1,1,16.0,0.0,0,5.742,1.528,4.903,2.817,5.348,5.742,131,236,12,199,5,88,245,64,0,1,0,0,0,232,46,133,0,0,131,196,12,233,166,252,255,255,141,182,0,0,0,0,131,236,12,199,5,88,245,64,0,0,0,0,0,232,14,133,0,0,131,196,12,233,134,252,255,255,144,144,144,144,144,144,11.0,140.0,4.0,0.029,2.0,1,30.0,0
0,0,0,0,0,0,0,0,0,4194304,4096,4,0,122880,61440,4096,50176,0,1048576,4096,4096,4,0,1.0,1,1,0,1,1,0,0,0,0,0,0,0,1.001,0,1,1.042,0.258,0,6.032,2.566,5.073,3.833,6.044,6.032,106,112,104,96,4,65,0,232,228,1,0,0,51,219,83,139,61,224,0,65,0,255,215,102,129,56,77,90,117,31,139,72,60,3,200,129,57,80,69,0,0,117,18,15,183,65,24,61,11,1,0,0,116,31,61,11,2,0,0,116,5,137,93,228,9.0,249.0,10.0,0.04,-1,1,178.0,0
0,0,0,0,0,0,0,0,109023,4194304,4096,4,0,90112,37888,1024,55808,1536,2097152,4096,4096,7,2,0.778,1,6,0,1,6,0,0,0,0,0,0,0,1.001,1,1,18.286,0.0,0,5.589,0.507,4.896,2.844,5.119,5.589,131,236,12,199,5,216,228,64,0,1,0,0,0,232,158,126,0,0,131,196,12,233,166,252,255,255,141,182,0,0,0,0,131,236,12,199,5,216,228,64,0,0,0,0,0,232,126,126,0,0,131,196,12,233,134,252,255,255,144,144,144,144,144,144,9.0,167.0,4.0,0.024,21.0,1,30.0,0
0,0,0,0,0,0,0,0,119888,4194304,4096,4,0,81920,28160,1024,54784,1536,2097152,4096,4096,7,2,0.778,1,6,0,1,6,0,0,0,0,0,0,0,1.014,1,1,18.286,0.0,0,5.563,0.382,4.898,2.749,5.797,5.563,131,236,12,199,5,152,180,64,0,1,0,0,0,232,78,87,0,0,131,196,12,233,166,252,255,255,141,182,0,0,0,0,131,236,12,199,5,152,180,64,0,0,0,0,0,232,46,87,0,0,131,196,12,233,134,252,255,255,144,144,144,144,144,144,13.0,308.0,4.0,0.013,1.0,1,30.0,0
0,0,1,0,0,0,0,1,184107,4194304,4096,5,1,151552,72192,1024,66048,0,1048576,4096,4096,4,0,1.0,1,1,0,1,1,0,0,0,0,0,0,0,1.001,0,1,1.129,0.399,0,6.341,3.211,3.789,4.11,6.118,6.341,232,118,90,0,0,233,123,254,255,255,85,139,236,129,236,40,3,0,0,161,132,2,66,0,51,197,137,69,252,131,125,8,255,87,116,9,255,117,8,232,119,81,0,0,89,131,165,224,252,255,255,0,141,133,228,252,255,255,106,76,106,0,80,232,7.0,100.0,3.0,0.03,5.0,0,14.0,0
0,0,0,0,0,0,0,0,52391,4194304,4096,4,0,57344,12288,1024,26624,1536,2097152,4096,4096,7,2,0.778,1,6,0,1,6,0,0,0,0,0,0,0,1.029,1,1,16.0,0.0,0,5.59,0.503,4.894,2.709,4.574,5.59,131,236,12,199,5,152,100,64,0,1,0,0,0,232,142,25,0,0,131,196,12,233,166,252,255,255,141,182,0,0,0,0,131,236,12,199,5,152,100,64,0,0,0,0,0,232,110,25,0,0,131,196,12,233,134,252,255,255,144,144,144,144,144,144,10.0,113.0,4.0,0.035,2.0,1,30.0,0
0,0,0,0,0,0,0,0,0,4194304,4096,4,0,118784,56320,4096,45568,0,1048576,4096,4096,4,0,1.0,1,1,0,1,1,0,0,0,0,0,0,0,1.004,0,1,1.016,0.457,0,6.057,3.435,4.151,3.861,5.653,6.057,106,112,104,16,244,64,0,232,6,2,0,0,51,255,87,255,21,160,240,64,0,102,129,56,77,90,117,31,139,72,60,3,200,129,57,80,69,0,0,117,18,15,183,65,24,61,11,1,0,0,116,31,61,11,2,0,0,116,5,137,125,228,235,39,10.0,232.0,4.0,0.017,-1,1,174.0,0
0,0,0,0,0,0,0,0,104208,4194304,4096,4,0,86016,33280,1024,33280,0,1048576,65536,4096,2,3,0.4,2,1,0,2,1,0,0,1,1,1,1,0,1.007,0,1,1.05,0.217,0,-1,-1,3.911,2.754,5.003,6.183,232,215,0,0,0,133,192,117,5,232,10,0,0,0,80,255,21,36,67,65,0,195,144,144,85,137,229,131,236,28,141,117,228,139,29,236,162,64,0,139,61,228,162,64,0,235,28,144,86,83,87,255,21,124,67,65,0,133,192,117,14,86,255,21,7.0,101.0,9.0,0.089,7.0,1,88.0,0
0,0,0,0,0,0,0,0,0,4194304,4096,5,0,7180288,4730368,1024,2393600,0,1048576,16384,4096,9,2,0.818,2,5,0,2,5,0,0,1,0,1,1,0,1.013,2,2,5.505,0.0,0,6.221,6.098,6.693,2.601,6.532,5.894,85,139,236,131,196,232,83,86,87,51,192,137,69,236,137,69,232,184,244,39,135,0,232,121,136,184,255,51,192,85,104,207,62,136,0,100,255,48,100,137,32,161,252,16,137,0,139,0,232,87,211,213,255,51,201,178,1,161,36,37,135,0,232,1,26.0,650.0,14.0,0.022,3.0,1,558.0,0
0,0,1,0,0,0,0,1,146860,268435456,4096,5,0,102400,88064,1024,2560,0,1048576,8192,4096,3,0,1.0,1,1,0,1,1,0,0,0,0,0,0,0,1.005,0,1,1.101,0.201,0,6.056,3.001,4.774,4.519,6.074,6.056,232,227,5,0,0,233,162,253,255,255,204,255,37,116,18,0,16,255,37,112,18,0,16,59,13,108,113,1,16,117,2,243,195,233,86,6,0,0,80,100,255,53,0,0,0,0,141,68,36,12,43,100,36,12,83,86,87,137,40,139,232,161,108,113,6.0,169.0,9.0,0.053,5.0,0,14.0,0
0,0,1,0,0,0,0,1,167346,4194304,4096,5,1,159744,78336,1024,64512,0,1048576,4096,4096,4,0,1.0,1,1,0,1,1,0,0,0,0,0,0,0,1.002,0,1,1.123,0.396,0,6.279,3.321,3.82,4.164,6.009,6.279,232,7,113,0,0,233,123,254,255,255,85,139,236,129,236,40,3,0,0,161,208,32,66,0,51,197,137,69,252,131,125,8,255,87,116,9,255,117,8,232,217,113,0,0,89,131,165,224,252,255,255,0,141,133,228,252,255,255,106,76,106,0,80,232,5.0,95.0,3.0,0.032,13.0,1,14.0,0
0,0,0,0,0,0,0,0,77181,4194304,4096,4,0,61440,13824,1024,31232,1536,2097152,4096,4096,7,2,0.778,1,6,0,1,6,0,0,0,0,0,0,0,1.015,1,1,18.286,0.0,0,5.466,0.95,4.888,2.771,4.929,5.466,131,236,12,199,5,152,116,64,0,1,0,0,0,232,30,32,0,0,131,196,12,233,166,252,255,255,141,182,0,0,0,0,131,236,12,199,5,152,116,64,0,0,0,0,0,232,254,31,0,0,131,196,12,233,134,252,255,255,144,144,144,144,144,144,11.0,161.0,4.0,0.025,1.0,1,30.0,0
0,0,0,0,0,0,0,0,101204,4194304,4096,4,0,65536,16896,1024,34304,1536,2097152,4096,4096,7,2,0.778,1,6,0,1,6,0,0,0,0,0,0,0,1.018,1,1,21.333,0.0,0,5.423,0.509,4.882,2.784,4.921,5.423,131,236,12,199,5,216,132,64,0,1,0,0,0,232,190,43,0,0,131,196,12,233,166,252,255,255,141,182,0,0,0,0,131,236,12,199,5,216,132,64,0,0,0,0,0,232,158,43,0,0,131,196,12,233,134,252,255,255,144,144,144,144,144,144,12.0,163.0,4.0,0.025,2.0,1,30.0,0
0,0,0,0,0,0,0,0,42980,4194304,4096,4,0,57344,10240,1024,24064,1536,2097152,4096,4096,7,2,0.778,1,6,0,1,6,0,0,0,0,0,0,0,1.04,1,1,21.333,0.0,0,5.53,0.418,4.879,2.738,4.359,5.53,131,236,12,199,5,24,100,64,0,1,0,0,0,232,94,17,0,0,131,196,12,233,166,252,255,255,141,182,0,0,0,0,131,236,12,199,5,24,100,64,0,0,0,0,0,232,62,17,0,0,131,196,12,233,134,252,255,255,144,144,144,144,144,144,10.0,110.0,4.0,0.036,5.0,1,30.0,0
0,0,0,0,0,0,0,0,91842,4194304,4096,4,0,57344,9216,1024,22528,7680,2097152,4096,4096,7,2,0.778,1,6,0,1,6,0,0,0,0,0,0,0,1.012,1,1,21.333,0.0,0,5.623,0.893,4.883,2.748,4.236,5.623,131,236,12,199,5,152,124,64,0,1,0,0,0,232,126,14,0,0,131,196,12,233,166,252,255,255,141,182,0,0,0,0,131,236,12,199,5,152,124,64,0,0,0,0,0,232,94,14,0,0,131,196,12,233,134,252,255,255,144,144,144,144,144,144,10.0,104.0,4.0,0.038,5.0,1,30.0,0
0,0,0,0,0,0,0,1,78964,4194304,4096,5,0,40960,19968,1024,5120,0,1048576,8192,4096,3,0,1.0,1,1,0,1,1,0,0,0,0,0,0,0,1.007,0,1,1.106,0.115,0,6.153,2.246,4.37,3.824,5.724,6.153,232,42,4,0,0,233,162,253,255,255,59,13,72,97,64,0,117,2,243,195,233,170,4,0,0,255,37,176,17,64,0,81,141,76,36,4,43,200,27,192,247,208,35,200,139,196,37,0,240,255,255,59,200,114,10,139,193,89,148,139,0,137,4,36,3.0,112.0,3.0,0.027,5.0,0,40.0,0
0,0,0,0,0,0,0,0,141461,4194304,4096,4,0,102400,51200,1024,35840,0,1048576,4096,4096,4,0,1.0,1,1,0,1,1,0,0,0,0,0,0,0,1.001,0,1,1.009,0.297,0,6.1,2.038,4.781,3.972,6.108,6.1,106,112,104,16,228,64,0,232,6,2,0,0,51,255,87,255,21,172,224,64,0,102,129,56,77,90,117,31,139,72,60,3,200,129,57,80,69,0,0,117,18,15,183,65,24,61,11,1,0,0,116,31,61,11,2,0,0,116,5,137,125,228,235,39,9.0,227.0,4.0,0.018,8.0,0,144.0,0
0,0,0,0,0,0,0,0,280941,4194304,4096,4,0,241664,77824,4096,159744,0,1048576,4096,4096,4,0,1.0,1,1,0,1,1,0,0,0,0,0,0,0,1.041,0,1,1.076,0.833,0,6.296,5.347,3.545,4.141,5.98,6.296,85,139,236,106,255,104,176,69,65,0,104,52,174,64,0,100,161,0,0,0,0,80,100,137,37,0,0,0,0,131,236,88,83,86,87,137,101,232,255,21,160,65,65,0,51,210,138,212,137,21,128,54,67,0,139,200,129,225,255,0,0,0,137,13,10.0,213.0,13.0,0.061,11.0,1,120.0,0
1,0,1,0,0,0,0,1,171473,4194304,4096,5,1,192512,78848,1024,66048,0,1048576,4096,4096,1,4,0.2,0,5,0,0,5,0,0,0,1,1,1,1,0.389,0,5,0.512,0.125,0,-1,-1,3.794,3.831,4.074,6.507,232,3,0,0,0,235,1,233,187,85,0,0,0,232,3,0,0,0,235,1,233,232,143,0,0,0,232,3,0,0,0,235,1,233,232,130,0,0,0,232,3,0,0,0,235,1,194,232,184,0,0,0,232,3,0,0,0,235,1,232,232,171,0,0,1.0,1.0,2.0,2.0,-1,1,14.0,0
1,0,1,0,0,0,0,1,1356067,4194304,4096,6,0,1327104,292864,1024,1001984,0,1048576,4096,4096,1,4,0.2,0,5,0,0,5,0,0,0,1,1,1,1,0.389,0,5,0.996,0.104,0,-1,-1,5.99,4.208,5.682,7.938,232,3,0,0,0,235,1,233,187,85,0,0,0,232,3,0,0,0,235,1,232,232,143,0,0,0,232,3,0,0,0,235,1,233,232,130,0,0,0,232,3,0,0,0,235,1,194,232,184,0,0,0,232,3,0,0,0,235,1,194,232,171,0,0,1.0,1.0,2.0,2.0,-1,1,178.0,0
1,0,1,0,0,0,0,1,260687,4194304,4096,6,0,266240,146432,1024,75776,0,4096,4096,4096,1,4,0.2,0,5,0,0,5,0,0,0,1,1,1,1,0.389,0,5,0.472,0.125,0,-1,-1,3.778,3.788,4.144,7.858,232,3,0,0,0,235,1,194,187,85,0,0,0,232,3,0,0,0,235,1,233,232,143,0,0,0,232,3,0,0,0,235,1,232,232,130,0,0,0,232,3,0,0,0,235,1,232,232,184,0,0,0,232,3,0,0,0,235,1,232,232,171,0,0,1.0,1.0,2.0,2.0,-1,1,14.0,0
1,0,1,0,0,0,0,1,2883154,4194304,4096,5,1,2867200,586240,1024,2263040,0,1048576,4096,4096,1,4,0.2,0,5,0,0,5,0,0,0,1,1,1,1,0.389,0,5,0.999,0.156,0,-1,-1,7.727,4.144,6.811,7.93,232,3,0,0,0,235,1,232,187,85,0,0,0,232,3,0,0,0,235,1,233,232,143,0,0,0,232,3,0,0,0,235,1,194,232,130,0,0,0,232,3,0,0,0,235,1,233,232,184,0,0,0,232,3,0,0,0,235,1,233,232,171,0,0,1.0,1.0,2.0,2.0,-1,1,48.0,0
1,0,1,0,0,0,0,1,189022,4194304,4096,5,1,180224,68096,1024,66048,0,1048576,4096,4096,1,4,0.2,0,5,0,0,5,0,0,0,1,1,1,1,0.389,0,5,0.515,0.125,0,-1,-1,3.746,3.883,4.053,7.878,232,3,0,0,0,235,1,194,187,85,0,0,0,232,3,0,0,0,235,1,232,232,143,0,0,0,232,3,0,0,0,235,1,232,232,130,0,0,0,232,3,0,0,0,235,1,232,232,184,0,0,0,232,3,0,0,0,235,1,232,232,171,0,0,1.0,1.0,2.0,2.0,-1,1,14.0,0
1,0,1,0,0,0,0,1,213969,4194304,4096,5,1,184320,73216,1024,66560,0,1048576,4096,4096,1,4,0.2,0,5,0,0,5,0,0,0,1,1,1,1,0.389,0,5,0.521,0.125,0,-1,-1,3.903,3.917,4.098,7.878,232,3,0,0,0,235,1,232,187,85,0,0,0,232,3,0,0,0,235,1,232,232,143,0,0,0,232,3,0,0,0,235,1,232,232,130,0,0,0,232,3,0,0,0,235,1,194,232,184,0,0,0,232,3,0,0,0,235,1,233,232,171,0,0,1.0,1.0,2.0,2.0,-1,1,14.0,0
1,0,1,0,0,0,0,1,397800,4194304,4096,5,1,405504,215552,1024,158720,0,1048576,4096,4096,1,4,0.2,0,5,0,0,5,0,0,0,1,1,1,1,0.389,0,5,0.75,0.111,0,-1,-1,4.409,4.015,4.209,7.938,232,3,0,0,0,235,1,233,187,85,0,0,0,232,3,0,0,0,235,1,233,232,143,0,0,0,232,3,0,0,0,235,1,232,232,130,0,0,0,232,3,0,0,0,235,1,233,232,184,0,0,0,232,3,0,0,0,235,1,233,232,171,0,0,1.0,1.0,2.0,2.0,-1,1,14.0,0
1,0,1,0,0,0,0,1,209923,4194304,4096,5,1,192512,75264,1024,72192,0,1048576,4096,4096,1,4,0.2,0,5,0,0,5,0,0,0,1,1,1,1,0.389,0,5,0.533,0.125,0,-1,-1,3.773,3.794,4.135,7.892,232,3,0,0,0,235,1,233,187,85,0,0,0,232,3,0,0,0,235,1,233,232,143,0,0,0,232,3,0,0,0,235,1,194,232,130,0,0,0,232,3,0,0,0,235,1,194,232,184,0,0,0,232,3,0,0,0,235,1,232,232,171,0,0,1.0,1.0,2.0,2.0,-1,1,14.0,0
1,0,1,0,0,0,0,1,188498,4194304,4096,5,1,184320,71168,1024,69120,0,1048576,4096,4096,1,4,0.2,0,5,0,0,5,0,0,0,1,1,1,1,0.389,0,5,0.528,0.125,0,-1,-1,3.294,3.872,4.123,7.862,232,3,0,0,0,235,1,194,187,85,0,0,0,232,3,0,0,0,235,1,232,232,143,0,0,0,232,3,0,0,0,235,1,232,232,130,0,0,0,232,3,0,0,0,235,1,232,232,184,0,0,0,232,3,0,0,0,235,1,232,232,171,0,0,1.0,1.0,2.0,2.0,-1,1,14.0,0
1,0,1,0,0,0,0,1,684753,4194304,4096,5,1,671744,174080,1024,462336,0,1048576,4096,4096,1,4,0.2,0,5,0,0,5,0,0,0,1,1,1,1,0.389,0,5,0.997,0.125,0,-1,-1,5.993,3.963,5.509,7.881,232,3,0,0,0,235,1,233,187,85,0,0,0,232,3,0,0,0,235,1,232,232,143,0,0,0,232,3,0,0,0,235,1,233,232,130,0,0,0,232,3,0,0,0,235,1,232,232,184,0,0,0,232,3,0,0,0,235,1,233,232,171,0,0,1.0,1.0,2.0,2.0,-1,1,110.0,0
1,0,1,0,0,1,0,1,566313,4194304,143360,5,1,552960,359936,1024,142336,0,1048576,4096,4096,1,9,0.1,0,10,0,0,10,0,0,0,1,1,1,1,0.389,1,9,1.0,0.0,0,-1,-1,4.043,1.577,4.711,7.938,232,3,0,0,0,235,1,194,187,85,0,0,0,232,3,0,0,0,235,1,232,232,143,0,0,0,232,3,0,0,0,235,1,233,232,130,0,0,0,232,3,0,0,0,235,1,233,232,184,0,0,0,232,3,0,0,0,235,1,233,232,171,0,0,1.0,1.0,2.0,2.0,-1,1,92.0,0
1,0,1,0,0,0,0,1,334620,4194304,4096,5,1,323584,86016,1024,195584,0,1048576,4096,4096,1,4,0.2,0,5,0,0,5,0,0,0,1,1,1,1,0.389,0,5,0.988,0.125,0,-1,-1,6.212,3.769,5.168,7.875,232,3,0,0,0,235,1,233,187,85,0,0,0,232,3,0,0,0,235,1,232,232,143,0,0,0,232,3,0,0,0,235,1,232,232,130,0,0,0,232,3,0,0,0,235,1,194,232,184,0,0,0,232,3,0,0,0,235,1,233,232,171,0,0,1.0,1.0,2.0,2.0,-1,1,20.0,0
1,0,1,0,0,0,0,1,266350,4194304,4096,6,0,290816,141824,1024,106496,0,1048576,4096,4096,1,4,0.2,0,5,0,0,5,0,0,0,1,1,1,1,0.389,0,5,0.504,0.24,0,-1,-1,3.893,3.818,4.112,7.889,232,3,0,0,0,235,1,232,187,85,0,0,0,232,3,0,0,0,235,1,233,232,143,0,0,0,232,3,0,0,0,235,1,232,232,130,0,0,0,232,3,0,0,0,235,1,232,232,184,0,0,0,232,3,0,0,0,235,1,194,232,171,0,0,1.0,1.0,2.0,2.0,-1,1,14.0,0
1,0,1,0,0,0,0,1,358026,4194304,4096,5,1,331776,93696,1024,195584,0,1048576,4096,4096,1,4,0.2,0,5,0,0,5,0,0,0,1,1,1,1,0.389,0,5,0.984,0.125,0,-1,-1,6.194,3.862,5.123,7.876,232,3,0,0,0,235,1,194,187,85,0,0,0,232,3,0,0,0,235,1,233,232,143,0,0,0,232,3,0,0,0,235,1,232,232,130,0,0,0,232,3,0,0,0,235,1,232,232,184,0,0,0,232,3,0,0,0,235,1,194,232,171,0,0,1.0,1.0,2.0,2.0,-1,1,20.0,0
1,0,1,0,0,0,0,1,381312,4194304,4096,5,1,540672,99840,1024,400896,0,1048576,4096,4096,1,4,0.2,0,5,0,0,5,0,0,0,1,1,1,1,0.389,0,4,1.0,0.011,0,-1,-1,6.202,3.904,3.837,7.798,232,3,0,0,0,235,1,194,187,85,0,0,0,232,3,0,0,0,235,1,232,232,143,0,0,0,232,3,0,0,0,235,1,232,232,130,0,0,0,232,3,0,0,0,235,1,233,232,184,0,0,0,232,3,0,0,0,235,1,194,232,171,0,0,1.0,1.0,2.0,2.0,-1,1,26.0,0
1,0,1,0,0,0,0,1,2229709,4194304,4096,5,1,2187264,585216,1024,1594368,0,1048576,4096,4096,1,4,0.2,0,5,0,0,5,0,0,0,1,1,1,1,0.389,0,5,1.0,0.062,0,-1,-1,6.018,4.305,5.464,7.753,232,3,0,0,0,235,1,194,187,85,0,0,0,232,3,0,0,0,235,1,232,232,143,0,0,0,232,3,0,0,0,235,1,194,232,130,0,0,0,232,3,0,0,0,235,1,233,232,184,0,0,0,232,3,0,0,0,235,1,232,232,171,0,0,1.0,1.0,2.0,2.0,-1,1,410.0,0
1,0,1,0,0,0,0,1,2736720,4194304,4096,5,1,2854912,763904,1024,1943552,0,1048576,4096,4096,1,4,0.2,0,5,0,0,5,0,0,0,1,1,1,1,0.389,0,5,0.999,0.043,0,-1,-1,7.802,4.198,6.484,7.933,232,3,0,0,0,235,1,232,187,85,0,0,0,232,3,0,0,0,235,1,194,232,143,0,0,0,232,3,0,0,0,235,1,194,232,130,0,0,0,232,3,0,0,0,235,1,232,232,184,0,0,0,232,3,0,0,0,235,1,232,232,171,0,0,1.0,1.0,2.0,2.0,-1,1,638.0,0
1,0,1,0,0,0,0,1,676564,4194304,4096,5,1,684032,167424,1024,481280,0,1048576,4096,4096,1,4,0.2,0,5,0,0,5,0,0,0,1,1,1,1,0.389,0,5,0.999,0.1,0,-1,-1,5.915,4.055,5.229,7.809,232,3,0,0,0,235,1,194,187,85,0,0,0,232,3,0,0,0,235,1,232,232,143,0,0,0,232,3,0,0,0,235,1,233,232,130,0,0,0,232,3,0,0,0,235,1,232,232,184,0,0,0,232,3,0,0,0,235,1,232,232,171,0,0,1.0,1.0,2.0,2.0,-1,1,20.0,0
1,0,1,0,0,0,0,1,725100,4194304,4096,5,1,720896,116224,1024,558592,0,1048576,4096,4096,1,4,0.2,0,5,0,0,5,0,0,0,1,1,1,1,0.389,0,5,0.994,0.094,0,-1,-1,7.426,3.495,6.781,7.816,232,3,0,0,0,235,1,194,187,85,0,0,0,232,3,0,0,0,235,1,194,232,143,0,0,0,232,3,0,0,0,235,1,233,232,130,0,0,0,232,3,0,0,0,235,1,194,232,184,0,0,0,232,3,0,0,0,235,1,233,232,171,0,0,1.0,1.0,2.0,2.0,-1,1,106.0,0
1,0,1,0,0,0,0,1,179878,4194304,4096,5,1,180224,66560,1024,65536,0,1048576,4096,4096,1,4,0.2,0,5,0,0,5,0,0,0,1,1,1,1,0.389,0,5,0.507,0.125,0,-1,-1,3.858,3.832,3.987,6.511,232,3,0,0,0,235,1,194,187,85,0,0,0,232,3,0,0,0,235,1,194,232,143,0,0,0,232,3,0,0,0,235,1,233,232,130,0,0,0,232,3,0,0,0,235,1,232,232,184,0,0,0,232,3,0,0,0,235,1,194,232,171,0,0,1.0,1.0,2.0,2.0,-1,1,14.0,0
1,0,1,0,0,0,0,1,304493,4194304,4096,5,1,286720,79360,1024,161280,0,1048576,4096,4096,1,4,0.2,0,5,0,0,5,0,0,0,1,1,1,1,0.389,0,5,0.964,0.125,0,-1,-1,6.847,3.85,5.153,7.886,232,3,0,0,0,235,1,232,187,85,0,0,0,232,3,0,0,0,235,1,194,232,143,0,0,0,232,3,0,0,0,235,1,233,232,130,0,0,0,232,3,0,0,0,235,1,194,232,184,0,0,0,232,3,0,0,0,235,1,232,232,171,0,0,1.0,1.0,2.0,2.0,-1,1,74.0,0
1,0,1,0,0,0,0,1,279762,4194304,4096,5,1,278528,71680,1024,161792,0,1048576,4096,4096,1,4,0.2,0,5,0,0,5,0,0,0,1,1,1,1,0.389,0,5,0.964,0.125,0,-1,-1,6.847,3.878,5.201,7.829,232,3,0,0,0,235,1,233,187,85,0,0,0,232,3,0,0,0,235,1,232,232,143,0,0,0,232,3,0,0,0,235,1,194,232,130,0,0,0,232,3,0,0,0,235,1,194,232,184,0,0,0,232,3,0,0,0,235,1,194,232,171,0,0,1.0,1.0,2.0,2.0,-1,1,74.0,0
1,0,1,0,0,0,0,1,198807,4194304,4096,5,1,176128,65536,1024,65024,0,1048576,4096,4096,1,4,0.2,0,5,0,0,5,0,0,0,1,1,1,1,0.389,0,5,0.523,0.125,0,-1,-1,3.77,3.848,4.029,7.877,232,3,0,0,0,235,1,233,187,85,0,0,0,232,3,0,0,0,235,1,194,232,143,0,0,0,232,3,0,0,0,235,1,233,232,130,0,0,0,232,3,0,0,0,235,1,194,232,184,0,0,0,232,3,0,0,0,235,1,194,232,171,0,0,1.0,1.0,2.0,2.0,-1,1,14.0,0
1,0,1,0,0,0,0,1,243861,4194304,4096,5,1,258048,80384,1024,135680,0,1048576,4096,4096,1,4,0.2,0,5,0,0,5,0,0,0,1,1,1,1,0.389,0,5,0.977,0.125,0,-1,-1,6.238,3.875,4.895,7.879,232,3,0,0,0,235,1,233,187,85,0,0,0,232,3,0,0,0,235,1,232,232,143,0,0,0,232,3,0,0,0,235,1,194,232,130,0,0,0,232,3,0,0,0,235,1,194,232,184,0,0,0,232,3,0,0,0,235,1,232,232,171,0,0,1.0,1.0,2.0,2.0,-1,1,24.0,0
1,0,1,0,0,0,0,1,218619,4194304,4096,5,1,233472,92160,1024,99840,0,1048576,4096,4096,1,4,0.2,0,5,0,0,5,0,0,0,1,1,1,1,0.389,0,5,0.75,0.05,0,-1,-1,3.117,3.791,3.749,7.796,232,3,0,0,0,235,1,233,187,85,0,0,0,232,3,0,0,0,235,1,233,232,143,0,0,0,232,3,0,0,0,235,1,232,232,130,0,0,0,232,3,0,0,0,235,1,194,232,184,0,0,0,232,3,0,0,0,235,1,194,232,171,0,0,1.0,1.0,2.0,2.0,-1,1,30.0,0
1,0,1,0,0,0,0,1,157809,4194304,4096,5,1,200704,64512,1024,95744,0,1048576,4096,4096,1,4,0.2,0,5,0,0,5,0,0,0,1,1,1,1,0.389,0,5,0.75,0.05,0,-1,-1,3.11,3.865,3.698,7.889,232,3,0,0,0,235,1,233,187,85,0,0,0,232,3,0,0,0,235,1,232,232,143,0,0,0,232,3,0,0,0,235,1,194,232,130,0,0,0,232,3,0,0,0,235,1,232,232,184,0,0,0,232,3,0,0,0,235,1,233,232,171,0,0,1.0,1.0,2.0,2.0,-1,1,30.0,0
1,0,1,0,0,0,0,1,664956,4194304,4096,5,1,671744,90112,1024,542720,0,1048576,4096,4096,1,4,0.2,0,5,0,0,5,0,0,0,1,1,1,1,0.389,0,4,1.0,0.125,0,-1,-1,6.261,3.822,5.813,7.851,232,3,0,0,0,235,1,233,187,85,0,0,0,232,3,0,0,0,235,1,232,232,143,0,0,0,232,3,0,0,0,235,1,233,232,130,0,0,0,232,3,0,0,0,235,1,233,232,184,0,0,0,232,3,0,0,0,235,1,232,232,171,0,0,1.0,1.0,2.0,2.0,-1,1,30.0,0
1,0,1,0,0,0,0,1,450058,4194304,4096,5,1,458752,113664,1024,302592,0,1048576,4096,4096,1,4,0.2,0,5,0,0,5,0,0,0,1,1,1,1,0.389,0,5,0.986,0.15,0,-1,-1,6.096,3.898,5.373,7.902,232,3,0,0,0,235,1,233,187,85,0,0,0,232,3,0,0,0,235,1,233,232,143,0,0,0,232,3,0,0,0,235,1,233,232,130,0,0,0,232,3,0,0,0,235,1,232,232,184,0,0,0,232,3,0,0,0,235,1,232,232,171,0,0,1.0,1.0,2.0,2.0,-1,1,20.0,0
1,0,1,0,0,0,0,1,182227,4194304,4096,5,1,188416,74752,1024,66048,0,1048576,4096,4096,1,4,0.2,0,5,0,0,5,0,0,0,1,1,1,1,0.389,0,5,0.507,0.125,0,-1,-1,3.83,3.861,4.049,7.893,232,3,0,0,0,235,1,232,187,85,0,0,0,232,3,0,0,0,235,1,194,232,143,0,0,0,232,3,0,0,0,235,1,194,232,130,0,0,0,232,3,0,0,0,235,1,232,232,184,0,0,0,232,3,0,0,0,235,1,194,232,171,0,0,1.0,1.0,2.0,2.0,-1,1,14.0,0
1,0,1,0,0,0,0,1,1174185,4194304,4096,6,0,1155072,822784,1024,321536,0,1048576,4096,4096,1,4,0.2,0,5,0,0,5,0,0,0,1,1,1,1,0.389,0,5,0.988,0.125,0,-1,-1,3.527,4.482,4.299,7.911,232,3,0,0,0,235,1,233,187,85,0,0,0,232,3,0,0,0,235,1,233,232,143,0,0,0,232,3,0,0,0,235,1,232,232,130,0,0,0,232,3,0,0,0,235,1,232,232,184,0,0,0,232,3,0,0,0,235,1,233,232,171,0,0,1.0,1.0,2.0,2.0,-1,1,116.0,0
1,0,1,0,0,0,0,1,107858,16777216,4096,6,1,106496,34304,1024,27136,0,262144,8192,4096,1,3,0.25,0,4,0,0,4,0,0,0,1,1,1,1,0.389,0,4,0.5,0.021,0,-1,-1,4.501,3.685,3.417,7.834,232,3,0,0,0,235,1,232,187,85,0,0,0,232,3,0,0,0,235,1,232,232,143,0,0,0,232,3,0,0,0,235,1,232,232,130,0,0,0,232,3,0,0,0,235,1,232,232,184,0,0,0,232,3,0,0,0,235,1,232,232,171,0,0,1.0,1.0,2.0,2.0,-1,1,20.0,0
1,0,1,0,0,0,0,1,180060,4194304,4096,5,1,204800,82432,1024,77824,0,1048576,4096,4096,1,4,0.2,0,5,0,0,5,0,0,0,1,1,1,1,0.389,0,5,0.542,0.125,0,-1,-1,3.776,3.994,4.23,7.876,232,3,0,0,0,235,1,194,187,85,0,0,0,232,3,0,0,0,235,1,194,232,143,0,0,0,232,3,0,0,0,235,1,194,232,130,0,0,0,232,3,0,0,0,235,1,194,232,184,0,0,0,232,3,0,0,0,235,1,194,232,171,0,0,1.0,1.0,2.0,2.0,-1,1,14.0,0
1,0,1,0,0,0,0,1,182879,4194304,4096,5,1,180224,67584,1024,66048,0,1048576,4096,4096,1,4,0.2,0,5,0,0,5,0,0,0,1,1,1,1,0.389,0,5,0.515,0.125,0,-1,-1,3.776,3.842,4.053,7.821,232,3,0,0,0,235,1,194,187,85,0,0,0,232,3,0,0,0,235,1,232,232,143,0,0,0,232,3,0,0,0,235,1,232,232,130,0,0,0,232,3,0,0,0,235,1,233,232,184,0,0,0,232,3,0,0,0,235,1,232,232,171,0,0,1.0,1.0,2.0,2.0,-1,1,14.0,0
1,0,1,0,0,0,0,1,7198898,4194304,4096,5,0,7151616,248832,1024,6877696,0,1048576,4096,4096,1,4,0.2,0,5,0,0,5,0,0,0,1,1,1,1,0.389,0,4,1.0,0.016,0,-1,-1,2.104,3.511,1.962,7.876,232,3,0,0,0,235,1,194,187,85,0,0,0,232,3,0,0,0,235,1,233,232,143,0,0,0,232,3,0,0,0,235,1,232,232,130,0,0,0,232,3,0,0,0,235,1,232,232,184,0,0,0,232,3,0,0,0,235,1,233,232,171,0,0,1.0,1.0,2.0,2.0,-1,1,82.0,0
1,0,1,0,0,0,0,1,594129,16777216,4096,6,1,626688,99328,1024,487424,0,262144,8192,4096,1,3,0.25,0,4,0,0,4,0,0,0,1,1,1,1,0.389,0,4,0.998,0.188,0,-1,-1,6.154,3.828,5.912,7.855,232,3,0,0,0,235,1,194,187,85,0,0,0,232,3,0,0,0,235,1,232,232,143,0,0,0,232,3,0,0,0,235,1,233,232,130,0,0,0,232,3,0,0,0,235,1,233,232,184,0,0,0,232,3,0,0,0,235,1,194,232,171,0,0,1.0,1.0,2.0,2.0,-1,1,226.0,0
1,0,1,0,0,0,0,1,154549,4194304,4096,5,0,159744,66048,1024,43008,0,1048576,4096,4096,1,4,0.2,0,5,0,0,5,0,0,0,1,1,1,1,0.389,0,5,0.75,0.167,0,-1,-1,3.691,3.553,4.368,7.886,232,3,0,0,0,235,1,232,187,85,0,0,0,232,3,0,0,0,235,1,194,232,143,0,0,0,232,3,0,0,0,235,1,194,232,130,0,0,0,232,3,0,0,0,235,1,232,232,184,0,0,0,232,3,0,0,0,235,1,233,232,171,0,0,1.0,1.0,2.0,2.0,-1,1,76.0,0
1,0,1,0,0,0,0,1,892335,4194304,4096,5,1,929792,92672,1024,799744,0,1048576,4096,4096,1,4,0.2,0,5,0,0,5,0,0,0,1,1,1,1,0.389,0,4,1.0,0.021,0,-1,-1,3.575,3.862,3.681,7.893,232,3,0,0,0,235,1,194,187,85,0,0,0,232,3,0,0,0,235,1,194,232,143,0,0,0,232,3,0,0,0,235,1,232,232,130,0,0,0,232,3,0,0,0,235,1,233,232,184,0,0,0,232,3,0,0,0,235,1,233,232,171,0,0,1.0,1.0,2.0,2.0,-1,1,24.0,0
1,0,0,0,0,0,0,1,1627718,4194304,4096,5,1,2146304,581632,1024,1533440,0,4194304,4096,4096,1,4,0.2,0,5,0,0,5,0,0,0,1,1,1,1,0.389,0,5,0.998,0.069,0,-1,-1,6.536,4.137,5.889,7.919,232,3,0,0,0,235,1,194,187,85,0,0,0,232,3,0,0,0,235,1,233,232,143,0,0,0,232,3,0,0,0,235,1,194,232,130,0,0,0,232,3,0,0,0,235,1,232,232,184,0,0,0,232,3,0,0,0,235,1,194,232,171,0,0,1.0,1.0,2.0,2.0,-1,1,1230.0,0
1,0,1,0,0,0,0,1,359229,1255145472,4096,6,1,339968,142848,1024,158720,0,1048576,1036288,4096,1,3,0.25,0,4,0,0,4,0,0,0,1,1,1,1,0.389,0,4,0.931,0.017,0,-1,-1,4.039,3.856,3.513,7.896,232,3,0,0,0,235,1,194,187,85,0,0,0,232,3,0,0,0,235,1,233,232,143,0,0,0,232,3,0,0,0,235,1,194,232,130,0,0,0,232,3,0,0,0,235,1,194,232,184,0,0,0,232,3,0,0,0,235,1,194,232,171,0,0,1.0,1.0,2.0,2.0,-1,1,68.0,0
1,0,1,0,0,0,0,1,154163,4194304,4096,5,1,176128,65536,1024,65024,0,1048576,4096,4096,1,4,0.2,0,5,0,0,5,0,0,0,1,1,1,1,0.389,0,5,0.523,0.125,0,-1,-1,3.683,3.78,4.028,7.803,232,3,0,0,0,235,1,233,187,85,0,0,0,232,3,0,0,0,235,1,232,232,143,0,0,0,232,3,0,0,0,235,1,194,232,130,0,0,0,232,3,0,0,0,235,1,194,232,184,0,0,0,232,3,0,0,0,235,1,194,232,171,0,0,1.0,1.0,2.0,2.0,-1,1,14.0,0
1,0,1,0,0,0,0,1,834864,16777216,4096,6,1,806912,339456,1024,435712,0,262144,8192,4096,1,3,0.25,0,4,0,0,4,0,0,0,1,1,1,1,0.389,0,4,0.995,0.1,0,-1,-1,7.54,3.585,6.29,7.923,232,3,0,0,0,235,1,194,187,85,0,0,0,232,3,0,0,0,235,1,194,232,143,0,0,0,232,3,0,0,0,235,1,194,232,130,0,0,0,232,3,0,0,0,235,1,194,232,184,0,0,0,232,3,0,0,0,235,1,232,232,171,0,0,1.0,1.0,2.0,2.0,-1,1,382.0,0
1,0,1,0,0,0,0,1,3027784,4194304,4096,5,1,2916352,2148864,1024,899072,0,1048576,4096,4096,1,4,0.2,0,5,0,0,5,0,0,0,1,1,1,1,0.389,0,5,0.942,0.102,0,-1,-1,5.379,4.115,4.697,7.935,232,3,0,0,0,235,1,194,187,85,0,0,0,232,3,0,0,0,235,1,232,232,143,0,0,0,232,3,0,0,0,235,1,233,232,130,0,0,0,232,3,0,0,0,235,1,233,232,184,0,0,0,232,3,0,0,0,235,1,194,232,171,0,0,1.0,1.0,2.0,2.0,-1,1,182.0,0
1,0,1,0,0,0,0,1,682666,4194304,4096,5,1,671744,352768,1024,291328,0,1048576,4096,4096,1,4,0.2,0,5,0,0,5,0,0,0,1,1,1,1,0.389,0,5,0.972,0.109,0,-1,-1,4.662,4.256,4.164,7.912,232,3,0,0,0,235,1,232,187,85,0,0,0,232,3,0,0,0,235,1,233,232,143,0,0,0,232,3,0,0,0,235,1,194,232,130,0,0,0,232,3,0,0,0,235,1,194,232,184,0,0,0,232,3,0,0,0,235,1,194,232,171,0,0,1.0,1.0,2.0,2.0,-1,1,636.0,0
1,0,1,0,0,0,0,1,776609,4194304,4096,5,1,749568,424960,1024,303616,0,1048576,4096,4096,1,4,0.2,0,5,0,0,5,0,0,0,1,1,1,1,0.389,0,5,0.972,0.109,0,-1,-1,4.636,4.45,4.262,7.924,232,3,0,0,0,235,1,233,187,85,0,0,0,232,3,0,0,0,235,1,194,232,143,0,0,0,232,3,0,0,0,235,1,232,232,130,0,0,0,232,3,0,0,0,235,1,194,232,184,0,0,0,232,3,0,0,0,235,1,233,232,171,0,0,1.0,1.0,2.0,2.0,-1,1,636.0,0
1,0,1,0,0,0,0,1,177326,4194304,4096,5,1,172032,60928,1024,68608,0,1048576,4096,4096,1,4,0.2,0,5,0,0,5,0,0,0,1,1,1,1,0.389,0,5,0.75,0.125,0,-1,-1,3.918,3.695,4.122,7.874,232,3,0,0,0,235,1,232,187,85,0,0,0,232,3,0,0,0,235,1,233,232,143,0,0,0,232,3,0,0,0,235,1,233,232,130,0,0,0,232,3,0,0,0,235,1,194,232,184,0,0,0,232,3,0,0,0,235,1,194,232,171,0,0,1.0,1.0,2.0,2.0,-1,1,24.0,0
1,0,1,0,0,0,0,1,0,4194304,4096,5,1,19120128,10805760,4096,8640000,0,1048576,4096,4096,1,5,0.167,0,6,0,0,6,0,0,0,1,1,1,1,0.389,0,6,0.998,0.125,0,-1,-1,7.826,4.168,5.167,7.887,232,3,0,0,0,235,1,233,187,85,0,0,0,232,3,0,0,0,235,1,194,232,143,0,0,0,232,3,0,0,0,235,1,233,232,130,0,0,0,232,3,0,0,0,235,1,194,232,184,0,0,0,232,3,0,0,0,235,1,232,232,171,0,0,1.0,1.0,2.0,2.0,-1,1,56.0,0
1,0,1,0,0,0,0,1,2470825,4194304,4096,5,1,4366336,301056,1024,4031488,0,1048576,4096,4096,1,4,0.2,0,5,0,0,5,0,0,0,1,1,1,1,0.389,0,5,0.998,0.004,0,-1,-1,7.664,3.954,4.663,7.931,232,3,0,0,0,235,1,232,187,85,0,0,0,232,3,0,0,0,235,1,194,232,143,0,0,0,232,3,0,0,0,235,1,194,232,130,0,0,0,232,3,0,0,0,235,1,232,232,184,0,0,0,232,3,0,0,0,235,1,233,232,171,0,0,1.0,1.0,2.0,2.0,-1,1,326.0,0
1,0,1,0,0,0,0,1,814043,4194304,4096,5,1,823296,116224,1024,667136,0,1048576,4096,4096,1,4,0.2,0,5,0,0,5,0,0,0,1,1,1,1,0.389,0,5,0.999,0.03,0,-1,-1,4.839,3.6,4.603,7.888,232,3,0,0,0,235,1,233,187,85,0,0,0,232,3,0,0,0,235,1,233,232,143,0,0,0,232,3,0,0,0,235,1,194,232,130,0,0,0,232,3,0,0,0,235,1,232,232,184,0,0,0,232,3,0,0,0,235,1,232,232,171,0,0,1.0,1.0,2.0,2.0,-1,1,24.0,0
1,0,1,0,0,0,0,1,620899,4194304,4096,5,1,622592,194560,1024,403968,0,1048576,4096,4096,5,1,0.833,2,5,2,2,5,2,0,1,0,1,1,0,0.39,0,2,1.015,0.39,0,7.959,7.686,6.103,3.707,6.779,7.87,85,139,236,83,86,87,96,232,0,0,0,0,93,129,237,108,40,64,0,185,93,52,64,0,129,233,198,40,64,0,139,213,129,194,198,40,64,0,141,58,139,247,51,192,235,4,144,235,1,194,172,248,44,97,254,200,254,200,235,1,194,235,1,232,1.0,1.0,2.0,2.0,-1,0,108.0,0
1,0,1,0,0,0,0,1,171473,4194304,4096,5,1,180224,78848,1024,66048,0,1048576,4096,4096,5,2,0.714,3,7,3,3,7,3,0,1,0,1,1,0,0.39,0,3,1.136,0.39,0,7.949,7.572,3.794,3.645,6.259,7.868,85,139,236,83,86,87,96,232,0,0,0,0,93,129,237,108,40,64,0,185,93,52,64,0,129,233,198,40,64,0,139,213,129,194,198,40,64,0,141,58,139,247,51,192,235,4,144,235,1,194,172,248,249,192,192,45,2,193,254,200,235,1,194,192,1.0,1.0,2.0,2.0,-1,1,14.0,0
1,0,1,0,0,0,0,1,258290,4194304,4096,5,1,245760,150528,1024,74240,0,1048576,4096,4096,5,1,0.833,2,5,2,2,5,2,0,1,0,1,1,0,0.39,0,2,1.136,0.39,0,7.84,6.414,3.782,3.796,6.957,7.723,85,139,236,83,86,87,96,232,0,0,0,0,93,129,237,108,40,64,0,185,93,52,64,0,129,233,198,40,64,0,139,213,129,194,198,40,64,0,141,58,139,247,51,192,235,4,144,235,1,194,172,248,2,193,235,1,232,254,200,2,193,254,200,254,1.0,1.0,2.0,2.0,-1,0,14.0,0
1,0,1,0,0,0,0,1,260687,4194304,4096,6,0,245760,146432,1024,75776,0,4096,4096,4096,5,1,0.833,2,5,2,2,5,2,0,1,0,1,1,0,0.39,0,2,1.136,0.39,0,7.966,7.957,3.778,3.797,6.981,7.864,85,139,236,83,86,87,96,232,0,0,0,0,93,129,237,108,40,64,0,185,93,52,64,0,129,233,198,40,64,0,139,213,129,194,198,40,64,0,141,58,139,247,51,192,235,4,144,235,1,194,172,249,254,200,4,76,235,1,233,248,235,1,194,192,1.0,1.0,2.0,2.0,-1,0,14.0,0
1,0,1,0,1,0,0,1,0,4194304,8192,4,0,757760,448000,1024,274432,0,1048576,4096,8192,4,1,0.8,2,4,2,2,4,2,0,1,0,1,1,0,0.39,0,1,42.667,0.39,0,6.414,-1,2.553,2.765,5.413,7.773,85,139,236,83,86,87,96,232,0,0,0,0,93,129,237,108,40,64,0,185,93,52,64,0,129,233,198,40,64,0,139,213,129,194,198,40,64,0,141,58,139,247,51,192,235,4,144,235,1,194,172,235,1,233,144,192,192,229,249,192,200,53,235,1,1.0,1.0,2.0,2.0,-1,1,26.0,0
1,0,1,0,0,0,0,1,189022,4194304,4096,5,1,159744,68096,1024,66048,0,1048576,4096,4096,5,1,0.833,2,5,2,2,5,2,0,1,0,1,1,0,0.39,0,2,1.157,0.39,0,7.964,7.809,3.746,3.746,6.248,7.862,85,139,236,83,86,87,96,232,0,0,0,0,93,129,237,108,40,64,0,185,93,52,64,0,129,233,198,40,64,0,139,213,129,194,198,40,64,0,141,58,139,247,51,192,235,4,144,235,1,194,172,144,52,49,144,52,82,4,121,254,200,44,154,192,1.0,1.0,2.0,2.0,-1,1,14.0,0
1,0,1,0,0,0,0,1,213969,4194304,4096,5,1,163840,73216,1024,66560,0,1048576,4096,4096,5,1,0.833,2,5,2,2,5,2,0,1,0,1,1,0,0.39,0,2,1.085,0.39,0,7.958,7.494,3.903,3.79,6.37,7.88,85,139,236,83,86,87,96,232,0,0,0,0,93,129,237,108,40,64,0,185,93,52,64,0,129,233,198,40,64,0,139,213,129,194,198,40,64,0,141,58,139,247,51,192,235,4,144,235,1,194,172,235,1,194,235,1,232,44,196,2,193,192,200,42,1.0,1.0,2.0,2.0,-1,1,14.0,0
1,0,1,0,0,0,0,1,397800,4194304,4096,5,1,393216,215552,1024,158720,0,1048576,4096,4096,5,1,0.833,2,5,2,2,5,2,0,1,0,1,1,0,0.39,0,2,1.153,0.39,0,7.965,7.959,4.409,3.883,7.071,6.152,85,139,236,83,86,87,96,232,0,0,0,0,93,129,237,108,40,64,0,185,93,52,64,0,129,233,198,40,64,0,139,213,129,194,198,40,64,0,141,58,139,247,51,192,235,4,144,235,1,194,172,235,1,194,192,200,30,144,144,44,158,44,168,249,1.0,1.0,2.0,2.0,-1,1,14.0,0
1,0,1,0,0,0,0,1,209923,4194304,4096,5,1,172032,75264,1024,72192,0,1048576,4096,4096,5,1,0.833,2,5,2,2,5,2,0,1,0,1,1,0,0.39,0,2,1.136,0.388,0,7.966,7.9,3.773,3.693,6.294,5.999,85,139,236,83,86,87,96,232,0,0,0,0,93,129,237,108,40,64,0,185,93,52,64,0,129,233,198,40,64,0,139,213,129,194,198,40,64,0,141,58,139,247,51,192,235,4,144,235,1,194,172,44,184,192,192,27,144,235,1,233,44,115,249,235,1.0,1.0,2.0,2.0,-1,1,14.0,0
1,0,1,0,0,0,0,1,171732,4194304,4096,5,0,151552,67584,1024,64000,0,1048576,4096,4096,5,1,0.833,2,5,2,2,5,2,0,1,0,1,1,0,0.39,0,2,1.019,0.306,0,7.964,7.938,5.495,3.594,6.417,7.868,85,139,236,83,86,87,96,232,0,0,0,0,93,129,237,108,40,64,0,185,93,52,64,0,129,233,198,40,64,0,139,213,129,194,198,40,64,0,141,58,139,247,51,192,235,4,144,235,1,194,172,44,183,235,1,233,44,25,144,235,1,232,42,193,1.0,1.0,2.0,2.0,-1,0,52.0,0
1,0,1,0,0,0,0,1,188498,4194304,4096,5,1,163840,71168,1024,69120,0,1048576,4096,4096,5,1,0.833,2,5,2,2,5,2,0,1,0,1,1,0,0.39,0,2,1.326,0.39,0,7.968,7.952,3.294,3.737,6.297,7.863,85,139,236,83,86,87,96,232,0,0,0,0,93,129,237,108,40,64,0,185,93,52,64,0,129,233,198,40,64,0,139,213,129,194,198,40,64,0,141,58,139,247,51,192,235,4,144,235,1,194,172,42,193,144,248,235,1,194,248,254,200,144,235,1,1.0,1.0,2.0,2.0,-1,1,14.0,0
1,0,1,0,0,0,0,1,684753,4194304,4096,5,1,655360,174080,1024,462336,0,1048576,4096,4096,5,1,0.833,2,5,2,2,5,2,0,1,0,1,1,0,0.39,0,2,1.007,0.373,0,6.602,3.822,5.99,3.883,6.366,7.878,85,139,236,83,86,87,96,232,0,0,0,0,93,129,237,108,40,64,0,185,93,52,64,0,129,233,198,40,64,0,139,213,129,194,198,40,64,0,141,58,139,247,51,192,235,4,144,235,1,194,172,254,200,52,16,42,193,42,193,235,1,232,254,200,1.0,1.0,2.0,2.0,-1,0,110.0,0
1,0,1,0,0,1,0,1,566313,4194304,143360,5,1,548864,359936,1024,142336,0,1048576,4096,4096,8,3,0.727,2,10,2,2,10,2,0,1,0,1,1,0,0.39,1,2,128.0,0.0,0,7.965,7.941,3.691,2.406,7.331,7.218,85,139,236,83,86,87,96,232,0,0,0,0,93,129,237,108,40,64,0,185,93,52,64,0,129,233,198,40,64,0,139,213,129,194,198,40,64,0,141,58,139,247,51,192,235,4,144,235,1,194,172,235,1,194,248,235,1,232,235,1,194,4,52,254,1.0,1.0,2.0,2.0,-1,1,92.0,0
1,0,1,0,0,0,0,1,334620,4194304,4096,5,1,303104,86016,1024,195584,0,1048576,4096,4096,5,1,0.833,2,5,2,2,5,2,0,1,0,1,1,0,0.39,0,2,1.084,0.363,0,7.967,7.945,6.212,3.718,6.479,7.878,85,139,236,83,86,87,96,232,0,0,0,0,93,129,237,108,40,64,0,185,93,52,64,0,129,233,198,40,64,0,139,213,129,194,198,40,64,0,141,58,139,247,51,192,235,4,144,235,1,194,172,254,200,249,235,1,233,192,192,89,192,200,192,144,1.0,1.0,2.0,2.0,-1,1,20.0,0
1,0,1,0,0,0,0,1,266350,4194304,4096,6,0,274432,141824,1024,106496,0,1048576,4096,4096,5,1,0.833,2,5,2,2,5,2,0,1,0,1,1,0,0.39,0,2,1.085,0.39,0,7.967,7.762,3.893,3.797,6.993,7.887,85,139,236,83,86,87,96,232,0,0,0,0,93,129,237,108,40,64,0,185,93,52,64,0,129,233,198,40,64,0,139,213,129,194,198,40,64,0,141,58,139,247,51,192,235,4,144,235,1,194,172,44,33,2,193,254,200,249,52,36,4,39,254,200,1.0,1.0,2.0,2.0,-1,0,14.0,0
1,0,1,0,0,0,0,1,358026,4194304,4096,5,1,311296,93696,1024,195584,0,1048576,4096,4096,5,1,0.833,2,5,2,2,5,2,0,1,0,1,1,0,0.39,0,2,1.08,0.357,0,7.967,7.95,6.194,3.822,6.524,7.855,85,139,236,83,86,87,96,232,0,0,0,0,93,129,237,108,40,64,0,185,93,52,64,0,129,233,198,40,64,0,139,213,129,194,198,40,64,0,141,58,139,247,51,192,235,4,144,235,1,194,172,2,193,192,200,45,235,1,194,42,193,254,200,52,1.0,1.0,2.0,2.0,-1,1,20.0,0
1,0,1,0,0,0,0,1,381312,4194304,4096,5,1,520192,99840,1024,400896,0,1048576,4096,4096,5,1,0.833,2,5,2,2,5,2,0,1,0,1,1,0,0.39,0,2,1.029,0.049,0,6.579,2.177,6.198,3.832,4.674,7.88,85,139,236,83,86,87,96,232,0,0,0,0,93,129,237,108,40,64,0,185,93,52,64,0,129,233,198,40,64,0,139,213,129,194,198,40,64,0,141,58,139,247,51,192,235,4,144,235,1,194,172,235,1,233,249,4,155,249,192,200,180,44,188,2,1.0,1.0,2.0,2.0,-1,1,26.0,0
1,0,1,0,0,0,0,1,676564,4194304,4096,5,1,667648,167424,1024,481280,0,1048576,4096,4096,5,1,0.833,2,5,2,2,5,2,0,1,0,1,1,0,0.39,0,2,1.03,0.283,0,7.95,7.68,5.915,3.978,6.408,7.865,85,139,236,83,86,87,96,232,0,0,0,0,93,129,237,108,40,64,0,185,93,52,64,0,129,233,198,40,64,0,139,213,129,194,198,40,64,0,141,58,139,247,51,192,235,4,144,235,1,194,172,235,1,233,248,2,193,52,69,2,193,2,193,192,1.0,1.0,2.0,2.0,-1,0,20.0,0
1,0,1,0,0,0,0,1,725100,4194304,4096,5,1,704512,116224,1024,558592,0,1048576,4096,4096,5,1,0.833,2,5,2,2,5,2,0,1,0,1,1,0,0.39,0,2,1.034,0.364,0,7.865,6.66,6.193,3.474,6.505,7.799,85,139,236,83,86,87,96,232,0,0,0,0,93,129,237,108,40,64,0,185,93,52,64,0,129,233,198,40,64,0,139,213,129,194,198,40,64,0,141,58,139,247,51,192,235,4,144,235,1,194,172,248,44,59,249,4,41,144,248,42,193,192,200,5,1.0,1.0,2.0,2.0,-1,1,106.0,0
1,0,1,0,0,0,0,1,179878,4194304,4096,5,1,155648,66560,1024,65536,0,1048576,4096,4096,5,1,0.833,2,5,2,2,5,2,0,1,0,1,1,0,0.39,0,2,1.097,0.39,0,7.933,7.505,3.858,3.706,6.273,7.614,85,139,236,83,86,87,96,232,0,0,0,0,93,129,237,108,40,64,0,185,93,52,64,0,129,233,198,40,64,0,139,213,129,194,198,40,64,0,141,58,139,247,51,192,235,4,144,235,1,194,172,2,193,2,193,235,1,232,235,1,233,248,4,57,1.0,1.0,2.0,2.0,-1,1,14.0,0
1,0,1,0,0,0,0,1,304493,4194304,4096,5,1,266240,79360,1024,161280,0,1048576,4096,4096,5,1,0.833,2,5,2,2,5,2,0,1,0,1,1,0,0.39,0,2,1.102,0.39,0,7.966,7.946,6.847,3.736,6.606,7.89,85,139,236,83,86,87,96,232,0,0,0,0,93,129,237,108,40,64,0,185,93,52,64,0,129,233,198,40,64,0,139,213,129,194,198,40,64,0,141,58,139,247,51,192,235,4,144,235,1,194,172,249,235,1,232,235,1,233,44,109,235,1,233,248,1.0,1.0,2.0,2.0,-1,1,74.0,0
1,0,1,0,0,0,0,1,279762,4194304,4096,5,1,258048,71680,1024,161792,0,1048576,4096,4096,5,1,0.833,2,5,2,2,5,2,0,1,0,1,1,0,0.39,0,2,1.024,0.39,0,7.308,5.051,6.847,3.76,6.406,7.242,85,139,236,83,86,87,96,232,0,0,0,0,93,129,237,108,40,64,0,185,93,52,64,0,129,233,198,40,64,0,139,213,129,194,198,40,64,0,141,58,139,247,51,192,235,4,144,235,1,194,172,235,1,232,4,181,4,159,44,129,2,193,52,21,1.0,1.0,2.0,2.0,-1,1,74.0,0
1,0,1,0,0,0,0,1,198807,4194304,4096,5,1,151552,65536,1024,65024,0,1048576,4096,4096,5,1,0.833,2,5,2,2,5,2,0,1,0,1,1,0,0.39,0,2,1.129,0.39,0,7.962,7.6,3.77,3.737,6.357,7.086,85,139,236,83,86,87,96,232,0,0,0,0,93,129,237,108,40,64,0,185,93,52,64,0,129,233,198,40,64,0,139,213,129,194,198,40,64,0,141,58,139,247,51,192,235,4,144,235,1,194,172,4,52,4,159,2,193,4,80,2,193,235,1,232,1.0,1.0,2.0,2.0,-1,1,14.0,0
1,0,1,0,0,0,0,1,243861,4194304,4096,5,1,237568,80384,1024,135680,0,1048576,4096,4096,5,1,0.833,2,5,2,2,5,2,0,1,0,1,1,0,0.39,0,2,1.006,0.39,0,6.617,3.468,6.238,3.758,6.084,6.105,85,139,236,83,86,87,96,232,0,0,0,0,93,129,237,108,40,64,0,185,93,52,64,0,129,233,198,40,64,0,139,213,129,194,198,40,64,0,141,58,139,247,51,192,235,4,144,235,1,194,172,249,144,235,1,232,254,200,235,1,233,192,200,113,1.0,1.0,2.0,2.0,-1,1,24.0,0
1,0,1,0,0,0,0,1,218619,4194304,4096,5,1,212992,92160,1024,99840,0,1048576,4096,4096,5,1,0.833,2,5,2,2,5,2,0,1,0,1,1,0,0.39,0,2,1.167,0.126,0,7.958,7.655,3.117,3.692,5.949,7.864,85,139,236,83,86,87,96,232,0,0,0,0,93,129,237,108,40,64,0,185,93,52,64,0,129,233,198,40,64,0,139,213,129,194,198,40,64,0,141,58,139,247,51,192,235,4,144,235,1,194,172,235,1,233,4,84,254,200,248,249,42,193,2,193,1.0,1.0,2.0,2.0,-1,1,30.0,0
1,0,1,0,0,0,0,1,157809,4194304,4096,5,1,180224,64512,1024,95744,0,1048576,4096,4096,5,1,0.833,2,5,2,2,5,2,0,1,0,1,1,0,0.39,0,2,1.167,0.126,0,7.959,7.728,3.11,3.725,5.589,7.866,85,139,236,83,86,87,96,232,0,0,0,0,93,129,237,108,40,64,0,185,93,52,64,0,129,233,198,40,64,0,139,213,129,194,198,40,64,0,141,58,139,247,51,192,235,4,144,235,1,194,172,235,1,233,254,200,4,243,235,1,233,254,200,248,1.0,1.0,2.0,2.0,-1,1,30.0,0
1,0,1,0,0,0,0,1,664956,4194304,4096,5,1,651264,90112,1024,542720,0,1048576,4096,4096,5,1,0.833,2,5,2,2,5,2,0,1,0,1,1,0,0.39,0,2,1.041,0.39,0,6.605,2.754,6.261,3.693,6.371,7.792,85,139,236,83,86,87,96,232,0,0,0,0,93,129,237,108,40,64,0,185,93,52,64,0,129,233,198,40,64,0,139,213,129,194,198,40,64,0,141,58,139,247,51,192,235,4,144,235,1,194,172,192,192,21,42,193,249,248,249,235,1,232,2,193,1.0,1.0,2.0,2.0,-1,1,30.0,0
1,0,1,0,0,0,0,1,450058,4194304,4096,5,1,438272,113664,1024,302592,0,1048576,4096,4096,5,1,0.833,2,5,2,2,5,2,0,1,0,1,1,0,0.39,0,2,1.026,0.39,0,7.966,7.956,6.096,3.781,6.564,7.874,85,139,236,83,86,87,96,232,0,0,0,0,93,129,237,108,40,64,0,185,93,52,64,0,129,233,198,40,64,0,139,213,129,194,198,40,64,0,141,58,139,247,51,192,235,4,144,235,1,194,172,254,200,44,145,235,1,233,192,200,86,248,235,1,1.0,1.0,2.0,2.0,-1,1,20.0,0
1,0,1,0,0,0,0,1,182227,4194304,4096,5,1,167936,74752,1024,66048,0,1048576,4096,4096,5,1,0.833,2,5,2,2,5,2,0,1,0,1,1,0,0.39,0,2,1.11,0.39,0,6.474,3.303,3.83,3.708,5.63,7.874,85,139,236,83,86,87,96,232,0,0,0,0,93,129,237,108,40,64,0,185,93,52,64,0,129,233,198,40,64,0,139,213,129,194,198,40,64,0,141,58,139,247,51,192,235,4,144,235,1,194,172,4,216,2,193,4,151,235,1,233,249,235,1,233,1.0,1.0,2.0,2.0,-1,1,14.0,0
1,0,1,0,0,0,0,1,124949,4194304,4096,10,0,94208,54272,1024,16896,0,262144,8192,4096,5,1,0.833,2,5,2,2,5,2,0,1,0,1,1,0,0.39,0,2,1.16,0.31,0,7.806,5.914,3.29,3.582,6.298,7.85,85,139,236,83,86,87,96,232,0,0,0,0,93,129,237,108,40,64,0,185,93,52,64,0,129,233,198,40,64,0,139,213,129,194,198,40,64,0,141,58,139,247,51,192,235,4,144,235,1,194,172,42,193,2,193,235,1,194,192,192,70,42,193,235,1.0,1.0,2.0,2.0,-1,1,8.0,0
1,0,1,0,0,0,0,1,107858,16777216,4096,6,1,81920,34304,1024,27136,0,262144,8192,4096,4,1,0.8,2,4,2,2,4,2,0,1,0,1,1,0,0.39,0,2,1.114,0.049,0,7.962,7.798,4.312,3.595,5.166,7.82,85,139,236,83,86,87,96,232,0,0,0,0,93,129,237,108,40,64,0,185,93,52,64,0,129,233,198,40,64,0,139,213,129,194,198,40,64,0,141,58,139,247,51,192,235,4,144,235,1,194,172,192,192,36,4,143,192,192,207,42,193,2,193,249,1.0,1.0,2.0,2.0,-1,1,20.0,0
1,0,1,0,0,0,0,1,180060,4194304,4096,5,1,184320,82432,1024,77824,0,1048576,4096,4096,5,1,0.833,2,5,2,2,5,2,0,1,0,1,1,0,0.39,0,2,1.143,0.39,0,7.966,7.95,3.776,3.858,6.418,7.485,85,139,236,83,86,87,96,232,0,0,0,0,93,129,237,108,40,64,0,185,93,52,64,0,129,233,198,40,64,0,139,213,129,194,198,40,64,0,141,58,139,247,51,192,235,4,144,235,1,194,172,2,193,4,1,52,198,249,235,1,232,144,235,1,1.0,1.0,2.0,2.0,-1,1,14.0,0
1,0,1,0,0,0,0,1,182879,4194304,4096,5,1,159744,67584,1024,66048,0,1048576,4096,4096,5,1,0.833,2,5,2,2,5,2,0,1,0,1,1,0,0.39,0,2,1.143,0.39,0,7.932,7.507,3.776,3.697,6.214,7.584,85,139,236,83,86,87,96,232,0,0,0,0,93,129,237,108,40,64,0,185,93,52,64,0,129,233,198,40,64,0,139,213,129,194,198,40,64,0,141,58,139,247,51,192,235,4,144,235,1,194,172,254,200,192,200,85,235,1,194,235,1,232,4,105,1.0,1.0,2.0,2.0,-1,1,14.0,0
1,0,1,0,0,0,0,1,594129,16777216,4096,6,1,606208,99328,1024,487424,0,262144,8192,4096,4,1,0.8,2,4,2,2,4,2,0,1,0,1,1,0,0.39,0,2,1.056,0.39,0,7.969,7.82,6.15,3.731,6.417,7.801,85,139,236,83,86,87,96,232,0,0,0,0,93,129,237,108,40,64,0,185,93,52,64,0,129,233,198,40,64,0,139,213,129,194,198,40,64,0,141,58,139,247,51,192,235,4,144,235,1,194,172,44,11,192,200,70,144,249,248,235,1,232,2,193,1.0,1.0,2.0,2.0,-1,1,226.0,0
1,0,1,0,0,0,0,1,154549,4194304,4096,5,0,139264,66048,1024,43008,0,1048576,4096,4096,5,1,0.833,2,5,2,2,5,2,0,1,0,1,1,0,0.39,0,2,1.066,0.39,0,7.966,7.955,3.691,3.566,6.515,6.1,85,139,236,83,86,87,96,232,0,0,0,0,93,129,237,108,40,64,0,185,93,52,64,0,129,233,198,40,64,0,139,213,129,194,198,40,64,0,141,58,139,247,51,192,235,4,144,235,1,194,172,235,1,194,254,200,249,248,52,164,235,1,194,235,1.0,1.0,2.0,2.0,-1,0,76.0,0
1,0,1,0,0,0,0,1,213483,4194304,4096,6,0,163840,125952,1024,13312,0,1048576,8192,4096,5,1,0.833,2,5,2,2,5,2,0,1,0,1,1,0,0.39,0,2,1.134,0.39,0,7.943,7.611,4.888,3.838,7.388,7.873,85,139,236,83,86,87,96,232,0,0,0,0,93,129,237,108,40,64,0,185,93,52,64,0,129,233,198,40,64,0,139,213,129,194,198,40,64,0,141,58,139,247,51,192,235,4,144,235,1,194,172,144,249,254,200,144,249,4,56,52,57,42,193,254,1.0,1.0,2.0,2.0,-1,1,14.0,0
1,0,1,0,0,0,0,1,892335,4194304,4096,5,1,909312,92672,1024,799744,0,1048576,4096,4096,5,1,0.833,2,5,2,2,5,2,0,1,0,1,1,0,0.39,0,2,1.011,0.39,0,7.968,7.969,3.453,3.801,5.776,7.469,85,139,236,83,86,87,96,232,0,0,0,0,93,129,237,108,40,64,0,185,93,52,64,0,129,233,198,40,64,0,139,213,129,194,198,40,64,0,141,58,139,247,51,192,235,4,144,235,1,194,172,42,193,248,235,1,232,52,142,235,1,233,248,235,1.0,1.0,2.0,2.0,-1,0,24.0,0
1,0,1,0,0,0,0,1,359229,1255145472,4096,6,1,319488,142848,1024,158720,0,1048576,1036288,4096,4,1,0.8,2,4,2,2,4,2,0,1,0,1,1,0,0.39,0,1,1.03,0.39,0,7.968,7.969,4.001,3.789,7.544,7.86,85,139,236,83,86,87,96,232,0,0,0,0,93,129,237,108,40,64,0,185,93,52,64,0,129,233,198,40,64,0,139,213,129,194,198,40,64,0,141,58,139,247,51,192,235,4,144,235,1,194,172,192,192,63,192,200,33,44,79,192,200,20,249,249,1.0,1.0,2.0,2.0,-1,1,68.0,0
1,0,1,0,0,0,0,1,154163,4194304,4096,5,1,151552,65536,1024,65024,0,1048576,4096,4096,5,1,0.833,2,5,2,2,5,2,0,1,0,1,1,0,0.39,0,2,1.171,0.39,0,7.966,7.832,3.683,3.67,6.353,7.86,85,139,236,83,86,87,96,232,0,0,0,0,93,129,237,108,40,64,0,185,93,52,64,0,129,233,198,40,64,0,139,213,129,194,198,40,64,0,141,58,139,247,51,192,235,4,144,235,1,194,172,42,193,52,115,235,1,232,144,235,1,233,235,1,1.0,1.0,2.0,2.0,-1,1,14.0,0
1,0,1,0,0,0,0,1,834864,16777216,4096,6,1,794624,339456,1024,435712,0,262144,8192,4096,4,1,0.8,2,4,2,2,4,2,0,1,0,1,1,0,0.39,0,1,1.019,0.39,0,7.943,7.432,7.379,3.564,7.628,7.865,85,139,236,83,86,87,96,232,0,0,0,0,93,129,237,108,40,64,0,185,93,52,64,0,129,233,198,40,64,0,139,213,129,194,198,40,64,0,141,58,139,247,51,192,235,4,144,235,1,194,172,2,193,235,1,233,42,193,235,1,194,2,193,42,1.0,1.0,2.0,2.0,-1,1,382.0,0
1,0,1,0,0,0,0,1,682666,4194304,4096,5,1,667648,352768,1024,291328,0,1048576,4096,4096,5,1,0.833,2,5,2,2,5,2,0,1,0,1,1,0,0.39,0,2,1.003,0.39,0,7.965,7.438,4.566,4.171,6.878,7.852,85,139,236,83,86,87,96,232,0,0,0,0,93,129,237,108,40,64,0,185,93,52,64,0,129,233,198,40,64,0,139,213,129,194,198,40,64,0,141,58,139,247,51,192,235,4,144,235,1,194,172,44,215,144,144,192,200,128,4,160,248,248,52,153,1.0,1.0,2.0,2.0,-1,0,636.0,0
1,0,1,0,0,0,0,1,776609,4194304,4096,5,1,749568,424960,1024,303616,0,1048576,4096,4096,5,1,0.833,2,5,2,2,5,2,0,1,0,1,1,0,0.39,0,2,1.017,0.39,0,7.966,7.494,4.566,4.351,7.02,7.861,85,139,236,83,86,87,96,232,0,0,0,0,93,129,237,108,40,64,0,185,93,52,64,0,129,233,198,40,64,0,139,213,129,194,198,40,64,0,141,58,139,247,51,192,235,4,144,235,1,194,172,144,44,90,249,2,193,42,193,235,1,233,2,193,1.0,1.0,2.0,2.0,-1,0,636.0,0
1,0,1,0,0,0,0,1,177326,4194304,4096,5,1,151552,60928,1024,68608,0,1048576,4096,4096,5,1,0.833,2,5,2,2,5,2,0,1,0,1,1,0,0.39,0,2,1.112,0.39,0,7.962,7.618,3.918,3.573,6.212,7.834,85,139,236,83,86,87,96,232,0,0,0,0,93,129,237,108,40,64,0,185,93,52,64,0,129,233,198,40,64,0,139,213,129,194,198,40,64,0,141,58,139,247,51,192,235,4,144,235,1,194,172,192,200,52,235,1,232,248,4,43,235,1,194,52,1.0,1.0,2.0,2.0,-1,1,24.0,0
1,0,1,0,0,0,0,1,88332,4194304,4096,5,0,106496,53248,1024,26112,0,1048576,4096,4096,5,1,0.833,2,5,2,2,5,2,0,1,0,1,1,0,0.39,0,2,1.215,0.354,0,6.498,2.386,4.505,3.63,5.646,7.815,85,139,236,83,86,87,96,232,0,0,0,0,93,129,237,108,40,64,0,185,93,52,64,0,129,233,198,40,64,0,139,213,129,194,198,40,64,0,141,58,139,247,51,192,235,4,144,235,1,194,172,235,1,233,235,1,232,42,193,249,192,192,26,235,1.0,1.0,2.0,2.0,-1,0,14.0,0
1,0,1,0,0,0,0,1,231202,4194304,4096,6,0,204800,152064,1024,29696,0,1048576,8192,4096,5,1,0.833,2,5,2,2,5,2,0,1,0,1,1,0,0.39,0,2,1.055,0.39,0,7.251,2.682,4.122,3.853,6.765,7.874,85,139,236,83,86,87,96,232,0,0,0,0,93,129,237,108,40,64,0,185,93,52,64,0,129,233,198,40,64,0,139,213,129,194,198,40,64,0,141,58,139,247,51,192,235,4,144,235,1,194,172,235,1,233,254,200,249,42,193,2,193,249,4,35,1.0,1.0,2.0,2.0,-1,1,14.0,0
1,0,1,0,0,0,0,1,296613,4194304,4096,6,2,237568,69120,1024,148480,0,262144,8192,4096,5,1,0.833,2,5,2,2,5,2,0,1,0,1,1,0,0.39,0,2,1.455,0.39,0,7.953,7.956,2.564,3.744,7.675,7.864,85,139,236,83,86,87,96,232,0,0,0,0,93,129,237,108,40,64,0,185,93,52,64,0,129,233,198,40,64,0,139,213,129,194,198,40,64,0,141,58,139,247,51,192,235,4,144,235,1,194,172,4,112,144,249,2,193,144,4,206,235,1,233,248,1.0,1.0,2.0,2.0,-1,1,8.0,0
1,0,1,0,0,0,0,1,814043,4194304,4096,5,1,802816,116224,1024,667136,0,1048576,4096,4096,5,1,0.833,2,5,2,2,5,2,0,1,0,1,1,0,0.39,0,2,1.05,0.39,0,7.956,7.378,4.702,3.486,6.041,7.834,85,139,236,83,86,87,96,232,0,0,0,0,93,129,237,108,40,64,0,185,93,52,64,0,129,233,198,40,64,0,139,213,129,194,198,40,64,0,141,58,139,247,51,192,235,4,144,235,1,194,172,44,83,42,193,235,1,194,248,42,193,235,1,233,1.0,1.0,2.0,2.0,-1,1,24.0,0
1,0,1,0,0,0,0,1,0,4194304,4096,4,0,884736,194560,512,403968,0,1048576,4096,4096,1,1,0.5,2,2,2,2,2,2,0,1,1,1,0,0,0.887,1,2,0.887,0.0,0,-1,-1,7.912,2.777,2.899,7.912,96,232,9,0,0,0,90,9,13,0,233,6,2,0,0,51,201,94,135,14,227,244,43,241,139,222,173,43,216,173,3,195,80,151,173,145,243,165,94,173,86,145,1,30,173,226,251,173,141,110,16,1,93,0,141,125,28,181,28,243,171,94,173,83,1.0,1.0,2.0,2.0,-1,1,94.0,0
1,0,1,0,0,0,0,1,0,4194304,4096,4,0,253952,78848,512,66048,0,1048576,4096,4096,1,1,0.5,2,2,2,2,2,2,0,1,1,1,0,0,0.626,1,2,0.626,0.0,0,-1,-1,7.948,2.73,2.99,7.948,96,232,9,0,0,0,28,94,3,0,233,6,2,0,0,51,201,94,135,14,227,244,43,241,139,222,173,43,216,173,3,195,80,151,173,145,243,165,94,173,86,145,1,30,173,226,251,173,141,110,16,1,93,0,141,125,28,181,28,243,171,94,173,83,1.0,1.0,2.0,2.0,-1,1,14.0,0
1,0,1,0,0,0,0,1,0,4194304,4096,4,0,356352,150528,512,74240,0,1048576,4096,4096,1,1,0.5,2,2,2,2,2,2,0,1,1,1,0,0,0.706,1,2,0.706,0.0,0,-1,-1,7.956,2.756,2.898,7.956,96,232,9,0,0,0,147,236,4,0,233,6,2,0,0,51,201,94,135,14,227,244,43,241,139,222,173,43,216,173,3,195,80,151,173,145,243,165,94,173,86,145,1,30,173,226,251,173,141,110,16,1,93,0,141,125,28,181,28,243,171,94,173,83,1.0,1.0,2.0,2.0,-1,1,14.0,0
1,0,1,0,0,0,0,1,0,4194304,4096,4,0,1757184,292864,512,1001984,0,1048576,4096,4096,1,1,0.5,2,2,2,2,2,2,0,1,1,1,0,0,0.929,1,2,0.929,0.0,0,-1,-1,7.934,2.772,2.628,7.934,96,232,9,0,0,0,227,83,26,0,233,6,2,0,0,51,201,94,135,14,227,244,43,241,139,222,173,43,216,173,3,195,80,151,173,145,243,165,94,173,86,145,1,30,173,226,251,173,141,110,16,1,93,0,141,125,28,181,28,243,171,94,173,83,1.0,1.0,2.0,2.0,-1,1,151.0,0
1,0,1,0,0,0,0,1,0,4194304,16,4,0,1654784,1766614113,512,1918988898,16761,1048576,8192,4096,0,3,0.0,3,3,3,3,3,3,0,1,1,1,1,0,0.0,0,3,0.935,0.0,1,-1,-1,-1,5.274,2.957,5.286,190,176,17,64,0,173,80,255,118,52,235,124,72,1,3,1,11,1,76,111,97,100,76,105,98,114,97,114,121,65,0,0,24,16,0,0,16,0,0,0,0,16,14,0,0,0,64,0,0,16,0,0,0,2,0,0,4,0,0,0,0,0,57,0,1.0,1.0,2.0,2.0,-1,1,403.0,0
1,0,1,0,0,0,0,1,0,4194304,4096,4,0,352256,146432,512,75776,0,4096,4096,4096,1,1,0.5,2,2,2,2,2,2,0,1,1,1,0,0,0.729,1,2,0.729,0.0,0,-1,-1,7.953,2.779,2.914,7.953,96,232,9,0,0,0,209,234,4,0,233,6,2,0,0,51,201,94,135,14,227,244,43,241,139,222,173,43,216,173,3,195,80,151,173,145,243,165,94,173,86,145,1,30,173,226,251,173,141,110,16,1,93,0,141,125,28,181,28,243,171,94,173,83,1.0,1.0,2.0,2.0,-1,1,14.0,0
1,0,1,0,1,0,0,1,0,4194304,8192,4,0,1220608,448000,512,274432,0,1048576,4096,4096,1,1,0.5,2,2,2,2,2,2,0,1,1,1,0,0,0.932,1,2,0.932,0.0,0,-1,-1,5.04,2.813,2.125,5.04,96,232,9,0,0,0,149,33,18,0,233,6,2,0,0,51,201,94,135,14,227,244,43,241,139,222,173,43,216,173,3,195,80,151,173,145,243,165,94,173,86,145,1,30,173,226,251,173,141,110,16,1,93,0,141,125,28,181,28,243,171,94,173,83,1.0,1.0,2.0,2.0,-1,1,26.0,0
1,0,1,0,0,0,0,1,0,4194304,4096,4,0,3555328,586240,512,2263040,0,1048576,4096,4096,1,1,0.5,2,2,2,2,2,2,0,1,1,1,0,0,0.953,1,2,0.953,0.0,0,-1,-1,7.967,2.784,2.156,7.967,96,232,9,0,0,0,176,192,53,0,233,6,2,0,0,51,201,94,135,14,227,244,43,241,139,222,173,43,216,173,3,195,80,151,173,145,243,165,94,173,86,145,1,30,173,226,251,173,141,110,16,1,93,0,141,125,28,181,28,243,171,94,173,83,1.0,1.0,2.0,2.0,-1,1,42.0,0
1,0,1,0,0,0,0,1,0,4194304,4096,4,0,233472,68096,512,66048,0,1048576,4096,4096,1,1,0.5,2,2,2,2,2,2,0,1,1,1,0,0,0.622,1,2,0.622,0.0,0,-1,-1,7.943,2.756,2.993,7.943,96,232,9,0,0,0,150,24,3,0,233,6,2,0,0,51,201,94,135,14,227,244,43,241,139,222,173,43,216,173,3,195,80,151,173,145,243,165,94,173,86,145,1,30,173,226,251,173,141,110,16,1,93,0,141,125,28,181,28,243,171,94,173,83,1.0,1.0,2.0,2.0,-1,1,14.0,0
1,0,1,0,0,0,0,1,0,4194304,4096,4,0,241664,73216,512,66560,0,1048576,4096,4096,1,1,0.5,2,2,2,2,2,2,0,1,1,1,0,0,0.621,1,2,0.621,0.0,0,-1,-1,7.944,2.754,3.001,7.944,96,232,9,0,0,0,110,50,3,0,233,6,2,0,0,51,201,94,135,14,227,244,43,241,139,222,173,43,216,173,3,195,80,151,173,145,243,165,94,173,86,145,1,30,173,226,251,173,141,110,16,1,93,0,141,125,28,181,28,243,171,94,173,83,1.0,1.0,2.0,2.0,-1,1,14.0,0
1,0,1,0,1,0,0,1,0,4194304,8192,4,0,339968,122368,512,37376,0,1048576,4096,4096,1,1,0.5,2,2,2,2,2,2,0,1,1,1,0,0,0.801,1,2,0.801,0.0,0,-1,-1,7.675,2.738,3.625,7.675,96,232,9,0,0,0,132,178,4,0,233,6,2,0,0,51,201,94,135,14,227,244,43,241,139,222,173,43,216,173,3,195,80,151,173,145,243,165,94,173,86,145,1,30,173,226,251,173,141,110,16,1,93,0,141,125,28,181,28,243,171,94,173,83,1.0,1.0,2.0,2.0,-1,1,38.0,0
1,0,1,0,0,0,0,1,0,4194304,4096,4,0,552960,215552,512,158720,0,1048576,4096,4096,1,1,0.5,2,2,2,2,2,2,0,1,1,1,0,0,0.812,1,2,0.812,0.0,0,-1,-1,7.962,2.754,2.848,7.962,96,232,9,0,0,0,37,249,7,0,233,6,2,0,0,51,201,94,135,14,227,244,43,241,139,222,173,43,216,173,3,195,80,151,173,145,243,165,94,173,86,145,1,30,173,226,251,173,141,110,16,1,93,0,141,125,28,181,28,243,171,94,173,83,1.0,1.0,2.0,2.0,-1,1,14.0,0
1,0,1,0,0,0,0,1,0,4194304,4096,4,0,258048,75264,512,72192,0,1048576,4096,4096,1,1,0.5,2,2,2,2,2,2,0,1,1,1,0,0,0.637,1,2,0.637,0.0,0,-1,-1,7.948,2.751,2.982,7.948,96,232,9,0,0,0,136,113,3,0,233,6,2,0,0,51,201,94,135,14,227,244,43,241,139,222,173,43,216,173,3,195,80,151,173,145,243,165,94,173,86,145,1,30,173,226,251,173,141,110,16,1,93,0,141,125,28,181,28,243,171,94,173,83,1.0,1.0,2.0,2.0,-1,1,14.0,0
1,0,1,0,0,0,0,1,0,4194304,4096,4,0,245760,67584,512,64000,0,1048576,4096,4096,1,1,0.5,2,2,2,2,2,2,0,1,1,1,0,0,0.691,1,2,0.691,0.0,0,-1,-1,7.304,2.714,2.544,7.304,96,232,9,0,0,0,14,74,3,0,233,6,2,0,0,51,201,94,135,14,227,244,43,241,139,222,173,43,216,173,3,195,80,151,173,145,243,165,94,173,86,145,1,30,173,226,251,173,141,110,16,1,93,0,141,125,28,181,28,243,171,94,173,83,1.0,1.0,2.0,2.0,-1,1,51.0,0
1,0,1,0,0,0,0,1,0,4194304,4096,4,0,241664,71168,512,69120,0,1048576,4096,4096,1,1,0.5,2,2,2,2,2,2,0,1,1,1,0,0,0.628,1,2,0.628,0.0,0,-1,-1,7.94,2.756,3.021,7.94,96,232,9,0,0,0,168,52,3,0,233,6,2,0,0,51,201,94,135,14,227,244,43,241,139,222,173,43,216,173,3,195,80,151,173,145,243,165,94,173,86,145,1,30,173,226,251,173,141,110,16,1,93,0,141,125,28,181,28,243,171,94,173,83,1.0,1.0,2.0,2.0,-1,1,14.0,0
1,0,1,0,0,0,0,1,0,4194304,4096,4,0,925696,174080,512,462336,0,1048576,4096,4096,1,1,0.5,2,2,2,2,2,2,0,1,1,1,0,0,0.885,1,2,0.885,0.0,0,-1,-1,7.924,2.747,2.956,7.924,96,232,9,0,0,0,67,164,13,0,233,6,2,0,0,51,201,94,135,14,227,244,43,241,139,222,173,43,216,173,3,195,80,151,173,145,243,165,94,173,86,145,1,30,173,226,251,173,141,110,16,1,93,0,141,125,28,181,28,243,171,94,173,83,1.0,1.0,2.0,2.0,-1,1,96.0,0
1,0,1,0,0,1,0,1,0,4194304,143360,4,0,806912,359936,512,142336,0,1048576,4096,4096,1,1,0.5,2,2,2,2,2,2,0,1,1,1,0,0,0.887,1,2,0.887,0.0,0,-1,-1,7.899,2.752,3.135,7.899,96,232,9,0,0,0,68,219,11,0,233,6,2,0,0,51,201,94,135,14,227,244,43,241,139,222,173,43,216,173,3,195,80,151,173,145,243,165,94,173,86,145,1,30,173,226,251,173,141,110,16,1,93,0,141,125,28,181,28,243,171,94,173,83,1.0,1.0,2.0,2.0,-1,1,88.0,0
1,0,1,0,0,0,0,1,0,4194304,4096,4,0,417792,86016,512,195584,0,1048576,4096,4096,1,1,0.5,2,2,2,2,2,2,0,1,1,1,0,0,0.72,1,2,0.72,0.0,0,-1,-1,7.954,2.772,2.633,7.954,96,232,9,0,0,0,51,222,5,0,233,6,2,0,0,51,201,94,135,14,227,244,43,241,139,222,173,43,216,173,3,195,80,151,173,145,243,165,94,173,86,145,1,30,173,226,251,173,141,110,16,1,93,0,141,125,28,181,28,243,171,94,173,83,1.0,1.0,2.0,2.0,-1,1,19.0,0
1,0,1,0,0,0,0,1,0,4194304,4096,4,0,389120,141824,512,106496,0,1048576,4096,4096,1,1,0.5,2,2,2,2,2,2,0,1,1,1,0,0,0.745,1,2,0.745,0.0,0,-1,-1,7.957,2.76,2.868,7.957,96,232,9,0,0,0,49,121,5,0,233,6,2,0,0,51,201,94,135,14,227,244,43,241,139,222,173,43,216,173,3,195,80,151,173,145,243,165,94,173,86,145,1,30,173,226,251,173,141,110,16,1,93,0,141,125,28,181,28,243,171,94,173,83,1.0,1.0,2.0,2.0,-1,1,14.0,0
1,0,1,0,0,0,0,1,0,4194304,4096,4,0,425984,93696,512,195584,0,1048576,4096,4096,1,1,0.5,2,2,2,2,2,2,0,1,1,1,0,0,0.743,1,2,0.743,0.0,0,-1,-1,7.956,2.78,2.649,7.956,96,232,9,0,0,0,148,8,6,0,233,6,2,0,0,51,201,94,135,14,227,244,43,241,139,222,173,43,216,173,3,195,80,151,173,145,243,165,94,173,86,145,1,30,173,226,251,173,141,110,16,1,93,0,141,125,28,181,28,243,171,94,173,83,1.0,1.0,2.0,2.0,-1,1,19.0,0
1,0,1,0,0,0,0,1,0,4194304,4096,4,0,651264,99840,512,400896,0,1048576,4096,4096,1,1,0.5,2,2,2,2,2,2,0,1,1,1,0,0,0.757,1,2,0.757,0.0,0,-1,-1,7.958,2.787,2.058,7.958,96,232,9,0,0,0,37,111,9,0,233,6,2,0,0,51,201,94,135,14,227,244,43,241,139,222,173,43,216,173,3,195,80,151,173,145,243,165,94,173,86,145,1,30,173,226,251,173,141,110,16,1,93,0,141,125,28,181,28,243,171,94,173,83,1.0,1.0,2.0,2.0,-1,1,24.0,0
1,0,1,0,0,0,0,1,0,4194304,4096,4,0,2949120,585216,512,1594368,0,1048576,4096,4096,1,1,0.5,2,2,2,2,2,2,0,1,1,1,0,0,0.958,1,2,0.958,0.0,0,-1,-1,7.896,2.761,2.665,7.896,96,232,9,0,0,0,194,130,44,0,233,6,2,0,0,51,201,94,135,14,227,244,43,241,139,222,173,43,216,173,3,195,80,151,173,145,243,165,94,173,86,145,1,30,173,226,251,173,141,110,16,1,93,0,141,125,28,181,28,243,171,94,173,83,1.0,1.0,2.0,2.0,-1,1,353.0,0
1,0,1,0,0,0,0,1,0,4194304,4096,4,0,3858432,763904,512,1943552,0,1048576,4096,4096,1,1,0.5,2,2,2,2,2,2,0,1,1,1,0,0,0.969,1,2,0.969,0.0,0,-1,-1,7.806,2.8,2.613,7.806,96,232,9,0,0,0,93,104,58,0,233,6,2,0,0,51,201,94,135,14,227,244,43,241,139,222,173,43,216,173,3,195,80,151,173,145,243,165,94,173,86,145,1,30,173,226,251,173,141,110,16,1,93,0,141,125,28,181,28,243,171,94,173,83,1.0,1.0,2.0,2.0,-1,1,529.0,0
1,0,1,0,0,0,0,1,0,4194304,4096,4,0,913408,167424,512,481280,0,1048576,4096,4096,1,1,0.5,2,2,2,2,2,2,0,1,1,1,0,0,0.877,1,2,0.877,0.0,0,-1,-1,7.965,2.793,2.815,7.965,96,232,9,0,0,0,198,117,13,0,233,6,2,0,0,51,201,94,135,14,227,244,43,241,139,222,173,43,216,173,3,195,80,151,173,145,243,165,94,173,86,145,1,30,173,226,251,173,141,110,16,1,93,0,141,125,28,181,28,243,171,94,173,83,1.0,1.0,2.0,2.0,-1,1,19.0,0
1,0,1,0,0,0,0,1,0,4194304,4096,4,0,999424,116224,512,558592,0,1048576,4096,4096,1,1,0.5,2,2,2,2,2,2,0,1,1,1,0,0,0.901,1,2,0.901,0.0,0,-1,-1,7.721,2.789,2.847,7.721,96,232,9,0,0,0,82,201,14,0,233,6,2,0,0,51,201,94,135,14,227,244,43,241,139,222,173,43,216,173,3,195,80,151,173,145,243,165,94,173,86,145,1,30,173,226,251,173,141,110,16,1,93,0,141,125,28,181,28,243,171,94,173,83,1.0,1.0,2.0,2.0,-1,1,92.0,0
1,0,1,0,0,0,0,1,0,4194304,4096,4,0,229376,66560,512,65536,0,1048576,4096,4096,1,1,0.5,2,2,2,2,2,2,0,1,1,1,0,0,0.615,1,2,0.615,0.0,0,-1,-1,7.941,2.686,3.014,7.941,96,232,9,0,0,0,126,6,3,0,233,6,2,0,0,51,201,94,135,14,227,244,43,241,139,222,173,43,216,173,3,195,80,151,173,145,243,165,94,173,86,145,1,30,173,226,251,173,141,110,16,1,93,0,141,125,28,181,28,243,171,94,173,83,1.0,1.0,2.0,2.0,-1,1,14.0,0
1,0,1,0,0,0,0,1,0,4194304,4096,4,0,430080,79360,512,161280,0,1048576,4096,4096,1,1,0.5,2,2,2,2,2,2,0,1,1,1,0,0,0.813,1,2,0.813,0.0,0,-1,-1,7.538,2.744,3.381,7.538,96,232,9,0,0,0,248,19,6,0,233,6,2,0,0,51,201,94,135,14,227,244,43,241,139,222,173,43,216,173,3,195,80,151,173,145,243,165,94,173,86,145,1,30,173,226,251,173,141,110,16,1,93,0,141,125,28,181,28,243,171,94,173,83,1.0,1.0,2.0,2.0,-1,1,69.0,0
1,0,1,0,0,0,0,1,0,4194304,4096,4,0,417792,71680,512,161792,0,1048576,4096,4096,1,1,0.5,2,2,2,2,2,2,0,1,1,1,0,0,0.82,1,2,0.82,0.0,0,-1,-1,7.529,2.803,3.417,7.529,96,232,9,0,0,0,116,235,5,0,233,6,2,0,0,51,201,94,135,14,227,244,43,241,139,222,173,43,216,173,3,195,80,151,173,145,243,165,94,173,86,145,1,30,173,226,251,173,141,110,16,1,93,0,141,125,28,181,28,243,171,94,173,83,1.0,1.0,2.0,2.0,-1,1,69.0,0
1,0,1,0,0,0,0,1,0,4194304,4096,4,0,225280,65536,512,65024,0,1048576,4096,4096,1,1,0.5,2,2,2,2,2,2,0,1,1,1,0,0,0.606,1,2,0.606,0.0,0,-1,-1,7.943,2.693,3.033,7.943,96,232,9,0,0,0,217,243,2,0,233,6,2,0,0,51,201,94,135,14,227,244,43,241,139,222,173,43,216,173,3,195,80,151,173,145,243,165,94,173,86,145,1,30,173,226,251,173,141,110,16,1,93,0,141,125,28,181,28,243,171,94,173,83,1.0,1.0,2.0,2.0,-1,1,14.0,0
1,0,1,0,0,0,0,1,0,4194304,4096,4,0,352256,80384,512,135680,0,1048576,4096,4096,1,1,0.5,2,2,2,2,2,2,0,1,1,1,0,0,0.731,1,2,0.731,0.0,0,-1,-1,7.956,2.784,3.077,7.956,96,232,9,0,0,0,25,227,4,0,233,6,2,0,0,51,201,94,135,14,227,244,43,241,139,222,173,43,216,173,3,195,80,151,173,145,243,165,94,173,86,145,1,30,173,226,251,173,141,110,16,1,93,0,141,125,28,181,28,243,171,94,173,83,1.0,1.0,2.0,2.0,-1,1,22.0,0
1,0,1,0,0,0,0,1,0,4194304,4096,4,0,299008,92160,512,99840,0,1048576,4096,4096,1,1,0.5,2,2,2,2,2,2,0,1,1,1,0,0,0.666,1,2,0.666,0.0,0,-1,-1,7.91,2.775,2.771,7.91,96,232,9,0,0,0,28,22,4,0,233,6,2,0,0,51,201,94,135,14,227,244,43,241,139,222,173,43,216,173,3,195,80,151,173,145,243,165,94,173,86,145,1,30,173,226,251,173,141,110,16,1,93,0,141,125,28,181,28,243,171,94,173,83,1.0,1.0,2.0,2.0,-1,1,30.0,0
1,0,1,0,0,0,0,1,0,4194304,4096,4,0,258048,64512,512,95744,0,1048576,4096,4096,1,1,0.5,2,2,2,2,2,2,0,1,1,1,0,0,0.606,1,2,0.606,0.0,0,-1,-1,7.888,2.736,2.76,7.888,96,232,9,0,0,0,153,109,3,0,233,6,2,0,0,51,201,94,135,14,227,244,43,241,139,222,173,43,216,173,3,195,80,151,173,145,243,165,94,173,86,145,1,30,173,226,251,173,141,110,16,1,93,0,141,125,28,181,28,243,171,94,173,83,1.0,1.0,2.0,2.0,-1,1,30.0,0
1,0,1,0,0,0,0,1,0,4194304,4096,4,0,905216,90112,512,542720,0,1048576,4096,4096,1,1,0.5,2,2,2,2,2,2,0,1,1,1,0,0,0.873,1,2,0.873,0.0,0,-1,-1,7.965,2.775,2.899,7.965,96,232,9,0,0,0,59,77,13,0,233,6,2,0,0,51,201,94,135,14,227,244,43,241,139,222,173,43,216,173,3,195,80,151,173,145,243,165,94,173,86,145,1,30,173,226,251,173,141,110,16,1,93,0,141,125,28,181,28,243,171,94,173,83,1.0,1.0,2.0,2.0,-1,1,27.0,0
1,0,1,0,0,0,0,1,0,4194304,4096,4,0,622592,113664,512,302592,0,1048576,4096,4096,1,1,0.5,2,2,2,2,2,2,0,1,1,1,0,0,0.833,1,2,0.833,0.0,0,-1,-1,7.963,2.775,2.987,7.963,96,232,9,0,0,0,11,3,9,0,233,6,2,0,0,51,201,94,135,14,227,244,43,241,139,222,173,43,216,173,3,195,80,151,173,145,243,165,94,173,86,145,1,30,173,226,251,173,141,110,16,1,93,0,141,125,28,181,28,243,171,94,173,83,1.0,1.0,2.0,2.0,-1,1,19.0,0
1,0,1,0,0,0,0,1,0,4194304,4096,4,0,245760,74752,512,66048,0,1048576,4096,4096,1,1,0.5,2,2,2,2,2,2,0,1,1,1,0,0,0.628,1,2,0.628,0.0,0,-1,-1,7.946,2.729,2.983,7.946,96,232,9,0,0,0,156,68,3,0,233,6,2,0,0,51,201,94,135,14,227,244,43,241,139,222,173,43,216,173,3,195,80,151,173,145,243,165,94,173,86,145,1,30,173,226,251,173,141,110,16,1,93,0,141,125,28,181,28,243,171,94,173,83,1.0,1.0,2.0,2.0,-1,1,14.0,0
1,0,1,0,0,0,0,1,0,4194304,4096,4,0,1646592,822784,512,321536,0,1048576,4096,4096,1,1,0.5,2,2,2,2,2,2,0,1,1,1,0,0,0.934,1,2,0.934,0.0,0,-1,-1,7.168,2.904,2.546,7.168,96,232,9,0,0,0,123,163,24,0,233,6,2,0,0,51,201,94,135,14,227,244,43,241,139,222,173,43,216,173,3,195,80,151,173,145,243,165,94,173,86,145,1,30,173,226,251,173,141,110,16,1,93,0,141,125,28,181,28,243,171,94,173,83,1.0,1.0,2.0,2.0,-1,1,102.0,0
1,0,1,0,0,0,0,1,0,16777216,4096,4,0,126976,34304,512,27136,0,262144,8192,4096,1,1,0.5,2,2,2,2,2,2,0,1,1,1,0,0,0.378,1,2,0.378,0.0,0,-1,-1,7.841,2.713,1.709,7.841,96,232,9,0,0,0,58,116,1,0,233,6,2,0,0,51,201,94,135,14,227,244,43,241,139,222,173,43,216,173,3,195,80,151,173,145,243,165,94,173,86,145,1,30,173,226,251,173,141,110,16,1,93,0,141,125,28,181,28,243,171,94,173,83,1.0,1.0,2.0,2.0,-1,1,19.0,0
1,0,1,0,0,0,0,1,0,4194304,4096,4,0,274432,82432,512,77824,0,1048576,4096,4096,1,1,0.5,2,2,2,2,2,2,0,1,1,1,0,0,0.676,1,2,0.676,0.0,0,-1,-1,7.953,2.752,3.043,7.953,96,232,9,0,0,0,183,185,3,0,233,6,2,0,0,51,201,94,135,14,227,244,43,241,139,222,173,43,216,173,3,195,80,151,173,145,243,165,94,173,86,145,1,30,173,226,251,173,141,110,16,1,93,0,141,125,28,181,28,243,171,94,173,83,1.0,1.0,2.0,2.0,-1,1,14.0,0
1,0,1,0,0,0,0,1,0,4194304,4096,4,0,233472,67584,512,66048,0,1048576,4096,4096,1,1,0.5,2,2,2,2,2,2,0,1,1,1,0,0,0.62,1,2,0.62,0.0,0,-1,-1,7.942,2.737,2.988,7.942,96,232,9,0,0,0,43,24,3,0,233,6,2,0,0,51,201,94,135,14,227,244,43,241,139,222,173,43,216,173,3,195,80,151,173,145,243,165,94,173,86,145,1,30,173,226,251,173,141,110,16,1,93,0,141,125,28,181,28,243,171,94,173,83,1.0,1.0,2.0,2.0,-1,1,14.0,0
1,0,1,0,0,0,0,1,0,4194304,4096,4,0,7573504,248832,512,6877696,0,1048576,4096,4096,1,1,0.5,2,2,2,2,2,2,0,1,1,1,0,0,0.93,1,2,0.93,0.0,0,-1,-1,7.867,2.783,0.679,7.867,96,232,9,0,0,0,110,26,115,0,233,6,2,0,0,51,201,94,135,14,227,244,43,241,139,222,173,43,216,173,3,195,80,151,173,145,243,165,94,173,86,145,1,30,173,226,251,173,141,110,16,1,93,0,141,125,28,181,28,243,171,94,173,83,1.0,1.0,2.0,2.0,-1,1,75.0,0
1,0,1,0,0,0,0,1,0,16777216,4096,4,0,1167360,99328,512,487424,0,262144,8192,4096,1,1,0.5,2,2,2,2,2,2,0,1,1,1,0,0,0.945,1,2,0.945,0.0,0,-1,-1,6.4,2.831,3.435,6.4,96,232,9,0,0,0,239,82,17,0,233,6,2,0,0,51,201,94,135,14,227,244,43,241,139,222,173,43,216,173,3,195,80,151,173,145,243,165,94,173,86,145,1,30,173,226,251,173,141,110,16,1,93,0,141,125,28,181,28,243,171,94,173,83,1.0,1.0,2.0,2.0,-1,1,224.0,0
1,0,1,0,0,0,0,1,0,4194304,4096,4,0,221184,66048,512,43008,0,1048576,4096,4096,1,1,0.5,2,2,2,2,2,2,0,1,1,1,0,0,0.626,1,2,0.626,0.0,0,-1,-1,7.702,2.699,2.767,7.702,96,232,9,0,0,0,229,227,2,0,233,6,2,0,0,51,201,94,135,14,227,244,43,241,139,222,173,43,216,173,3,195,80,151,173,145,243,165,94,173,86,145,1,30,173,226,251,173,141,110,16,1,93,0,141,125,28,181,28,243,171,94,173,83,1.0,1.0,2.0,2.0,-1,1,74.0,0
1,0,1,0,0,0,0,1,0,4194304,4096,4,0,258048,125952,512,13312,0,1048576,8192,4096,1,1,0.5,2,2,2,2,2,2,0,1,1,1,0,0,0.653,1,2,0.653,0.0,0,-1,-1,7.95,2.74,3.223,7.95,96,232,9,0,0,0,251,107,3,0,233,6,2,0,0,51,201,94,135,14,227,244,43,241,139,222,173,43,216,173,3,195,80,151,173,145,243,165,94,173,86,145,1,30,173,226,251,173,141,110,16,1,93,0,141,125,28,181,28,243,171,94,173,83,1.0,1.0,2.0,2.0,-1,1,14.0,0
1,0,1,0,0,0,0,1,0,4194304,4096,4,0,1081344,92672,512,799744,0,1048576,4096,4096,1,1,0.5,2,2,2,2,2,2,0,1,1,1,0,0,0.829,1,2,0.829,0.0,0,-1,-1,7.962,2.74,1.666,7.962,96,232,9,0,0,0,228,8,16,0,233,6,2,0,0,51,201,94,135,14,227,244,43,241,139,222,173,43,216,173,3,195,80,151,173,145,243,165,94,173,86,145,1,30,173,226,251,173,141,110,16,1,93,0,141,125,28,181,28,243,171,94,173,83,1.0,1.0,2.0,2.0,-1,1,22.0,0
1,0,1,0,0,0,0,1,0,1255145472,4096,4,0,458752,142848,512,158720,0,1048576,1036288,4096,1,1,0.5,2,2,2,2,2,2,0,1,1,1,0,0,0.767,1,2,0.767,0.0,0,-1,-1,7.095,2.802,2.204,7.095,96,232,9,0,0,0,240,124,6,0,233,6,2,0,0,51,201,94,135,14,227,244,43,241,139,222,173,43,216,173,3,195,80,151,173,145,243,165,94,173,86,145,1,30,173,226,251,173,141,110,16,1,93,0,141,125,28,181,28,243,171,94,173,83,1.0,1.0,2.0,2.0,-1,1,67.0,0
1,0,1,0,0,0,0,1,0,4194304,4096,4,0,225280,65536,512,65024,0,1048576,4096,4096,1,1,0.5,2,2,2,2,2,2,0,1,1,1,0,0,0.605,1,2,0.605,0.0,0,-1,-1,7.944,2.693,3.03,7.944,96,232,9,0,0,0,111,243,2,0,233,6,2,0,0,51,201,94,135,14,227,244,43,241,139,222,173,43,216,173,3,195,80,151,173,145,243,165,94,173,86,145,1,30,173,226,251,173,141,110,16,1,93,0,141,125,28,181,28,243,171,94,173,83,1.0,1.0,2.0,2.0,-1,1,14.0,0
1,0,1,0,0,0,0,1,0,16777216,4096,4,0,1146880,339456,512,435712,0,262144,8192,4096,1,1,0.5,2,2,2,2,2,2,0,1,1,1,0,0,0.905,1,2,0.905,0.0,0,-1,-1,7.598,2.798,2.758,7.598,96,232,9,0,0,0,149,252,16,0,233,6,2,0,0,51,201,94,135,14,227,244,43,241,139,222,173,43,216,173,3,195,80,151,173,145,243,165,94,173,86,145,1,30,173,226,251,173,141,110,16,1,93,0,141,125,28,181,28,243,171,94,173,83,1.0,1.0,2.0,2.0,-1,1,310.0,0
1,0,1,0,0,0,0,1,0,4194304,4096,4,0,4198400,2148864,512,899072,0,1048576,4096,4096,1,1,0.5,2,2,2,2,2,2,0,1,1,1,0,0,0.969,1,2,0.969,0.0,0,-1,-1,7.963,2.783,2.705,7.963,96,232,9,0,0,0,69,141,63,0,233,6,2,0,0,51,201,94,135,14,227,244,43,241,139,222,173,43,216,173,3,195,80,151,173,145,243,165,94,173,86,145,1,30,173,226,251,173,141,110,16,1,93,0,141,125,28,181,28,243,171,94,173,83,1.0,1.0,2.0,2.0,-1,1,154.0,0
1,0,1,0,0,0,0,1,0,4194304,4096,4,0,958464,352768,512,291328,0,1048576,4096,4096,1,1,0.5,2,2,2,2,2,2,0,1,1,1,0,0,0.892,1,2,0.892,0.0,0,-1,-1,6.973,2.793,2.547,6.973,96,232,9,0,0,0,60,36,14,0,233,6,2,0,0,51,201,94,135,14,227,244,43,241,139,222,173,43,216,173,3,195,80,151,173,145,243,165,94,173,86,145,1,30,173,226,251,173,141,110,16,1,93,0,141,125,28,181,28,243,171,94,173,83,1.0,1.0,2.0,2.0,-1,1,621.0,0
1,0,1,0,0,0,0,1,0,4194304,4096,4,0,1077248,424960,512,303616,0,1048576,4096,4096,1,1,0.5,2,2,2,2,2,2,0,1,1,1,0,0,0.898,1,2,0.898,0.0,0,-1,-1,7.115,2.795,2.602,7.115,96,232,9,0,0,0,2,238,15,0,233,6,2,0,0,51,201,94,135,14,227,244,43,241,139,222,173,43,216,173,3,195,80,151,173,145,243,165,94,173,86,145,1,30,173,226,251,173,141,110,16,1,93,0,141,125,28,181,28,243,171,94,173,83,1.0,1.0,2.0,2.0,-1,1,621.0,0
1,0,1,0,0,0,0,1,0,4194304,4096,4,0,225280,60928,512,68608,0,1048576,4096,4096,1,1,0.5,2,2,2,2,2,2,0,1,1,1,0,0,0.608,1,2,0.608,0.0,0,-1,-1,7.933,2.69,3.036,7.933,96,232,9,0,0,0,148,244,2,0,233,6,2,0,0,51,201,94,135,14,227,244,43,241,139,222,173,43,216,173,3,195,80,151,173,145,243,165,94,173,86,145,1,30,173,226,251,173,141,110,16,1,93,0,141,125,28,181,28,243,171,94,173,83,1.0,1.0,2.0,2.0,-1,1,22.0,0
1,0,1,0,0,0,0,1,0,4194304,4096,4,0,167936,53248,512,26112,0,1048576,4096,4096,1,1,0.5,2,2,2,2,2,2,0,1,1,1,0,0,0.512,1,2,0.512,0.0,0,-1,-1,7.93,2.664,2.634,7.93,96,232,9,0,0,0,203,14,2,0,233,6,2,0,0,51,201,94,135,14,227,244,43,241,139,222,173,43,216,173,3,195,80,151,173,145,243,165,94,173,86,145,1,30,173,226,251,173,141,110,16,1,93,0,141,125,28,181,28,243,171,94,173,83,1.0,1.0,2.0,2.0,-1,1,14.0,0
1,0,1,0,0,0,0,1,0,4194304,4096,4,0,311296,152064,512,29696,0,1048576,8192,4096,1,1,0.5,2,2,2,2,2,2,0,1,1,1,0,0,0.7,1,2,0.7,0.0,0,-1,-1,7.954,2.74,3.136,7.954,96,232,9,0,0,0,180,62,4,0,233,6,2,0,0,51,201,94,135,14,227,244,43,241,139,222,173,43,216,173,3,195,80,151,173,145,243,165,94,173,86,145,1,30,173,226,251,173,141,110,16,1,93,0,141,125,28,181,28,243,171,94,173,83,1.0,1.0,2.0,2.0,-1,1,14.0,0
1,0,1,0,0,0,0,1,0,4194304,4096,4,0,385024,69120,512,148480,0,262144,8192,4096,1,1,0.5,2,2,2,2,2,2,0,1,1,1,0,0,0.801,1,2,0.801,0.0,0,-1,-1,7.963,2.764,3.731,7.963,96,232,9,0,0,0,237,101,5,0,233,6,2,0,0,51,201,94,135,14,227,244,43,241,139,222,173,43,216,173,3,195,80,151,173,145,243,165,94,173,86,145,1,30,173,226,251,173,141,110,16,1,93,0,141,125,28,181,28,243,171,94,173,83,1.0,1.0,2.0,2.0,-1,1,8.0,0
1,0,1,0,0,0,0,1,0,4194304,4096,4,0,4894720,301056,512,4031488,0,1048576,4096,4096,1,1,0.5,2,2,2,2,2,2,0,1,1,1,0,0,0.942,1,2,0.942,0.0,0,-1,-1,7.936,2.775,1.276,7.936,96,232,9,0,0,0,61,51,74,0,233,6,2,0,0,51,201,94,135,14,227,244,43,241,139,222,173,43,216,173,3,195,80,151,173,145,243,165,94,173,86,145,1,30,173,226,251,173,141,110,16,1,93,0,141,125,28,181,28,243,171,94,173,83,1.0,1.0,2.0,2.0,-1,1,260.0,0
1,0,1,0,0,0,0,1,0,4194304,4096,4,0,1011712,116224,512,667136,0,1048576,4096,4096,1,1,0.5,2,2,2,2,2,2,0,1,1,1,0,0,0.843,1,2,0.843,0.0,0,-1,-1,7.963,2.783,2.194,7.963,96,232,9,0,0,0,188,235,14,0,233,6,2,0,0,51,201,94,135,14,227,244,43,241,139,222,173,43,216,173,3,195,80,151,173,145,243,165,94,173,86,145,1,30,173,226,251,173,141,110,16,1,93,0,141,125,28,181,28,243,171,94,173,83,1.0,1.0,2.0,2.0,-1,1,22.0,0
1,0,1,0,0,0,0,1,0,4194304,114688,5,1,180224,61440,4096,4096,110592,1048576,4096,4096,1,2,0.333,2,3,2,2,3,2,0,1,1,1,1,0,0.958,1,3,0.958,0.0,0,-1,-1,3.985,4.141,4.231,7.859,96,190,0,192,65,0,141,190,0,80,254,255,87,131,205,255,235,16,144,144,144,144,144,144,138,6,70,136,7,71,1,219,117,7,139,30,131,238,252,17,219,114,237,184,1,0,0,0,1,219,117,7,139,30,131,238,252,17,219,17,192,1,219,115,7.0,9.0,4.0,0.444,-1,1,14.0,0
1,0,1,0,0,0,0,1,0,4194304,163840,5,1,253952,86016,4096,4096,159744,1048576,4096,4096,1,2,0.333,2,3,2,2,3,2,0,1,1,1,1,0,1.0,1,2,1.0,0.0,0,-1,-1,3.926,4.235,4.124,7.873,96,190,0,128,66,0,141,190,0,144,253,255,87,235,11,144,138,6,70,136,7,71,1,219,117,7,139,30,131,238,252,17,219,114,237,184,1,0,0,0,1,219,117,7,139,30,131,238,252,17,219,17,192,1,219,115,239,117,9,139,30,131,238,252,6.0,8.0,4.0,0.5,-1,1,14.0,0
1,0,1,0,0,0,0,1,0,4194304,892928,6,0,1343488,438272,4096,12288,888832,1048576,4096,4096,1,2,0.333,2,3,2,2,3,2,0,1,1,1,1,0,1.0,1,2,1.0,0.0,0,-1,-1,3.788,4.438,3.588,7.884,96,190,0,160,77,0,141,190,0,112,242,255,87,131,205,255,235,16,144,144,144,144,144,144,138,6,70,136,7,71,1,219,117,7,139,30,131,238,252,17,219,114,237,184,1,0,0,0,1,219,117,7,139,30,131,238,252,17,219,17,192,1,219,115,12.0,14.0,4.0,0.286,-1,1,143.0,0
1,0,1,0,0,0,0,1,0,4194304,163840,6,0,253952,86016,4096,4096,159744,4096,4096,4096,1,2,0.333,2,3,2,2,3,2,0,1,1,1,1,0,0.994,1,3,0.994,0.0,0,-1,-1,3.815,4.19,4.112,7.876,96,190,0,128,66,0,141,190,0,144,253,255,87,235,11,144,138,6,70,136,7,71,1,219,117,7,139,30,131,238,252,17,219,114,237,184,1,0,0,0,1,219,117,7,139,30,131,238,252,17,219,17,192,1,219,115,239,117,9,139,30,131,238,252,5.0,7.0,4.0,0.571,-1,1,14.0,0
1,0,1,0,0,0,0,1,0,4194304,2150400,5,1,2891776,737280,4096,4096,2146304,1048576,4096,4096,1,2,0.333,2,3,2,2,3,2,0,1,1,1,1,0,0.999,1,3,0.999,0.0,0,-1,-1,3.967,4.427,2.866,7.877,96,190,0,208,96,0,141,190,0,64,223,255,87,235,11,144,138,6,70,136,7,71,1,219,117,7,139,30,131,238,252,17,219,114,237,184,1,0,0,0,1,219,117,7,139,30,131,238,252,17,219,17,192,1,219,115,11,117,40,139,30,131,238,252,15.0,17.0,4.0,0.235,-1,1,42.0,0
1,0,1,0,0,0,0,1,0,4194304,110592,5,1,167936,53248,4096,4096,106496,1048576,4096,4096,1,2,0.333,2,3,2,2,3,2,0,1,1,1,1,0,0.99,1,3,0.99,0.0,0,-1,-1,3.882,4.244,4.187,7.861,96,190,0,176,65,0,141,190,0,96,254,255,87,131,205,255,235,16,144,144,144,144,144,144,138,6,70,136,7,71,1,219,117,7,139,30,131,238,252,17,219,114,237,184,1,0,0,0,1,219,117,7,139,30,131,238,252,17,219,17,192,1,219,115,6.0,8.0,4.0,0.5,-1,1,14.0,0
1,0,1,0,0,0,0,1,0,4194304,110592,5,1,172032,57344,4096,4096,106496,1048576,4096,4096,1,2,0.333,2,3,2,2,3,2,0,1,1,1,1,0,0.964,1,3,0.964,0.0,0,-1,-1,4.001,4.257,4.237,7.868,96,190,0,176,65,0,141,190,0,96,254,255,87,131,205,255,235,16,144,144,144,144,144,144,138,6,70,136,7,71,1,219,117,7,139,30,131,238,252,17,219,114,237,184,1,0,0,0,1,219,117,7,139,30,131,238,252,17,219,17,192,1,219,115,6.0,8.0,4.0,0.5,-1,1,14.0,0
1,0,1,0,0,0,0,1,0,4194304,262144,5,1,405504,139264,4096,4096,258048,1048576,4096,4096,1,2,0.333,2,3,2,2,3,2,0,1,1,1,1,0,0.993,1,3,0.993,0.0,0,-1,-1,4.814,4.308,3.972,7.877,96,190,0,0,68,0,141,190,0,16,252,255,87,235,11,144,138,6,70,136,7,71,1,219,117,7,139,30,131,238,252,17,219,114,237,184,1,0,0,0,1,219,117,7,139,30,131,238,252,17,219,17,192,1,219,115,11,117,40,139,30,131,238,252,14.0,16.0,4.0,0.25,-1,1,14.0,0
1,0,1,0,0,0,0,1,0,4194304,114688,5,1,180224,61440,4096,4096,110592,1048576,4096,4096,1,2,0.333,2,3,2,2,3,2,0,1,1,1,1,0,0.967,1,3,0.967,0.0,0,-1,-1,3.924,4.116,4.275,7.87,96,190,0,192,65,0,141,190,0,80,254,255,87,131,205,255,235,16,144,144,144,144,144,144,138,6,70,136,7,71,1,219,117,7,139,30,131,238,252,17,219,114,237,184,1,0,0,0,1,219,117,7,139,30,131,238,252,17,219,17,192,1,219,115,6.0,8.0,4.0,0.5,-1,1,14.0,0
1,0,1,0,0,0,0,1,0,4194304,110592,5,1,172032,57344,4096,4096,106496,1048576,4096,4096,1,2,0.333,2,3,2,2,3,2,0,1,1,1,1,0,0.973,1,3,0.973,0.0,0,-1,-1,4.141,4.228,4.266,7.865,96,190,0,176,65,0,141,190,0,96,254,255,87,131,205,255,235,16,144,144,144,144,144,144,138,6,70,136,7,71,1,219,117,7,139,30,131,238,252,17,219,114,237,184,1,0,0,0,1,219,117,7,139,30,131,238,252,17,219,17,192,1,219,115,6.0,8.0,4.0,0.5,-1,1,14.0,0
1,0,1,0,0,0,0,1,0,4194304,409600,5,1,671744,253952,4096,8192,405504,1048576,4096,4096,1,2,0.333,2,3,2,2,3,2,0,1,1,1,1,0,1.0,1,1,1.0,0.0,0,-1,-1,3.98,4.296,4.163,7.88,96,190,0,64,70,0,141,190,0,208,249,255,87,235,11,144,138,6,70,136,7,71,1,219,117,7,139,30,131,238,252,17,219,114,237,184,1,0,0,0,1,219,117,7,139,30,131,238,252,17,219,17,192,1,219,115,11,117,40,139,30,131,238,252,10.0,12.0,4.0,0.333,-1,1,92.0,0
1,0,1,0,0,1,0,1,0,4194304,335872,5,1,569344,225280,4096,8192,331776,1048576,4096,4096,1,2,0.333,2,3,2,2,3,2,0,1,1,1,1,0,0.986,1,2,1.0,0.0,0,-1,-1,3.73,1.768,4.238,7.881,96,190,0,32,69,0,141,190,0,240,250,255,87,131,205,255,235,16,144,144,144,144,144,144,138,6,70,136,7,71,1,219,117,7,139,30,131,238,252,17,219,114,237,184,1,0,0,0,1,219,117,7,139,30,131,238,252,17,219,17,192,1,219,115,8.0,10.0,4.0,0.4,-1,1,81.0,0
1,0,1,0,0,0,0,1,0,4194304,212992,5,1,311296,94208,4096,4096,208896,1048576,4096,4096,1,2,0.333,2,3,2,2,3,2,0,1,1,1,1,0,0.995,1,3,0.995,0.0,0,-1,-1,4.168,4.127,3.683,7.812,96,190,0,64,67,0,141,190,0,208,252,255,87,235,11,144,138,6,70,136,7,71,1,219,117,7,139,30,131,238,252,17,219,114,237,184,1,0,0,0,1,219,117,7,139,30,131,238,252,17,219,17,192,1,219,115,11,117,40,139,30,131,238,252,6.0,8.0,4.0,0.5,-1,1,19.0,0
1,0,1,0,0,0,0,1,0,4194304,184320,6,0,282624,94208,4096,4096,180224,1048576,4096,4096,1,2,0.333,2,3,2,2,3,2,0,1,1,1,1,0,0.989,1,3,0.989,0.0,0,-1,-1,4.232,4.163,4.0,7.873,96,190,0,208,66,0,141,190,0,64,253,255,87,131,205,255,235,16,144,144,144,144,144,144,138,6,70,136,7,71,1,219,117,7,139,30,131,238,252,17,219,114,237,184,1,0,0,0,1,219,117,7,139,30,131,238,252,17,219,17,192,1,219,115,9.0,11.0,4.0,0.364,-1,1,14.0,0
1,0,1,0,0,0,0,1,0,4194304,217088,5,1,319488,98304,4096,4096,212992,1048576,4096,4096,1,2,0.333,2,3,2,2,3,2,0,1,1,1,1,0,0.99,1,3,0.99,0.0,0,-1,-1,4.212,4.19,3.691,7.811,96,190,0,80,67,0,141,190,0,192,252,255,87,235,11,144,138,6,70,136,7,71,1,219,117,7,139,30,131,238,252,17,219,114,237,184,1,0,0,0,1,219,117,7,139,30,131,238,252,17,219,17,192,1,219,115,11,117,40,139,30,131,238,252,7.0,9.0,4.0,0.444,-1,1,19.0,0
1,0,1,0,0,0,0,1,0,4194304,409600,5,1,528384,114688,4096,4096,405504,1048576,4096,4096,1,2,0.333,2,3,2,2,3,2,0,1,1,1,1,0,0.982,1,3,0.982,0.0,0,-1,-1,4.206,4.203,2.694,7.832,96,190,0,64,70,0,141,190,0,208,249,255,87,235,11,144,138,6,70,136,7,71,1,219,117,7,139,30,131,238,252,17,219,114,237,184,1,0,0,0,1,219,117,7,139,30,131,238,252,17,219,17,192,1,219,115,11,117,40,139,30,131,238,252,7.0,9.0,4.0,0.444,-1,1,24.0,0
1,0,1,0,0,0,0,1,0,4194304,1470464,5,1,2260992,757760,4096,32768,1466368,1048576,4096,4096,1,2,0.333,2,3,2,2,3,2,0,1,1,1,1,0,0.995,1,2,1.0,0.0,0,-1,-1,4.892,4.576,3.647,7.881,96,190,0,112,86,0,141,190,0,160,233,255,87,131,205,255,235,16,144,144,144,144,144,144,138,6,70,136,7,71,1,219,117,7,139,30,131,238,252,17,219,114,237,184,1,0,0,0,1,219,117,7,139,30,131,238,252,17,219,17,192,1,219,115,13.0,15.0,4.0,0.267,-1,1,323.0,0
1,0,1,0,0,0,0,1,0,4194304,1966080,5,1,2949120,946176,4096,36864,1961984,1048576,4096,4096,1,2,0.333,2,3,2,2,3,2,0,1,1,1,1,0,0.998,1,3,0.998,0.0,0,-1,-1,5.036,4.41,3.51,7.888,96,190,0,0,94,0,141,190,0,16,226,255,87,131,205,255,235,16,144,144,144,144,144,144,138,6,70,136,7,71,1,219,117,7,139,30,131,238,252,17,219,114,237,184,1,0,0,0,1,219,117,7,139,30,131,238,252,17,219,17,192,1,219,115,18.0,20.0,4.0,0.2,-1,1,494.0,0
1,0,1,0,0,0,0,1,0,4194304,434176,5,1,679936,241664,4096,4096,430080,1048576,4096,4096,1,2,0.333,2,3,2,2,3,2,0,1,1,1,1,0,0.994,1,3,0.994,0.0,0,-1,-1,3.866,4.414,3.903,7.872,96,190,0,160,70,0,141,190,0,112,249,255,87,131,205,255,235,16,144,144,144,144,144,144,138,6,70,136,7,71,1,219,117,7,139,30,131,238,252,17,219,114,237,184,1,0,0,0,1,219,117,7,139,30,131,238,252,17,219,17,192,1,219,115,11.0,13.0,4.0,0.308,-1,1,19.0,0
1,0,1,0,0,0,0,1,0,4194304,450560,5,1,749568,258048,4096,40960,446464,1048576,4096,4096,1,2,0.333,2,3,2,2,3,2,0,1,1,1,1,0,0.99,1,3,0.99,0.0,0,-1,-1,5.122,3.916,3.908,7.864,96,190,0,224,70,0,141,190,0,48,249,255,87,131,205,255,235,16,144,144,144,144,144,144,138,6,70,136,7,71,1,219,117,7,139,30,131,238,252,17,219,114,237,184,1,0,0,0,1,219,117,7,139,30,131,238,252,17,219,17,192,1,219,115,9.0,11.0,4.0,0.364,-1,1,92.0,0
1,0,1,0,0,0,0,1,0,4194304,106496,5,1,163840,53248,4096,4096,102400,1048576,4096,4096,1,2,0.333,2,3,2,2,3,2,0,1,1,1,1,0,0.981,1,3,0.981,0.0,0,-1,-1,3.949,4.19,4.242,7.855,96,190,0,160,65,0,141,190,0,112,254,255,87,235,11,144,138,6,70,136,7,71,1,219,117,7,139,30,131,238,252,17,219,114,237,184,1,0,0,0,1,219,117,7,139,30,131,238,252,17,219,17,192,1,219,115,239,117,9,139,30,131,238,252,6.0,8.0,4.0,0.5,-1,1,14.0,0
1,0,1,0,0,0,0,1,0,4194304,196608,5,1,344064,77824,4096,69632,192512,1048576,4096,4096,1,2,0.333,2,3,2,2,3,2,0,1,1,1,1,0,0.954,1,3,0.963,0.0,0,-1,-1,6.904,4.149,4.218,7.821,96,190,0,0,67,0,141,190,0,16,253,255,87,235,11,144,138,6,70,136,7,71,1,219,117,7,139,30,131,238,252,17,219,114,237,184,1,0,0,0,1,219,117,7,139,30,131,238,252,17,219,17,192,1,219,115,239,117,9,139,30,131,238,252,6.0,8.0,4.0,0.5,-1,1,69.0,0
1,0,1,0,0,0,0,1,0,4194304,188416,5,1,331776,73728,4096,69632,184320,1048576,4096,4096,1,2,0.333,2,3,2,2,3,2,0,1,1,1,1,0,0.972,1,3,0.972,0.0,0,-1,-1,6.91,4.197,4.286,7.822,96,190,0,224,66,0,141,190,0,48,253,255,87,235,11,144,138,6,70,136,7,71,1,219,117,7,139,30,131,238,252,17,219,114,237,184,1,0,0,0,1,219,117,7,139,30,131,238,252,17,219,17,192,1,219,115,239,117,9,139,30,131,238,252,8.0,10.0,4.0,0.4,-1,1,69.0,0
1,0,1,0,0,0,0,1,0,4194304,102400,5,1,159744,53248,4096,4096,98304,1048576,4096,4096,1,2,0.333,2,3,2,2,3,2,0,1,1,1,1,0,0.971,1,3,0.971,0.0,0,-1,-1,3.891,4.226,4.298,7.855,96,190,0,144,65,0,141,190,0,128,254,255,87,235,11,144,138,6,70,136,7,71,1,219,117,7,139,30,131,238,252,17,219,114,237,184,1,0,0,0,1,219,117,7,139,30,131,238,252,17,219,17,192,1,219,115,239,117,9,139,30,131,238,252,6.0,8.0,4.0,0.5,-1,1,14.0,0
1,0,1,0,0,0,0,1,0,4194304,151552,5,1,249856,94208,4096,4096,147456,1048576,4096,4096,1,2,0.333,2,3,2,2,3,2,0,1,1,1,1,0,0.962,1,3,0.962,0.0,0,-1,-1,3.739,4.254,4.334,7.85,96,190,0,80,66,0,141,190,0,192,253,255,87,235,11,144,138,6,70,136,7,71,1,219,117,7,139,30,131,238,252,17,219,114,237,184,1,0,0,0,1,219,117,7,139,30,131,238,252,17,219,17,192,1,219,115,239,117,9,139,30,131,238,252,8.0,10.0,4.0,0.4,-1,1,22.0,0
1,0,1,0,0,0,0,1,0,4194304,151552,5,1,221184,65536,4096,4096,147456,1048576,4096,4096,1,2,0.333,2,3,2,2,3,2,0,1,1,1,1,0,0.984,1,3,0.984,0.0,0,-1,-1,3.756,4.106,3.816,7.867,96,190,0,80,66,0,141,190,0,192,253,255,87,235,11,144,138,6,70,136,7,71,1,219,117,7,139,30,131,238,252,17,219,114,237,184,1,0,0,0,1,219,117,7,139,30,131,238,252,17,219,17,192,1,219,115,239,117,9,139,30,131,238,252,6.0,8.0,4.0,0.5,-1,1,30.0,0
1,0,1,0,0,0,0,1,0,4194304,131072,5,1,188416,53248,4096,4096,126976,1048576,4096,4096,1,2,0.333,2,3,2,2,3,2,0,1,1,1,1,0,0.99,1,3,0.99,0.0,0,-1,-1,3.365,4.205,3.823,7.86,96,190,0,0,66,0,141,190,0,16,254,255,87,235,11,144,138,6,70,136,7,71,1,219,117,7,139,30,131,238,252,17,219,114,237,184,1,0,0,0,1,219,117,7,139,30,131,238,252,17,219,17,192,1,219,115,239,117,9,139,30,131,238,252,7.0,9.0,4.0,0.444,-1,1,30.0,0
1,0,1,0,0,0,0,1,0,4194304,409600,5,1,663552,249856,4096,4096,405504,1048576,4096,4096,1,2,0.333,2,3,2,2,3,2,0,1,1,1,1,0,0.986,1,3,0.986,0.0,0,-1,-1,4.241,4.099,4.052,7.851,96,190,0,64,70,0,141,190,0,208,249,255,87,235,11,144,138,6,70,136,7,71,1,219,117,7,139,30,131,238,252,17,219,114,237,184,1,0,0,0,1,219,117,7,139,30,131,238,252,17,219,17,192,1,219,115,11,117,40,139,30,131,238,252,6.0,8.0,4.0,0.5,-1,1,27.0,0
1,0,1,0,0,0,0,1,0,4194304,274432,5,1,450560,172032,4096,4096,270336,1048576,4096,4096,1,2,0.333,2,3,2,2,3,2,0,1,1,1,1,0,0.979,1,3,0.979,0.0,0,-1,-1,4.173,4.283,4.181,7.856,96,190,0,48,68,0,141,190,0,224,251,255,87,131,205,255,235,16,144,144,144,144,144,144,138,6,70,136,7,71,1,219,117,7,139,30,131,238,252,17,219,114,237,184,1,0,0,0,1,219,117,7,139,30,131,238,252,17,219,17,192,1,219,115,9.0,11.0,4.0,0.364,-1,1,19.0,0
1,0,1,0,0,0,0,1,0,4194304,114688,5,1,176128,57344,4096,4096,110592,1048576,4096,4096,1,2,0.333,2,3,2,2,3,2,0,1,1,1,1,0,0.982,1,3,0.982,0.0,0,-1,-1,3.947,4.195,4.188,7.853,96,190,0,192,65,0,141,190,0,80,254,255,87,235,11,144,138,6,70,136,7,71,1,219,117,7,139,30,131,238,252,17,219,114,237,184,1,0,0,0,1,219,117,7,139,30,131,238,252,17,219,17,192,1,219,115,239,117,9,139,30,131,238,252,6.0,8.0,4.0,0.5,-1,1,14.0,0
1,0,1,0,0,0,0,1,0,4194304,815104,6,0,1302528,372736,4096,114688,811008,1048576,4096,4096,1,2,0.333,2,3,2,2,3,2,0,1,1,1,1,0,0.992,1,3,0.992,0.0,0,-1,-1,2.722,4.715,3.382,7.878,96,190,0,112,76,0,141,190,0,160,243,255,199,135,192,244,14,0,97,100,100,32,87,131,205,255,235,14,144,144,144,144,138,6,70,136,7,71,1,219,117,7,139,30,131,238,252,17,219,114,237,184,1,0,0,0,1,219,117,7,139,30,131,238,12.0,14.0,4.0,0.286,-1,1,102.0,0
1,0,1,0,0,0,0,1,0,16777216,61440,6,1,86016,20480,4096,4096,57344,262144,8192,4096,1,2,0.333,2,3,2,2,3,2,0,1,1,1,1,0,0.9,1,3,0.9,0.0,0,-1,-1,4.056,3.943,2.527,7.769,96,190,0,240,0,1,141,190,0,32,255,255,87,235,11,144,138,6,70,136,7,71,1,219,117,7,139,30,131,238,252,17,219,114,237,184,1,0,0,0,1,219,117,7,139,30,131,238,252,17,219,17,192,1,219,115,239,117,9,139,30,131,238,252,6.0,8.0,4.0,0.5,-1,1,19.0,0
1,0,1,0,0,0,0,1,0,4194304,118784,5,1,192512,69632,4096,4096,114688,1048576,4096,4096,1,2,0.333,2,3,2,2,3,2,0,1,1,1,1,0,0.956,1,3,0.956,0.0,0,-1,-1,3.919,4.36,4.344,7.862,96,190,0,208,65,0,141,190,0,64,254,255,87,235,11,144,138,6,70,136,7,71,1,219,117,7,139,30,131,238,252,17,219,114,237,184,1,0,0,0,1,219,117,7,139,30,131,238,252,17,219,17,192,1,219,115,239,117,9,139,30,131,238,252,6.0,8.0,4.0,0.5,-1,1,14.0,0
1,0,1,0,0,0,0,1,0,4194304,110592,5,1,167936,53248,4096,4096,106496,1048576,4096,4096,1,2,0.333,2,3,2,2,3,2,0,1,1,1,1,0,0.99,1,3,0.99,0.0,0,-1,-1,3.908,4.205,4.185,7.86,96,190,0,176,65,0,141,190,0,96,254,255,87,235,11,144,138,6,70,136,7,71,1,219,117,7,139,30,131,238,252,17,219,114,237,184,1,0,0,0,1,219,117,7,139,30,131,238,252,17,219,17,192,1,219,115,239,117,9,139,30,131,238,252,6.0,8.0,4.0,0.5,-1,1,14.0,0
1,0,1,0,0,0,0,1,0,4194304,6520832,5,0,7192576,643072,4096,28672,6516736,1048576,4096,4096,1,2,0.333,2,3,2,2,3,2,0,1,1,1,1,0,0.998,1,3,0.998,0.0,0,-1,-1,4.346,3.772,1.153,7.873,96,190,0,128,163,0,141,190,0,144,156,255,87,235,11,144,138,6,70,136,7,71,1,219,117,7,139,30,131,238,252,17,219,114,237,184,1,0,0,0,1,219,117,7,139,30,131,238,252,17,219,17,192,1,219,115,11,117,40,139,30,131,238,252,14.0,16.0,4.0,0.25,-1,1,75.0,0
1,0,1,0,0,0,0,1,0,16777216,352256,6,1,741376,258048,4096,131072,348160,262144,8192,4096,1,2,0.333,2,3,2,2,3,2,0,1,1,1,1,0,0.99,1,3,0.996,0.0,0,-1,-1,7.344,4.174,4.785,7.63,96,190,0,96,5,1,141,190,0,176,250,255,87,235,11,144,138,6,70,136,7,71,1,219,117,7,139,30,131,238,252,17,219,114,237,184,1,0,0,0,1,219,117,7,139,30,131,238,252,17,219,17,192,1,219,115,11,117,40,139,30,131,238,252,12.0,14.0,4.0,0.286,-1,1,186.0,0
1,0,1,0,0,0,0,1,0,4194304,94208,5,0,147456,49152,4096,4096,90112,1048576,4096,4096,1,2,0.333,2,3,2,2,3,2,0,1,1,1,1,0,0.979,1,2,1.0,0.0,0,-1,-1,4.214,4.031,3.975,7.857,96,190,0,112,65,0,141,190,0,160,254,255,87,235,11,144,138,6,70,136,7,71,1,219,117,7,139,30,131,238,252,17,219,114,237,184,1,0,0,0,1,219,117,7,139,30,131,238,252,17,219,17,192,1,219,115,239,117,9,139,30,131,238,252,6.0,8.0,4.0,0.5,-1,1,65.0,0
1,0,1,0,0,0,0,1,0,4194304,753664,5,1,917504,159744,4096,4096,749568,1048576,4096,4096,1,2,0.333,2,3,2,2,3,2,0,1,1,1,1,0,0.994,1,3,0.994,0.0,0,-1,-1,4.077,4.158,2.093,7.849,96,190,0,128,75,0,141,190,0,144,244,255,87,235,11,144,138,6,70,136,7,71,1,219,117,7,139,30,131,238,252,17,219,114,237,184,1,0,0,0,1,219,117,7,139,30,131,238,252,17,219,17,192,1,219,115,11,117,40,139,30,131,238,252,6.0,8.0,4.0,0.5,-1,1,22.0,0
1,0,0,0,0,0,0,1,0,4194304,1073152,5,1,2387968,1110016,4096,204800,1069056,4194304,4096,4096,1,2,0.333,2,3,2,2,3,2,0,1,1,1,1,0,0.999,1,3,0.999,0.0,0,-1,-1,6.223,4.468,4.957,7.631,96,190,0,96,80,0,141,190,0,176,239,255,87,235,11,144,138,6,70,136,7,71,1,219,117,7,139,30,131,238,252,17,219,114,237,184,1,0,0,0,1,219,117,7,139,30,131,238,252,17,219,17,192,1,219,115,11,117,40,139,30,131,238,252,18.0,20.0,4.0,0.2,-1,1,936.0,0
1,0,1,0,0,0,0,1,0,1255145472,245760,6,1,364544,81920,4096,36864,241664,1048576,1036288,4096,1,2,0.333,2,3,2,2,3,2,0,1,1,1,1,0,0.956,1,3,0.956,0.0,0,-1,-1,4.038,4.067,2.787,7.874,96,190,0,192,211,74,141,190,0,80,252,255,87,235,11,144,138,6,70,136,7,71,1,219,117,7,139,30,131,238,252,17,219,114,237,184,1,0,0,0,1,219,117,7,139,30,131,238,252,17,219,17,192,1,219,115,11,117,40,139,30,131,238,252,4.0,6.0,4.0,0.667,-1,1,67.0,0
1,0,1,0,0,0,0,1,0,4194304,102400,5,1,159744,53248,4096,4096,98304,1048576,4096,4096,1,2,0.333,2,3,2,2,3,2,0,1,1,1,1,0,0.962,1,3,0.962,0.0,0,-1,-1,3.808,4.172,4.289,7.865,96,190,0,144,65,0,141,190,0,128,254,255,87,235,11,144,138,6,70,136,7,71,1,219,117,7,139,30,131,238,252,17,219,114,237,184,1,0,0,0,1,219,117,7,139,30,131,238,252,17,219,17,192,1,219,115,239,117,9,139,30,131,238,252,6.0,8.0,4.0,0.5,-1,1,14.0,0
1,0,1,0,0,0,0,1,0,16777216,561152,6,1,905216,249856,4096,94208,557056,262144,8192,4096,1,2,0.333,2,3,2,2,3,2,0,1,1,1,1,0,0.986,1,3,0.986,0.0,0,-1,-1,6.116,3.877,3.538,7.749,96,190,0,144,8,1,141,190,0,128,247,255,87,235,11,144,138,6,70,136,7,71,1,219,117,7,139,30,131,238,252,17,219,114,237,184,1,0,0,0,1,219,117,7,139,30,131,238,252,17,219,17,192,1,219,115,11,117,40,139,30,131,238,252,16.0,18.0,4.0,0.222,-1,1,310.0,0
1,0,1,0,0,0,0,1,0,4194304,2056192,5,1,3186688,1118208,4096,12288,2052096,1048576,4096,4096,1,2,0.333,2,3,2,2,3,2,0,1,1,1,1,0,0.997,1,3,0.997,0.0,0,-1,-1,4.888,4.424,3.729,7.893,96,190,0,96,95,0,141,190,0,176,224,255,87,235,11,144,138,6,70,136,7,71,1,219,117,7,139,30,131,238,252,17,219,114,237,184,1,0,0,0,1,219,117,7,139,30,131,238,252,17,219,17,192,1,219,115,11,117,40,139,30,131,238,252,23.0,25.0,4.0,0.16,-1,1,148.0,0
1,0,1,0,0,0,0,1,0,4194304,483328,5,1,720896,196608,4096,40960,479232,1048576,4096,4096,1,2,0.333,2,3,2,2,3,2,0,1,1,1,1,0,0.987,1,3,0.987,0.0,0,-1,-1,4.295,4.526,3.342,7.871,96,190,0,96,71,0,141,190,0,176,248,255,87,235,11,144,138,6,70,136,7,71,1,219,117,7,139,30,131,238,252,17,219,114,237,184,1,0,0,0,1,219,117,7,139,30,131,238,252,17,219,17,192,1,219,115,11,117,40,139,30,131,238,252,15.0,17.0,4.0,0.235,-1,1,495.0,0
1,0,1,0,0,0,0,1,0,4194304,540672,5,1,811008,229376,4096,40960,536576,1048576,4096,4096,1,2,0.333,2,3,2,2,3,2,0,1,1,1,1,0,0.998,1,3,0.998,0.0,0,-1,-1,4.293,4.684,3.435,7.876,96,190,0,64,72,0,141,190,0,208,247,255,87,131,205,255,235,16,144,144,144,144,144,144,138,6,70,136,7,71,1,219,117,7,139,30,131,238,252,17,219,114,237,184,1,0,0,0,1,219,117,7,139,30,131,238,252,17,219,17,192,1,219,115,15.0,17.0,4.0,0.235,-1,1,495.0,0
1,0,1,0,0,0,0,1,0,4194304,102400,5,1,159744,53248,4096,4096,98304,1048576,4096,4096,1,2,0.333,2,3,2,2,3,2,0,1,1,1,1,0,0.962,1,3,0.962,0.0,0,-1,-1,4.262,4.082,4.301,7.859,96,190,0,144,65,0,141,190,0,128,254,255,87,235,11,144,138,6,70,136,7,71,1,219,117,7,139,30,131,238,252,17,219,114,237,184,1,0,0,0,1,219,117,7,139,30,131,238,252,17,219,17,192,1,219,115,239,117,9,139,30,131,238,252,6.0,8.0,4.0,0.5,-1,1,22.0,0
1,0,1,0,0,0,0,1,0,4194304,69632,5,0,110592,36864,4096,4096,65536,1048576,4096,4096,1,2,0.333,2,3,2,2,3,2,0,1,1,1,1,0,0.944,1,3,0.944,0.0,0,-1,-1,3.687,4.024,3.906,7.841,96,190,0,16,65,0,141,190,0,0,255,255,87,131,205,255,235,16,144,144,144,144,144,144,138,6,70,136,7,71,1,219,117,7,139,30,131,238,252,17,219,114,237,184,1,0,0,0,1,219,117,7,139,30,131,238,252,17,219,17,192,1,219,115,5.0,9.0,6.0,0.667,-1,1,14.0,0
1,0,1,0,0,0,0,1,0,4194304,10919936,5,1,19607552,8560640,4096,126976,10915840,1048576,4096,4096,1,2,0.333,2,3,2,2,3,2,0,1,1,1,1,0,1.0,1,2,1.0,0.0,0,-1,-1,4.646,4.836,4.368,7.749,96,190,0,160,230,0,141,190,0,112,89,255,87,235,11,144,138,6,70,136,7,71,1,219,117,7,139,30,131,238,252,17,219,114,237,184,1,0,0,0,1,219,117,7,139,30,131,238,252,17,219,17,192,1,219,115,11,117,40,139,30,131,238,252,20.0,22.0,4.0,0.182,-1,1,54.0,0
1,0,1,0,0,0,0,1,0,4194304,3756032,5,1,4390912,614400,4096,20480,3751936,1048576,4096,4096,1,2,0.333,2,3,2,2,3,2,0,1,1,1,1,0,0.999,1,3,0.999,0.0,0,-1,-1,4.955,4.256,1.709,7.88,96,190,0,80,121,0,141,190,0,192,198,255,87,131,205,255,235,16,144,144,144,144,144,144,138,6,70,136,7,71,1,219,117,7,139,30,131,238,252,17,219,114,237,184,1,0,0,0,1,219,117,7,139,30,131,238,252,17,219,17,192,1,219,115,13.0,15.0,4.0,0.267,-1,1,260.0,0
1,0,1,0,0,0,0,1,0,4194304,610304,5,1,811008,196608,4096,4096,606208,1048576,4096,4096,1,2,0.333,2,3,2,2,3,2,0,1,1,1,1,0,0.995,1,3,0.995,0.0,0,-1,-1,4.186,3.913,2.864,7.839,96,190,0,80,73,0,141,190,0,192,246,255,87,235,11,144,138,6,70,136,7,71,1,219,117,7,139,30,131,238,252,17,219,114,237,184,1,0,0,0,1,219,117,7,139,30,131,238,252,17,219,17,192,1,219,115,11,117,40,139,30,131,238,252,8.0,10.0,4.0,0.4,-1,1,22.0,0
1,0,0,0,0,0,0,1,2799840,4194304,4096,5,0,7086080,11264,1024,45056,0,1048576,4096,4096,2,7,0.222,3,3,1,3,3,1,0,1,1,1,1,0,1.0,1,7,1.0,0.0,0,-1,-1,5.175,3.402,3.957,7.911,232,75,1,0,0,83,137,227,83,139,115,8,139,123,16,252,178,128,138,6,70,136,7,71,187,2,0,0,0,0,210,117,5,138,22,70,16,210,115,234,0,210,117,5,138,22,70,16,210,115,81,49,192,0,210,117,5,138,22,70,16,210,15,131,10.0,9.0,1.0,0.111,-1,1,70.0,0
1,0,0,0,0,0,0,1,3718667,4194304,4096,5,1,10174464,586240,1024,2263040,0,1048576,4096,4096,2,7,0.222,3,3,1,3,3,1,0,1,1,1,1,0,1.0,1,8,1.0,0.0,0,-1,-1,3.775,3.748,3.778,7.913,232,75,1,0,0,83,137,227,83,139,115,8,139,123,16,252,178,128,138,6,70,136,7,71,187,2,0,0,0,0,210,117,5,138,22,70,16,210,115,234,0,210,117,5,138,22,70,16,210,115,81,49,192,0,210,117,5,138,22,70,16,210,15,131,15.0,14.0,1.0,0.071,-1,1,14.0,0
1,0,0,0,0,0,0,1,2926106,4194304,4096,5,1,7454720,68096,1024,66048,0,1048576,4096,4096,2,7,0.222,3,3,1,3,3,1,0,1,1,1,1,0,1.0,1,8,1.0,0.0,0,-1,-1,3.753,3.522,3.942,7.911,232,75,1,0,0,83,137,227,83,139,115,8,139,123,16,252,178,128,138,6,70,136,7,71,187,2,0,0,0,0,210,117,5,138,22,70,16,210,115,234,0,210,117,5,138,22,70,16,210,115,81,49,192,0,210,117,5,138,22,70,16,210,15,131,6.0,5.0,1.0,0.2,-1,1,14.0,0
1,0,0,0,0,0,0,1,2786007,4194304,4096,5,1,7114752,73216,1024,66560,0,1048576,4096,4096,2,7,0.222,3,3,1,3,3,1,0,1,1,1,1,0,1.0,1,8,1.0,0.0,0,-1,-1,3.907,3.499,3.938,7.913,232,75,1,0,0,83,137,227,83,139,115,8,139,123,16,252,178,128,138,6,70,136,7,71,187,2,0,0,0,0,210,117,5,138,22,70,16,210,115,234,0,210,117,5,138,22,70,16,210,115,81,49,192,0,210,117,5,138,22,70,16,210,15,131,6.0,5.0,1.0,0.2,-1,1,14.0,0
1,0,0,0,0,0,0,1,3004563,4194304,4096,5,1,7680000,215552,1024,158720,0,1048576,4096,4096,2,7,0.222,3,3,1,3,3,1,0,1,1,1,1,0,1.0,1,8,1.0,0.0,0,-1,-1,4.412,3.582,3.953,7.911,232,75,1,0,0,83,137,227,83,139,115,8,139,123,16,252,178,128,138,6,70,136,7,71,187,2,0,0,0,0,210,117,5,138,22,70,16,210,115,234,0,210,117,5,138,22,70,16,210,115,81,49,192,0,210,117,5,138,22,70,16,210,15,131,14.0,13.0,1.0,0.077,-1,1,14.0,0
1,0,0,0,0,0,0,1,2807019,4194304,4096,5,1,7155712,75264,1024,72192,0,1048576,4096,4096,2,7,0.222,3,3,1,3,3,1,0,1,1,1,1,0,1.0,1,8,1.0,0.0,0,-1,-1,3.783,3.441,3.953,7.906,232,75,1,0,0,83,137,227,83,139,115,8,139,123,16,252,178,128,138,6,70,136,7,71,187,2,0,0,0,0,210,117,5,138,22,70,16,210,115,234,0,210,117,5,138,22,70,16,210,115,81,49,192,0,210,117,5,138,22,70,16,210,15,131,6.0,5.0,1.0,0.2,-1,1,14.0,0
1,0,0,0,0,0,0,1,2695612,4194304,4096,5,1,7069696,71168,1024,69120,0,1048576,4096,4096,2,7,0.222,3,3,1,3,3,1,0,1,1,1,1,0,1.0,1,8,1.0,0.0,0,-1,-1,3.293,3.524,3.911,7.915,232,75,1,0,0,83,137,227,83,139,115,8,139,123,16,252,178,128,138,6,70,136,7,71,187,2,0,0,0,0,210,117,5,138,22,70,16,210,115,234,0,210,117,5,138,22,70,16,210,115,81,49,192,0,210,117,5,138,22,70,16,210,15,131,6.0,5.0,1.0,0.2,-1,1,14.0,0
1,0,0,0,0,0,0,1,3117757,4194304,4096,5,1,7946240,174080,1024,462336,0,1048576,4096,4096,2,7,0.222,3,3,1,3,3,1,0,1,1,1,1,0,1.0,1,7,1.0,0.0,0,-1,-1,3.885,3.615,3.992,7.914,232,75,1,0,0,83,137,227,83,139,115,8,139,123,16,252,178,128,138,6,70,136,7,71,187,2,0,0,0,0,210,117,5,138,22,70,16,210,115,234,0,210,117,5,138,22,70,16,210,115,81,49,192,0,210,117,5,138,22,70,16,210,15,131,10.0,9.0,1.0,0.111,-1,1,26.0,0
1,0,0,0,0,1,0,1,3289840,4194304,143360,5,1,8249344,359936,1024,142336,0,1048576,4096,4096,3,11,0.214,3,5,1,3,5,1,0,1,1,1,1,0,1.0,2,10,128.0,0.0,0,-1,-1,3.825,2.326,4.03,7.907,232,75,1,0,0,83,137,227,83,139,115,8,139,123,16,252,178,128,138,6,70,136,7,71,187,2,0,0,0,0,210,117,5,138,22,70,16,210,115,234,0,210,117,5,138,22,70,16,210,115,81,49,192,0,210,117,5,138,22,70,16,210,15,131,8.0,7.0,1.0,0.143,-1,1,46.0,0
1,0,0,0,0,0,0,1,3021670,4194304,4096,5,1,7675904,86016,1024,195584,0,1048576,4096,4096,2,7,0.222,3,3,1,3,3,1,0,1,1,1,1,0,1.0,1,8,1.0,0.0,0,-1,-1,3.91,3.46,4.013,7.909,232,75,1,0,0,83,137,227,83,139,115,8,139,123,16,252,178,128,138,6,70,136,7,71,187,2,0,0,0,0,210,117,5,138,22,70,16,210,115,234,0,210,117,5,138,22,70,16,210,115,81,49,192,0,210,117,5,138,22,70,16,210,15,131,6.0,5.0,1.0,0.2,-1,1,14.0,0
1,0,0,0,0,0,0,1,2922805,4194304,4096,6,0,7553024,141824,1024,106496,0,1048576,4096,4096,2,7,0.222,3,3,1,3,3,1,0,1,1,1,1,0,1.0,1,8,1.0,0.0,0,-1,-1,3.886,3.509,3.939,7.915,232,75,1,0,0,83,137,227,83,139,115,8,139,123,16,252,178,128,138,6,70,136,7,71,187,2,0,0,0,0,210,117,5,138,22,70,16,210,115,234,0,210,117,5,138,22,70,16,210,115,81,49,192,0,210,117,5,138,22,70,16,210,15,131,9.0,8.0,1.0,0.125,-1,1,14.0,0
1,0,0,0,0,0,0,1,3071427,4194304,4096,5,1,7720960,93696,1024,195584,0,1048576,4096,4096,2,7,0.222,3,3,1,3,3,1,0,1,1,1,1,0,1.0,1,8,1.0,0.0,0,-1,-1,3.87,3.502,4.031,7.906,232,75,1,0,0,83,137,227,83,139,115,8,139,123,16,252,178,128,138,6,70,136,7,71,187,2,0,0,0,0,210,117,5,138,22,70,16,210,115,234,0,210,117,5,138,22,70,16,210,115,81,49,192,0,210,117,5,138,22,70,16,210,15,131,7.0,6.0,1.0,0.167,-1,1,14.0,0
1,0,0,0,0,0,0,1,3036261,4194304,4096,5,1,7856128,99840,1024,400896,0,1048576,4096,4096,2,7,0.222,3,3,1,3,3,1,0,1,1,1,1,0,1.0,1,8,1.0,0.0,0,-1,-1,3.251,3.538,3.926,7.913,232,75,1,0,0,83,137,227,83,139,115,8,139,123,16,252,178,128,138,6,70,136,7,71,187,2,0,0,0,0,210,117,5,138,22,70,16,210,115,234,0,210,117,5,138,22,70,16,210,115,81,49,192,0,210,117,5,138,22,70,16,210,15,131,7.0,6.0,1.0,0.167,-1,1,20.0,0
1,0,0,0,0,0,0,1,3923009,4194304,4096,5,1,9895936,585216,1024,1594368,0,1048576,4096,4096,2,7,0.222,3,3,1,3,3,1,0,1,1,1,1,0,1.0,1,7,1.0,0.0,0,-1,-1,5.186,3.705,4.039,7.914,232,75,1,0,0,83,137,227,83,139,115,8,139,123,16,252,178,128,138,6,70,136,7,71,187,2,0,0,0,0,210,117,5,138,22,70,16,210,115,234,0,210,117,5,138,22,70,16,210,115,81,49,192,0,210,117,5,138,22,70,16,210,15,131,13.0,12.0,2.0,0.167,-1,1,52.0,0
1,0,0,0,0,0,0,1,4165498,4194304,4096,5,1,10522624,763904,1024,1943552,0,1048576,4096,4096,2,7,0.222,3,3,1,3,3,1,0,1,1,1,1,0,1.0,1,7,1.0,0.0,0,-1,-1,5.31,3.653,4.006,7.914,232,75,1,0,0,83,137,227,83,139,115,8,139,123,16,252,178,128,138,6,70,136,7,71,187,2,0,0,0,0,210,117,5,138,22,70,16,210,115,234,0,210,117,5,138,22,70,16,210,115,81,49,192,0,210,117,5,138,22,70,16,210,15,131,18.0,17.0,1.0,0.059,-1,1,52.0,0
1,0,0,0,0,0,0,1,2978706,4194304,4096,5,1,7589888,167424,1024,481280,0,1048576,4096,4096,2,7,0.222,3,3,1,3,3,1,0,1,1,1,1,0,1.0,1,8,1.0,0.0,0,-1,-1,3.834,3.644,3.955,7.913,232,75,1,0,0,83,137,227,83,139,115,8,139,123,16,252,178,128,138,6,70,136,7,71,187,2,0,0,0,0,210,117,5,138,22,70,16,210,115,234,0,210,117,5,138,22,70,16,210,115,81,49,192,0,210,117,5,138,22,70,16,210,15,131,11.0,10.0,1.0,0.1,-1,1,14.0,0
1,0,0,0,0,0,0,1,3201716,4194304,4096,5,1,8089600,116224,1024,558592,0,1048576,4096,4096,2,7,0.222,3,3,1,3,3,1,0,1,1,1,1,0,1.0,1,7,1.0,0.0,0,-1,-1,5.146,3.291,4.01,7.913,232,75,1,0,0,83,137,227,83,139,115,8,139,123,16,252,178,128,138,6,70,136,7,71,187,2,0,0,0,0,210,117,5,138,22,70,16,210,115,234,0,210,117,5,138,22,70,16,210,115,81,49,192,0,210,117,5,138,22,70,16,210,15,131,9.0,8.0,1.0,0.125,-1,1,48.0,0
1,0,0,0,0,0,0,0,3622825,4194304,4096,4,0,9273344,1122304,1536,90112,0,1048576,8192,4096,5,10,0.333,3,5,1,3,5,1,0,1,1,1,1,0,1.0,1,12,1.0,0.0,0,-1,-1,4.808,1.808,3.999,7.914,232,75,1,0,0,83,137,227,83,139,115,8,139,123,16,252,178,128,138,6,70,136,7,71,187,2,0,0,0,0,210,117,5,138,22,70,16,210,115,234,0,210,117,5,138,22,70,16,210,115,81,49,192,0,210,117,5,138,22,70,16,210,15,131,11.0,10.0,1.0,0.1,-1,1,20.0,0
1,0,0,0,0,0,0,1,2903780,4194304,4096,5,1,7442432,66560,1024,65536,0,1048576,4096,4096,2,7,0.222,3,3,1,3,3,1,0,1,1,1,1,0,1.0,1,7,1.01,0.0,0,-1,-1,3.862,3.461,3.948,7.918,232,75,1,0,0,83,137,227,83,139,115,8,139,123,16,252,178,128,138,6,70,136,7,71,187,2,0,0,0,0,210,117,5,138,22,70,16,210,115,234,0,210,117,5,138,22,70,16,210,115,81,49,192,0,210,117,5,138,22,70,16,210,15,131,6.0,5.0,1.0,0.2,-1,1,14.0,0
1,0,0,0,0,0,0,1,2674515,16777216,4096,6,1,7028736,60416,1024,54784,0,262144,8192,4096,2,6,0.25,3,3,1,3,3,1,0,1,1,1,1,0,1.0,1,7,1.0,0.0,0,-1,-1,3.974,3.264,3.88,7.918,232,75,1,0,0,83,137,227,83,139,115,8,139,123,16,252,178,128,138,6,70,136,7,71,187,2,0,0,0,0,210,117,5,138,22,70,16,210,115,234,0,210,117,5,138,22,70,16,210,115,81,49,192,0,210,117,5,138,22,70,16,210,15,131,8.0,7.0,1.0,0.143,-1,1,30.0,0
1,0,0,0,0,0,0,1,2959631,4194304,4096,5,1,7327744,79360,1024,161280,0,1048576,4096,4096,2,7,0.222,3,3,1,3,3,1,0,1,1,1,1,0,1.0,1,7,1.0,0.0,0,-1,-1,6.903,3.47,4.033,7.911,232,75,1,0,0,83,137,227,83,139,115,8,139,123,16,252,178,128,138,6,70,136,7,71,187,2,0,0,0,0,210,117,5,138,22,70,16,210,115,234,0,210,117,5,138,22,70,16,210,115,81,49,192,0,210,117,5,138,22,70,16,210,15,131,6.0,5.0,1.0,0.2,-1,1,50.0,0
1,0,0,0,0,0,0,1,2950462,4194304,4096,5,1,7335936,71680,1024,161792,0,1048576,4096,4096,2,7,0.222,3,3,1,3,3,1,0,1,1,1,1,0,1.0,1,7,1.0,0.0,0,-1,-1,6.903,3.497,4.046,7.915,232,75,1,0,0,83,137,227,83,139,115,8,139,123,16,252,178,128,138,6,70,136,7,71,187,2,0,0,0,0,210,117,5,138,22,70,16,210,115,234,0,210,117,5,138,22,70,16,210,115,81,49,192,0,210,117,5,138,22,70,16,210,15,131,8.0,7.0,1.0,0.143,-1,1,50.0,0
1,0,0,0,0,0,0,1,2823911,4194304,4096,5,1,7176192,65536,1024,65024,0,1048576,4096,4096,2,7,0.222,3,3,1,3,3,1,0,1,1,1,1,0,1.0,1,7,1.025,0.0,0,-1,-1,3.775,3.484,3.987,7.911,232,75,1,0,0,83,137,227,83,139,115,8,139,123,16,252,178,128,138,6,70,136,7,71,187,2,0,0,0,0,210,117,5,138,22,70,16,210,115,234,0,210,117,5,138,22,70,16,210,115,81,49,192,0,210,117,5,138,22,70,16,210,15,131,6.0,5.0,1.0,0.2,-1,1,14.0,0
1,0,0,0,0,0,0,0,3426392,4194304,4096,4,0,8601600,646656,1536,259584,0,1048576,16384,4096,5,9,0.357,3,7,1,3,7,1,0,1,1,1,1,0,1.0,3,11,21.333,0.0,0,-1,-1,5.688,2.499,4.052,7.912,232,75,1,0,0,83,137,227,83,139,115,8,139,123,16,252,178,128,138,6,70,136,7,71,187,2,0,0,0,0,210,117,5,138,22,70,16,210,115,234,0,210,117,5,138,22,70,16,210,115,81,49,192,0,210,117,5,138,22,70,16,210,15,131,10.0,9.0,2.0,0.222,-1,1,64.0,0
1,0,0,0,0,0,0,1,2843481,4194304,4096,5,1,7237632,80384,1024,135680,0,1048576,4096,4096,2,7,0.222,3,3,1,3,3,1,0,1,1,1,1,0,1.0,1,8,1.0,0.0,0,-1,-1,3.851,3.506,3.983,7.912,232,75,1,0,0,83,137,227,83,139,115,8,139,123,16,252,178,128,138,6,70,136,7,71,187,2,0,0,0,0,210,117,5,138,22,70,16,210,115,234,0,210,117,5,138,22,70,16,210,115,81,49,192,0,210,117,5,138,22,70,16,210,15,131,8.0,7.0,1.0,0.143,-1,1,14.0,0
1,0,0,0,0,0,0,1,2744616,4194304,4096,5,1,7151616,92160,1024,99840,0,1048576,4096,4096,2,7,0.222,3,3,1,3,3,1,0,1,1,1,1,0,1.0,1,8,1.0,0.0,0,-1,-1,3.118,3.418,3.923,7.915,232,75,1,0,0,83,137,227,83,139,115,8,139,123,16,252,178,128,138,6,70,136,7,71,187,2,0,0,0,0,210,117,5,138,22,70,16,210,115,234,0,210,117,5,138,22,70,16,210,115,81,49,192,0,210,117,5,138,22,70,16,210,15,131,6.0,5.0,1.0,0.2,-1,1,30.0,0
1,0,0,0,0,0,0,1,2946849,4194304,4096,5,1,7495680,64512,1024,95744,0,1048576,4096,4096,2,7,0.222,3,3,1,3,3,1,0,1,1,1,1,0,1.0,1,8,1.0,0.0,0,-1,-1,3.122,3.483,3.95,7.916,232,75,1,0,0,83,137,227,83,139,115,8,139,123,16,252,178,128,138,6,70,136,7,71,187,2,0,0,0,0,210,117,5,138,22,70,16,210,115,234,0,210,117,5,138,22,70,16,210,115,81,49,192,0,210,117,5,138,22,70,16,210,15,131,7.0,6.0,2.0,0.333,-1,1,30.0,0
1,0,0,0,0,0,0,1,3219501,4194304,4096,5,1,8036352,90112,1024,542720,0,1048576,4096,4096,2,7,0.222,3,3,1,3,3,1,0,1,1,1,1,0,1.0,1,8,1.0,0.0,0,-1,-1,3.806,3.43,4.042,7.912,232,75,1,0,0,83,137,227,83,139,115,8,139,123,16,252,178,128,138,6,70,136,7,71,187,2,0,0,0,0,210,117,5,138,22,70,16,210,115,234,0,210,117,5,138,22,70,16,210,115,81,49,192,0,210,117,5,138,22,70,16,210,15,131,6.0,5.0,1.0,0.2,-1,1,14.0,0
1,0,0,0,0,0,0,1,2993444,4194304,4096,5,1,7716864,113664,1024,302592,0,1048576,4096,4096,2,7,0.222,3,3,1,3,3,1,0,1,1,1,1,0,1.0,1,8,1.0,0.0,0,-1,-1,4.489,3.554,3.974,7.918,232,75,1,0,0,83,137,227,83,139,115,8,139,123,16,252,178,128,138,6,70,136,7,71,187,2,0,0,0,0,210,117,5,138,22,70,16,210,115,234,0,210,117,5,138,22,70,16,210,115,81,49,192,0,210,117,5,138,22,70,16,210,15,131,9.0,8.0,1.0,0.125,-1,1,14.0,0
1,0,0,0,0,0,0,1,2695647,4194304,4096,5,1,7057408,74752,1024,66048,0,1048576,4096,4096,2,7,0.222,3,3,1,3,3,1,0,1,1,1,1,0,1.0,1,8,1.0,0.0,0,-1,-1,3.836,3.47,3.901,7.918,232,75,1,0,0,83,137,227,83,139,115,8,139,123,16,252,178,128,138,6,70,136,7,71,187,2,0,0,0,0,210,117,5,138,22,70,16,210,115,234,0,210,117,5,138,22,70,16,210,115,81,49,192,0,210,117,5,138,22,70,16,210,15,131,6.0,5.0,1.0,0.2,-1,1,14.0,0
1,0,0,0,0,0,0,0,6548206,4194304,4096,5,0,16179200,4730368,1536,2393600,0,1048576,16384,4096,7,11,0.389,4,8,1,4,8,1,0,1,1,1,1,0,1.0,3,14,5.505,0.0,0,-1,-1,5.405,2.709,4.107,7.892,232,75,1,0,0,83,137,227,83,139,115,8,139,123,16,252,178,128,138,6,70,136,7,71,187,2,0,0,0,0,210,117,5,138,22,70,16,210,115,234,0,210,117,5,138,22,70,16,210,115,81,49,192,0,210,117,5,138,22,70,16,210,15,131,15.0,14.0,2.0,0.143,-1,1,44.0,0
1,0,0,0,0,0,0,0,3367522,4194304,4096,4,0,8671232,530432,1536,124416,0,1048576,16384,4096,5,9,0.357,3,7,1,3,7,1,0,1,1,1,1,0,1.0,3,11,13.128,0.0,0,-1,-1,3.834,2.549,3.971,7.916,232,75,1,0,0,83,137,227,83,139,115,8,139,123,16,252,178,128,138,6,70,136,7,71,187,2,0,0,0,0,210,117,5,138,22,70,16,210,115,234,0,210,117,5,138,22,70,16,210,115,81,49,192,0,210,117,5,138,22,70,16,210,15,131,10.0,9.0,2.0,0.222,-1,1,34.0,0
1,0,0,0,0,0,0,1,3401858,4194304,4096,6,0,8577024,822784,1024,321536,0,1048576,4096,4096,4,7,0.364,3,4,1,3,4,1,0,1,1,1,1,0,1.0,1,9,1.0,0.0,0,-1,-1,2.693,3.896,3.948,7.914,232,75,1,0,0,83,137,227,83,139,115,8,139,123,16,252,178,128,138,6,70,136,7,71,187,2,0,0,0,0,210,117,5,138,22,70,16,210,115,234,0,210,117,5,138,22,70,16,210,115,81,49,192,0,210,117,5,138,22,70,16,210,15,131,12.0,11.0,1.0,0.091,-1,1,56.0,0
1,0,0,0,0,0,0,1,2729305,16777216,4096,6,1,7061504,34304,1024,27136,0,262144,8192,4096,2,6,0.25,3,3,1,3,3,1,0,1,1,1,1,0,1.0,1,7,1.0,0.0,0,-1,-1,3.952,3.346,3.93,7.915,232,75,1,0,0,83,137,227,83,139,115,8,139,123,16,252,178,128,138,6,70,136,7,71,187,2,0,0,0,0,210,117,5,138,22,70,16,210,115,234,0,210,117,5,138,22,70,16,210,115,81,49,192,0,210,117,5,138,22,70,16,210,15,131,6.0,5.0,1.0,0.2,-1,1,14.0,0
1,0,0,0,0,0,0,1,2924523,4194304,4096,5,1,7483392,82432,1024,77824,0,1048576,4096,4096,2,7,0.222,3,3,1,3,3,1,0,1,1,1,1,0,1.0,1,8,1.0,0.0,0,-1,-1,3.784,3.597,3.958,7.917,232,75,1,0,0,83,137,227,83,139,115,8,139,123,16,252,178,128,138,6,70,136,7,71,187,2,0,0,0,0,210,117,5,138,22,70,16,210,115,234,0,210,117,5,138,22,70,16,210,115,81,49,192,0,210,117,5,138,22,70,16,210,15,131,6.0,5.0,1.0,0.2,-1,1,14.0,0
1,0,0,0,0,0,0,1,2982347,4194304,4096,5,1,7512064,67584,1024,66048,0,1048576,4096,4096,2,7,0.222,3,3,1,3,3,1,0,1,1,1,1,0,1.0,1,8,1.0,0.0,0,-1,-1,3.782,3.481,3.979,7.912,232,75,1,0,0,83,137,227,83,139,115,8,139,123,16,252,178,128,138,6,70,136,7,71,187,2,0,0,0,0,210,117,5,138,22,70,16,210,115,234,0,210,117,5,138,22,70,16,210,115,81,49,192,0,210,117,5,138,22,70,16,210,15,131,6.0,5.0,1.0,0.2,-1,1,14.0,0
1,0,0,0,0,0,0,1,3838881,4194304,4096,5,0,14868480,248832,1024,6877696,0,1048576,4096,4096,2,7,0.222,3,3,1,3,3,1,0,1,1,1,1,0,1.0,1,7,1.0,0.0,0,-1,-1,4.298,3.219,2.807,7.913,232,75,1,0,0,83,137,227,83,139,115,8,139,123,16,252,178,128,138,6,70,136,7,71,187,2,0,0,0,0,210,117,5,138,22,70,16,210,115,234,0,210,117,5,138,22,70,16,210,115,81,49,192,0,210,117,5,138,22,70,16,210,15,131,14.0,13.0,2.0,0.154,-1,1,46.0,0
1,0,0,0,0,0,0,1,3390510,16777216,4096,6,1,8069120,99328,1024,487424,0,262144,8192,4096,2,6,0.25,3,3,1,3,3,1,0,1,1,1,1,0,1.0,1,6,1.0,0.0,0,-1,-1,7.39,3.503,4.183,7.916,232,75,1,0,0,83,137,227,83,139,115,8,139,123,16,252,178,128,138,6,70,136,7,71,187,2,0,0,0,0,210,117,5,138,22,70,16,210,115,234,0,210,117,5,138,22,70,16,210,115,81,49,192,0,210,117,5,138,22,70,16,210,15,131,12.0,11.0,1.0,0.091,-1,1,62.0,0
1,0,0,0,0,0,0,1,2997241,4194304,4096,5,0,7557120,66048,1024,43008,0,1048576,4096,4096,2,7,0.222,3,3,1,3,3,1,0,1,1,1,1,0,1.0,1,8,1.0,0.0,0,-1,-1,4.064,3.305,4.017,7.914,232,75,1,0,0,83,137,227,83,139,115,8,139,123,16,252,178,128,138,6,70,136,7,71,187,2,0,0,0,0,210,117,5,138,22,70,16,210,115,234,0,210,117,5,138,22,70,16,210,115,81,49,192,0,210,117,5,138,22,70,16,210,15,131,6.0,5.0,1.0,0.2,-1,1,30.0,0
1,0,0,0,0,0,0,1,3024356,4194304,4096,5,1,8220672,92672,1024,799744,0,1048576,4096,4096,2,7,0.222,3,3,1,3,3,1,0,1,1,1,1,0,1.0,1,8,1.0,0.0,0,-1,-1,3.782,3.495,3.789,7.919,232,75,1,0,0,83,137,227,83,139,115,8,139,123,16,252,178,128,138,6,70,136,7,71,187,2,0,0,0,0,210,117,5,138,22,70,16,210,115,234,0,210,117,5,138,22,70,16,210,115,81,49,192,0,210,117,5,138,22,70,16,210,15,131,6.0,5.0,1.0,0.2,-1,1,14.0,0
1,0,0,0,0,0,0,1,4461015,4194304,4096,5,1,9973760,581632,1024,1533440,0,4194304,4096,4096,2,7,0.222,3,3,1,3,3,1,0,1,1,1,1,0,1.0,1,7,1.0,0.0,0,-1,-1,6.359,3.712,4.409,7.919,232,75,1,0,0,83,137,227,83,139,115,8,139,123,16,252,178,128,138,6,70,136,7,71,187,2,0,0,0,0,210,117,5,138,22,70,16,210,115,234,0,210,117,5,138,22,70,16,210,115,81,49,192,0,210,117,5,138,22,70,16,210,15,131,18.0,17.0,1.0,0.059,-1,1,56.0,0
1,0,0,0,0,0,0,1,2982039,1255145472,4096,6,1,7675904,142848,1024,158720,0,1048576,1036288,4096,2,6,0.25,3,3,1,3,3,1,0,1,1,1,1,0,1.0,1,6,1.0,0.0,0,-1,-1,4.029,3.462,3.934,7.919,232,75,1,0,0,83,137,227,83,139,115,8,139,123,16,252,178,128,138,6,70,136,7,71,187,2,0,0,0,0,210,117,5,138,22,70,16,210,115,234,0,210,117,5,138,22,70,16,210,115,81,49,192,0,210,117,5,138,22,70,16,210,15,131,4.0,3.0,1.0,0.333,-1,1,62.0,0
1,0,0,0,0,0,0,1,2973474,4194304,4096,5,1,7532544,65536,1024,65024,0,1048576,4096,4096,2,7,0.222,3,3,1,3,3,1,0,1,1,1,1,0,1.0,1,7,1.026,0.0,0,-1,-1,3.687,3.457,4.006,7.917,232,75,1,0,0,83,137,227,83,139,115,8,139,123,16,252,178,128,138,6,70,136,7,71,187,2,0,0,0,0,210,117,5,138,22,70,16,210,115,234,0,210,117,5,138,22,70,16,210,115,81,49,192,0,210,117,5,138,22,70,16,210,15,131,6.0,5.0,1.0,0.2,-1,1,14.0,0
1,0,0,0,0,0,0,1,3425605,16777216,4096,6,1,8585216,339456,1024,435712,0,262144,8192,4096,2,6,0.25,3,3,1,3,3,1,0,1,1,1,1,0,1.0,1,6,1.0,0.0,0,-1,-1,6.216,3.336,4.037,7.914,232,75,1,0,0,83,137,227,83,139,115,8,139,123,16,252,178,128,138,6,70,136,7,71,187,2,0,0,0,0,210,117,5,138,22,70,16,210,115,234,0,210,117,5,138,22,70,16,210,115,81,49,192,0,210,117,5,138,22,70,16,210,15,131,16.0,15.0,1.0,0.067,-1,1,86.0,0
1,0,0,0,0,0,0,1,4682015,4194304,4096,5,1,11649024,2148864,1024,899072,0,1048576,4096,4096,2,7,0.222,3,3,1,3,3,1,0,1,1,1,1,0,1.0,1,7,1.0,0.0,0,-1,-1,4.939,3.671,4.105,7.911,232,75,1,0,0,83,137,227,83,139,115,8,139,123,16,252,178,128,138,6,70,136,7,71,187,2,0,0,0,0,210,117,5,138,22,70,16,210,115,234,0,210,117,5,138,22,70,16,210,115,81,49,192,0,210,117,5,138,22,70,16,210,15,131,23.0,22.0,1.0,0.045,-1,1,36.0,0
1,0,0,0,0,0,0,1,3299623,4194304,4096,5,1,8376320,352768,1024,291328,0,1048576,4096,4096,2,7,0.222,3,3,1,3,3,1,0,1,1,1,1,0,1.0,1,7,1.0,0.0,0,-1,-1,4.461,3.744,3.982,7.917,232,75,1,0,0,83,137,227,83,139,115,8,139,123,16,252,178,128,138,6,70,136,7,71,187,2,0,0,0,0,210,117,5,138,22,70,16,210,115,234,0,210,117,5,138,22,70,16,210,115,81,49,192,0,210,117,5,138,22,70,16,210,15,131,15.0,14.0,1.0,0.071,-1,1,64.0,0
1,0,0,0,0,0,0,1,3346828,4194304,4096,5,1,8429568,424960,1024,303616,0,1048576,4096,4096,2,7,0.222,3,3,1,3,3,1,0,1,1,1,1,0,1.0,1,7,1.0,0.0,0,-1,-1,4.461,3.858,3.983,7.918,232,75,1,0,0,83,137,227,83,139,115,8,139,123,16,252,178,128,138,6,70,136,7,71,187,2,0,0,0,0,210,117,5,138,22,70,16,210,115,234,0,210,117,5,138,22,70,16,210,115,81,49,192,0,210,117,5,138,22,70,16,210,15,131,15.0,14.0,1.0,0.071,-1,1,64.0,0
1,0,0,0,0,0,0,1,2976757,4194304,4096,5,1,7536640,60928,1024,68608,0,1048576,4096,4096,2,7,0.222,3,3,1,3,3,1,0,1,1,1,1,0,1.0,1,8,1.0,0.0,0,-1,-1,4.094,3.345,4.008,7.915,232,75,1,0,0,83,137,227,83,139,115,8,139,123,16,252,178,128,138,6,70,136,7,71,187,2,0,0,0,0,210,117,5,138,22,70,16,210,115,234,0,210,117,5,138,22,70,16,210,115,81,49,192,0,210,117,5,138,22,70,16,210,15,131,6.0,5.0,1.0,0.2,-1,1,14.0,0
1,0,0,0,0,0,0,1,12980702,4194304,4096,5,1,26857472,10805760,1024,8640000,0,1048576,4096,4096,2,8,0.2,3,3,1,3,3,1,0,1,1,1,1,0,1.0,1,6,1.882,0.0,0,-1,-1,4.636,3.94,4.802,7.917,232,75,1,0,0,83,137,227,83,139,115,8,139,123,16,252,178,128,138,6,70,136,7,71,187,2,0,0,0,0,210,117,5,138,22,70,16,210,115,234,0,210,117,5,138,22,70,16,210,115,81,49,192,0,210,117,5,138,22,70,16,210,15,131,20.0,19.0,1.0,0.053,-1,1,46.0,0
1,0,0,0,0,0,0,1,3766392,4194304,4096,5,1,12070912,301056,1024,4031488,0,1048576,4096,4096,2,7,0.222,3,3,1,3,3,1,0,1,1,1,1,0,1.0,1,7,1.0,0.0,0,-1,-1,5.306,3.564,3.303,7.916,232,75,1,0,0,83,137,227,83,139,115,8,139,123,16,252,178,128,138,6,70,136,7,71,187,2,0,0,0,0,210,117,5,138,22,70,16,210,115,234,0,210,117,5,138,22,70,16,210,115,81,49,192,0,210,117,5,138,22,70,16,210,15,131,13.0,12.0,1.0,0.083,-1,1,52.0,0
1,0,0,0,0,0,0,1,3066372,4194304,4096,5,1,8097792,116224,1024,667136,0,1048576,4096,4096,2,7,0.222,3,3,1,3,3,1,0,1,1,1,1,0,1.0,1,8,1.0,0.0,0,-1,-1,4.436,3.302,3.884,7.919,232,75,1,0,0,83,137,227,83,139,115,8,139,123,16,252,178,128,138,6,70,136,7,71,187,2,0,0,0,0,210,117,5,138,22,70,16,210,115,234,0,210,117,5,138,22,70,16,210,115,81,49,192,0,210,117,5,138,22,70,16,210,15,131,8.0,7.0,1.0,0.143,-1,1,14.0,0
1,0,1,0,1,0,0,1,33437,4194304,8192,4,0,65536,0,512,9728,0,1048576,4096,8192,2,1,0.667,0,3,0,0,3,0,1,0,0,1,1,1,0.875,0,3,0.875,0.125,0,7.954,-1,7.343,2.701,3.578,6.473,233,37,228,255,255,0,0,0,168,76,247,114,30,220,0,0,0,0,0,0,0,0,0,0,62,220,0,0,46,220,0,0,38,220,0,0,0,0,0,0,0,0,0,0,75,220,0,0,54,220,0,0,0,0,0,0,0,0,0,0,0,0,0,0,2.0,1.0,2.0,2.0,-1,1,25.0,0
1,0,1,0,0,0,0,1,49640,4194304,4096,5,0,40960,0,1024,11776,0,1048576,4096,4096,4,1,0.8,0,5,0,0,5,0,1,0,0,1,1,1,0.75,0,5,0.75,0.125,0,7.924,7.518,6.188,3.747,4.166,7.53,233,37,228,255,255,0,0,0,29,14,18,93,30,140,0,0,0,0,0,0,0,0,0,0,62,140,0,0,46,140,0,0,38,140,0,0,0,0,0,0,0,0,0,0,75,140,0,0,54,140,0,0,0,0,0,0,0,0,0,0,0,0,0,0,2.0,1.0,2.0,2.0,-1,1,13.0,0
1,0,1,0,0,0,0,1,102498,4194304,4096,5,1,86016,0,1024,28160,0,1048576,4096,4096,4,1,0.8,0,5,0,0,5,0,1,0,0,1,1,1,0.844,0,5,0.844,0.125,0,7.963,7.814,6.66,3.778,4.304,6.218,233,37,228,255,255,0,0,0,116,69,189,140,30,44,1,0,0,0,0,0,0,0,0,0,62,44,1,0,46,44,1,0,38,44,1,0,0,0,0,0,0,0,0,0,75,44,1,0,54,44,1,0,0,0,0,0,0,0,0,0,0,0,0,0,2.0,1.0,2.0,2.0,-1,1,23.0,0
1,0,1,0,0,0,0,0,72346,4194304,4096,4,0,73728,0,1024,34816,3072,2097152,4096,4096,7,2,0.778,0,9,0,0,9,0,1,0,0,1,1,1,0.792,1,9,0.792,0.0,0,7.94,7.541,7.069,2.632,3.477,7.412,233,37,228,255,255,0,0,0,194,182,254,202,30,12,1,0,0,0,0,0,0,0,0,0,62,12,1,0,46,12,1,0,38,12,1,0,0,0,0,0,0,0,0,0,75,12,1,0,54,12,1,0,0,0,0,0,0,0,0,0,0,0,0,0,2.0,1.0,2.0,2.0,-1,1,51.0,0
1,0,1,0,1,0,0,1,142749,4194304,8192,4,0,221184,0,512,37376,0,1048576,4096,8192,2,1,0.667,0,3,0,0,3,0,1,0,0,1,1,1,0.906,0,3,0.906,0.025,0,7.963,-1,5.743,2.813,5.699,6.869,233,37,228,255,255,0,0,0,27,14,73,202,30,188,2,0,0,0,0,0,0,0,0,0,62,188,2,0,46,188,2,0,38,188,2,0,0,0,0,0,0,0,0,0,75,188,2,0,54,188,2,0,0,0,0,0,0,0,0,0,0,0,0,0,2.0,1.0,2.0,2.0,-1,1,32.0,0
1,0,1,0,0,0,0,1,75057,4194304,4096,6,3,86016,0,1024,23040,0,262144,8192,4096,4,1,0.8,0,5,0,0,5,0,1,0,0,1,1,1,0.792,0,5,0.792,0.042,0,7.961,7.557,7.17,3.789,4.352,7.334,233,37,228,255,255,0,0,0,123,204,38,62,30,60,1,0,0,0,0,0,0,0,0,0,62,60,1,0,46,60,1,0,38,60,1,0,0,0,0,0,0,0,0,0,75,60,1,0,54,60,1,0,0,0,0,0,0,0,0,0,0,0,0,0,2.0,1.0,2.0,2.0,-1,1,13.0,0
1,0,1,0,0,0,0,1,60050,4194304,4096,5,1,32768,0,1024,6144,0,1048576,4096,4096,4,1,0.8,0,5,0,0,5,0,1,0,0,1,1,1,0.792,0,5,0.792,0.125,0,7.892,7.616,7.157,3.68,4.097,7.3,233,37,228,255,255,0,0,0,100,16,215,146,30,108,0,0,0,0,0,0,0,0,0,0,62,108,0,0,46,108,0,0,38,108,0,0,0,0,0,0,0,0,0,0,75,108,0,0,54,108,0,0,0,0,0,0,0,0,0,0,0,0,0,0,2.0,1.0,2.0,2.0,-1,1,13.0,0
1,0,1,0,0,0,0,1,79864,4194304,4096,5,1,53248,0,1024,16384,0,1048576,4096,4096,4,1,0.8,0,5,0,0,5,0,1,0,0,1,1,1,0.844,0,5,0.844,0.188,0,7.941,7.841,7.436,3.802,4.412,7.079,233,37,228,255,255,0,0,0,234,39,73,168,30,172,0,0,0,0,0,0,0,0,0,0,62,172,0,0,46,172,0,0,38,172,0,0,0,0,0,0,0,0,0,0,75,172,0,0,54,172,0,0,0,0,0,0,0,0,0,0,0,0,0,0,2.0,1.0,2.0,2.0,-1,1,23.0,0
1,0,1,0,0,0,0,1,47995,4194304,4096,5,1,53248,0,1024,16384,0,1048576,4096,4096,4,1,0.8,0,5,0,0,5,0,1,0,0,1,1,1,0.844,0,5,0.844,0.188,0,7.929,7.863,7.286,3.814,4.332,7.08,233,37,228,255,255,0,0,0,8,1,36,31,30,172,0,0,0,0,0,0,0,0,0,0,62,172,0,0,46,172,0,0,38,172,0,0,0,0,0,0,0,0,0,0,75,172,0,0,54,172,0,0,0,0,0,0,0,0,0,0,0,0,0,0,2.0,1.0,2.0,2.0,-1,1,23.0,0
1,0,1,0,0,0,0,1,111287,16777216,4096,6,1,126976,0,1024,54784,0,262144,8192,4096,3,1,0.75,0,4,0,0,4,0,1,0,0,1,1,1,0.875,0,4,0.875,0.114,0,7.961,7.929,5.752,3.815,3.779,7.018,233,37,228,255,255,0,0,0,108,239,210,81,30,220,1,0,0,0,0,0,0,0,0,0,62,220,1,0,46,220,1,0,38,220,1,0,0,0,0,0,0,0,0,0,75,220,1,0,54,220,1,0,0,0,0,0,0,0,0,0,0,0,0,0,2.0,1.0,2.0,2.0,-1,1,32.0,0
1,0,1,0,0,0,0,1,193346,16777216,4096,6,1,307200,0,1024,140288,0,262144,69632,4096,3,1,0.75,0,4,0,0,4,0,1,0,0,1,1,1,0.973,0,4,0.973,0.042,0,7.967,7.58,7.659,3.851,4.495,7.29,233,37,228,255,255,0,0,0,109,66,45,200,30,12,3,0,0,0,0,0,0,0,0,0,62,12,3,0,46,12,3,0,38,12,3,0,0,0,0,0,0,0,0,0,75,12,3,0,54,12,3,0,0,0,0,0,0,0,0,0,0,0,0,0,2.0,1.0,2.0,2.0,-1,1,71.0,0
1,0,1,0,0,0,0,1,126570,16777216,4096,6,1,368640,0,1024,116736,0,262144,8192,4096,3,1,0.75,0,4,0,0,4,0,1,0,0,1,1,1,0.792,0,4,0.792,0.25,0,7.966,7.963,6.873,4.014,3.38,7.341,233,37,228,255,255,0,0,0,183,173,173,199,30,140,5,0,0,0,0,0,0,0,0,0,62,140,5,0,46,140,5,0,38,140,5,0,0,0,0,0,0,0,0,0,75,140,5,0,54,140,5,0,0,0,0,0,0,0,0,0,0,0,0,0,2.0,1.0,2.0,2.0,-1,1,19.0,0
1,0,1,0,0,0,0,1,78014,16777216,4096,6,1,73728,0,1024,13824,0,262144,8192,4096,3,1,0.75,0,4,0,0,4,0,1,0,0,1,1,1,0.792,0,4,0.792,0.062,0,7.965,7.596,6.862,3.817,4.829,7.329,233,37,228,255,255,0,0,0,221,70,244,171,30,12,1,0,0,0,0,0,0,0,0,0,62,12,1,0,46,12,1,0,38,12,1,0,0,0,0,0,0,0,0,0,75,12,1,0,54,12,1,0,0,0,0,0,0,0,0,0,0,0,0,0,2.0,1.0,2.0,2.0,-1,1,19.0,0
1,0,1,0,0,0,0,1,73502,16777216,4096,6,1,90112,0,1024,31744,0,262144,8192,4096,3,1,0.75,0,4,0,0,4,0,1,0,0,1,1,1,0.792,0,4,0.792,0.036,0,7.96,7.804,7.269,3.866,3.561,7.338,233,37,228,255,255,0,0,0,128,24,133,135,30,76,1,0,0,0,0,0,0,0,0,0,62,76,1,0,46,76,1,0,38,76,1,0,0,0,0,0,0,0,0,0,75,76,1,0,54,76,1,0,0,0,0,0,0,0,0,0,0,0,0,0,2.0,1.0,2.0,2.0,-1,1,13.0,0
1,0,1,0,0,0,0,1,40380,25165824,4096,6,1,118784,0,1024,61440,0,1048576,524288,4096,3,1,0.75,0,4,0,0,4,0,1,0,0,1,1,1,0.833,0,4,0.833,0.009,0,7.959,7.531,6.87,4.012,2.934,7.343,233,37,228,255,255,0,0,0,239,95,126,244,30,188,1,0,0,0,0,0,0,0,0,0,62,188,1,0,46,188,1,0,38,188,1,0,0,0,0,0,0,0,0,0,75,188,1,0,54,188,1,0,0,0,0,0,0,0,0,0,0,0,0,0,2.0,1.0,2.0,2.0,-1,1,19.0,0
1,0,1,0,0,0,0,1,86361,16777216,4096,6,1,61440,0,1024,20480,0,262144,8192,4096,3,1,0.75,0,4,0,0,4,0,1,0,0,1,1,1,1.0,0,3,1.0,0.1,0,7.905,7.581,6.348,3.792,3.763,6.193,233,37,228,255,255,0,0,0,255,2,37,232,30,172,0,0,0,0,0,0,0,0,0,0,62,172,0,0,46,172,0,0,38,172,0,0,0,0,0,0,0,0,0,0,75,172,0,0,54,172,0,0,0,0,0,0,0,0,0,0,0,0,0,0,2.0,1.0,2.0,2.0,-1,1,53.0,0
1,0,1,0,0,0,0,1,22100,16777216,4096,6,1,45056,0,1024,6656,0,262144,8192,4096,3,1,0.75,0,4,0,0,4,0,1,0,0,1,1,1,0.792,0,4,0.792,0.125,0,7.947,7.568,6.886,3.78,4.447,7.327,233,37,228,255,255,0,0,0,56,7,253,170,30,156,0,0,0,0,0,0,0,0,0,0,62,156,0,0,46,156,0,0,38,156,0,0,0,0,0,0,0,0,0,0,75,156,0,0,54,156,0,0,0,0,0,0,0,0,0,0,0,0,0,0,2.0,1.0,2.0,2.0,-1,1,19.0,0
1,0,1,0,0,0,0,1,39567,16777216,4096,6,1,53248,0,1024,13824,0,262144,8192,4096,3,1,0.75,0,4,0,0,4,0,1,0,0,1,1,1,0.792,0,4,0.792,0.042,0,7.947,7.56,6.866,3.809,4.039,7.319,233,37,228,255,255,0,0,0,1,18,253,33,30,188,0,0,0,0,0,0,0,0,0,0,62,188,0,0,46,188,0,0,38,188,0,0,0,0,0,0,0,0,0,0,75,188,0,0,54,188,0,0,0,0,0,0,0,0,0,0,0,0,0,0,2.0,1.0,2.0,2.0,-1,1,19.0,0
1,0,1,0,0,0,0,1,56432,16777216,4096,6,1,45056,0,1024,6144,0,262144,8192,4096,3,1,0.75,0,4,0,0,4,0,1,0,0,1,1,1,0.792,0,4,0.792,0.125,0,7.947,7.461,6.867,3.787,4.44,7.327,233,37,228,255,255,0,0,0,140,81,224,231,30,156,0,0,0,0,0,0,0,0,0,0,62,156,0,0,46,156,0,0,38,156,0,0,0,0,0,0,0,0,0,0,75,156,0,0,54,156,0,0,0,0,0,0,0,0,0,0,0,0,0,0,2.0,1.0,2.0,2.0,-1,1,19.0,0
1,0,1,0,0,0,0,1,127997,16777216,4096,6,1,176128,0,1024,63488,0,524288,65536,4096,3,1,0.75,0,4,0,0,4,0,1,0,0,1,1,1,0.792,0,4,0.792,0.071,0,7.966,7.936,7.237,3.899,3.895,7.324,233,37,228,255,255,0,0,0,173,201,212,12,30,156,2,0,0,0,0,0,0,0,0,0,62,156,2,0,46,156,2,0,38,156,2,0,0,0,0,0,0,0,0,0,75,156,2,0,54,156,2,0,0,0,0,0,0,0,0,0,0,0,0,0,2.0,1.0,2.0,2.0,-1,1,13.0,0
1,0,1,0,0,0,0,1,49868,16777216,4096,6,1,106496,0,1024,55808,0,524288,65536,4096,3,1,0.75,0,4,0,0,4,0,1,0,0,1,1,1,0.792,0,4,0.792,0.048,0,7.957,7.895,7.235,3.766,3.179,7.318,233,37,228,255,255,0,0,0,96,169,88,159,30,140,1,0,0,0,0,0,0,0,0,0,62,140,1,0,46,140,1,0,38,140,1,0,0,0,0,0,0,0,0,0,75,140,1,0,54,140,1,0,0,0,0,0,0,0,0,0,0,0,0,0,2.0,1.0,2.0,2.0,-1,1,13.0,0
1,0,1,0,0,0,0,1,54117,16777216,4096,6,1,77824,0,1024,48640,0,262144,8192,4096,3,1,0.75,0,4,0,0,4,0,1,0,0,1,1,1,0.792,0,4,0.792,0.011,0,7.944,7.547,6.824,3.756,2.44,7.33,233,37,228,255,255,0,0,0,226,12,164,149,30,28,1,0,0,0,0,0,0,0,0,0,62,28,1,0,46,28,1,0,38,28,1,0,0,0,0,0,0,0,0,0,75,28,1,0,54,28,1,0,0,0,0,0,0,0,0,0,0,0,0,0,2.0,1.0,2.0,2.0,-1,1,19.0,0
1,0,1,0,0,0,0,1,93859,16777216,4096,6,1,122880,0,1024,19968,0,262144,8192,4096,3,1,0.75,0,4,0,0,4,0,1,0,0,1,1,1,0.792,0,4,0.792,0.125,0,7.966,7.825,6.935,3.846,4.445,7.329,233,37,228,255,255,0,0,0,41,133,42,46,30,204,1,0,0,0,0,0,0,0,0,0,62,204,1,0,46,204,1,0,38,204,1,0,0,0,0,0,0,0,0,0,75,204,1,0,54,204,1,0,0,0,0,0,0,0,0,0,0,0,0,0,2.0,1.0,2.0,2.0,-1,1,7.0,0
1,0,1,0,0,0,0,1,47326,16777216,4096,6,1,86016,0,1024,10240,0,262144,8192,4096,3,1,0.75,0,4,0,0,4,0,1,0,0,1,1,1,0.792,0,4,0.792,0.125,0,7.961,7.524,7.25,3.816,4.209,7.333,233,37,228,255,255,0,0,0,147,119,141,239,30,60,1,0,0,0,0,0,0,0,0,0,62,60,1,0,46,60,1,0,38,60,1,0,0,0,0,0,0,0,0,0,75,60,1,0,54,60,1,0,0,0,0,0,0,0,0,0,0,0,0,0,2.0,1.0,2.0,2.0,-1,1,13.0,0
1,0,1,0,0,0,0,1,64519,4194304,4096,6,1,167936,0,1024,41984,0,262144,8192,4096,3,1,0.75,0,4,0,0,4,0,1,0,0,1,1,1,0.792,0,4,0.792,0.016,0,7.963,7.663,6.901,4.004,3.65,7.372,233,37,228,255,255,0,0,0,19,84,120,164,30,124,2,0,0,0,0,0,0,0,0,0,62,124,2,0,46,124,2,0,38,124,2,0,0,0,0,0,0,0,0,0,75,124,2,0,54,124,2,0,0,0,0,0,0,0,0,0,0,0,0,0,2.0,1.0,2.0,2.0,-1,1,19.0,0
1,0,0,0,0,0,0,1,666777,16777216,4096,6,1,1392640,0,1024,402432,0,262144,81200,4096,3,1,0.75,0,4,0,0,4,0,1,0,0,1,1,1,0.949,0,4,0.949,0.167,0,7.967,7.944,5.978,4.192,4.141,6.917,233,37,228,255,255,0,0,0,238,60,249,243,30,76,20,0,0,0,0,0,0,0,0,0,62,76,20,0,46,76,20,0,38,76,20,0,0,0,0,0,0,0,0,0,75,76,20,0,54,76,20,0,0,0,0,0,0,0,0,0,0,0,0,0,2.0,1.0,2.0,2.0,-1,1,182.0,0
1,0,1,0,1,0,0,1,58750,4194304,8192,4,0,90112,0,4096,16384,0,1048576,4096,8192,2,1,0.667,0,3,0,0,3,0,1,0,0,1,1,1,0.75,0,3,0.75,0.062,0,7.953,-1,5.789,2.775,3.632,6.32,233,37,228,255,255,0,0,0,81,71,116,128,30,28,1,0,0,0,0,0,0,0,0,0,62,28,1,0,46,28,1,0,38,28,1,0,0,0,0,0,0,0,0,0,75,28,1,0,54,28,1,0,0,0,0,0,0,0,0,0,0,0,0,0,2.0,1.0,2.0,2.0,-1,1,32.0,0
1,0,1,0,1,0,0,1,57506,4194304,8192,4,0,65536,0,512,6144,0,1048576,4096,8192,2,1,0.667,0,3,0,0,3,0,1,0,0,1,1,1,0.625,0,3,0.625,0.25,0,7.954,-1,7.397,2.705,3.84,7.272,233,37,228,255,255,0,0,0,214,24,226,237,30,220,0,0,0,0,0,0,0,0,0,0,62,220,0,0,46,220,0,0,38,220,0,0,0,0,0,0,0,0,0,0,75,220,0,0,54,220,0,0,0,0,0,0,0,0,0,0,0,0,0,0,2.0,1.0,2.0,2.0,-1,1,22.0,0
1,0,1,0,0,0,0,1,98522,4194304,4096,6,3,98304,0,1024,24576,0,262144,8192,4096,4,1,0.8,0,5,0,0,5,0,1,0,0,1,1,1,0.792,0,5,0.792,0.042,0,7.962,7.582,7.217,3.765,4.213,7.338,233,37,228,255,255,0,0,0,12,173,94,38,30,108,1,0,0,0,0,0,0,0,0,0,62,108,1,0,46,108,1,0,38,108,1,0,0,0,0,0,0,0,0,0,75,108,1,0,54,108,1,0,0,0,0,0,0,0,0,0,0,0,0,0,2.0,1.0,2.0,2.0,-1,1,13.0,0
1,0,1,0,1,0,0,1,27845,4194304,8192,4,0,65536,0,512,2560,0,1048576,4096,8192,2,1,0.667,0,3,0,0,3,0,1,0,0,1,1,1,0.594,0,3,0.594,0.062,0,7.959,-1,6.037,2.706,3.588,7.308,233,37,228,255,255,0,0,0,94,250,213,103,30,220,0,0,0,0,0,0,0,0,0,0,62,220,0,0,46,220,0,0,38,220,0,0,0,0,0,0,0,0,0,0,75,220,0,0,54,220,0,0,0,0,0,0,0,0,0,0,0,0,0,0,2.0,1.0,2.0,2.0,-1,1,13.0,0
1,0,1,0,0,0,0,1,48077,16777216,4096,6,1,81920,0,1024,27136,0,262144,8192,4096,3,1,0.75,0,4,0,0,4,0,1,0,0,1,1,1,0.792,0,4,0.792,0.021,0,7.957,7.554,6.854,3.813,3.617,7.318,233,37,228,255,255,0,0,0,49,60,175,244,30,44,1,0,0,0,0,0,0,0,0,0,62,44,1,0,46,44,1,0,38,44,1,0,0,0,0,0,0,0,0,0,75,44,1,0,54,44,1,0,0,0,0,0,0,0,0,0,0,0,0,0,2.0,1.0,2.0,2.0,-1,1,19.0,0
1,0,1,0,0,0,0,1,194138,16777216,4096,6,1,290816,0,1024,179712,0,262144,8192,4096,3,1,0.75,0,4,0,0,4,0,1,0,0,1,1,1,0.961,0,4,0.961,0.125,0,7.957,7.529,7.775,3.84,3.963,4.981,233,37,228,255,255,0,0,0,53,140,185,160,30,140,3,0,0,0,0,0,0,0,0,0,62,140,3,0,46,140,3,0,38,140,3,0,0,0,0,0,0,0,0,0,75,140,3,0,54,140,3,0,0,0,0,0,0,0,0,0,0,0,0,0,2.0,1.0,2.0,2.0,-1,1,135.0,0
1,0,1,0,0,0,0,1,47034,16777216,4096,6,1,36864,0,1024,3584,0,262144,8192,4096,3,1,0.75,0,4,0,0,4,0,1,0,0,1,1,1,0.792,0,4,0.792,0.125,0,7.937,7.584,6.83,3.778,4.195,7.31,233,37,228,255,255,0,0,0,46,119,46,172,30,124,0,0,0,0,0,0,0,0,0,0,62,124,0,0,46,124,0,0,38,124,0,0,0,0,0,0,0,0,0,0,75,124,0,0,54,124,0,0,0,0,0,0,0,0,0,0,0,0,0,0,2.0,1.0,2.0,2.0,-1,1,19.0,0
1,0,1,0,0,0,0,1,60794,4194304,4096,5,1,90112,0,1024,24064,0,1048576,4096,4096,4,1,0.8,0,5,0,0,5,0,1,0,0,1,1,1,0.75,0,5,0.75,0.083,0,7.96,7.746,6.244,3.58,4.279,7.532,233,37,228,255,255,0,0,0,66,210,211,184,30,76,1,0,0,0,0,0,0,0,0,0,62,76,1,0,46,76,1,0,38,76,1,0,0,0,0,0,0,0,0,0,75,76,1,0,54,76,1,0,0,0,0,0,0,0,0,0,0,0,0,0,2.0,1.0,2.0,2.0,-1,1,13.0,0
1,0,1,0,0,0,0,1,61655,4194304,4096,6,3,49152,0,1024,9216,0,262144,8192,4096,4,1,0.8,0,5,0,0,5,0,1,0,0,1,1,1,0.792,0,5,0.792,0.125,0,7.956,7.605,7.239,3.673,4.136,7.321,233,37,228,255,255,0,0,0,32,197,203,13,30,172,0,0,0,0,0,0,0,0,0,0,62,172,0,0,46,172,0,0,38,172,0,0,0,0,0,0,0,0,0,0,75,172,0,0,54,172,0,0,0,0,0,0,0,0,0,0,0,0,0,0,2.0,1.0,2.0,2.0,-1,1,13.0,0
1,0,1,0,0,0,0,1,38782,16777216,4096,6,1,73728,0,1024,18944,0,262144,8192,4096,3,1,0.75,0,4,0,0,4,0,1,0,0,1,1,1,0.792,0,4,0.792,0.125,0,7.959,7.771,7.306,4.021,4.635,7.316,233,37,228,255,255,0,0,0,136,189,122,106,30,12,1,0,0,0,0,0,0,0,0,0,62,12,1,0,46,12,1,0,38,12,1,0,0,0,0,0,0,0,0,0,75,12,1,0,54,12,1,0,0,0,0,0,0,0,0,0,0,0,0,0,2.0,1.0,2.0,2.0,-1,1,33.0,0
1,0,1,0,0,0,0,1,40385,16777216,4096,6,1,57344,0,1024,6144,0,262144,8192,4096,3,1,0.75,0,4,0,0,4,0,1,0,0,1,1,1,0.792,0,4,0.792,0.125,0,7.96,7.57,6.886,3.791,4.651,7.331,233,37,228,255,255,0,0,0,9,72,13,69,30,204,0,0,0,0,0,0,0,0,0,0,62,204,0,0,46,204,0,0,38,204,0,0,0,0,0,0,0,0,0,0,75,204,0,0,54,204,0,0,0,0,0,0,0,0,0,0,0,0,0,0,2.0,1.0,2.0,2.0,-1,1,19.0,0
1,0,1,0,0,0,0,1,123003,16777216,4096,6,1,163840,0,1024,72192,0,262144,8192,4096,3,1,0.75,0,4,0,0,4,0,1,0,0,1,1,1,0.98,0,4,0.98,0.028,0,7.895,7.606,6.233,3.828,4.309,7.23,233,37,228,255,255,0,0,0,206,191,177,169,30,108,1,0,0,0,0,0,0,0,0,0,62,108,1,0,46,108,1,0,38,108,1,0,0,0,0,0,0,0,0,0,75,108,1,0,54,108,1,0,0,0,0,0,0,0,0,0,0,0,0,0,2.0,1.0,2.0,2.0,-1,1,56.0,0
1,0,1,0,1,0,0,0,70352,4194304,4096,4,0,114688,0,1024,22016,36352,2097152,4096,4096,6,1,0.857,0,7,0,0,7,0,1,0,0,1,1,1,0.958,1,7,0.958,0.0,0,7.953,7.562,4.958,2.614,2.72,5.634,233,37,228,255,255,0,0,0,164,180,145,14,30,124,1,0,0,0,0,0,0,0,0,0,62,124,1,0,46,124,1,0,38,124,1,0,0,0,0,0,0,0,0,0,75,124,1,0,54,124,1,0,0,0,0,0,0,0,0,0,0,0,0,0,2.0,1.0,2.0,2.0,-1,1,80.0,0
1,0,1,0,1,0,0,0,63195,4194304,4096,4,0,114688,0,1024,22016,36352,2097152,4096,4096,6,1,0.857,0,7,0,0,7,0,1,0,0,1,1,1,0.958,1,7,0.958,0.0,0,7.953,7.562,4.872,2.592,2.719,5.634,233,37,228,255,255,0,0,0,63,72,146,215,30,124,1,0,0,0,0,0,0,0,0,0,62,124,1,0,46,124,1,0,38,124,1,0,0,0,0,0,0,0,0,0,75,124,1,0,54,124,1,0,0,0,0,0,0,0,0,0,0,0,0,0,2.0,1.0,2.0,2.0,-1,1,80.0,0
1,0,1,0,1,0,0,0,61240,4194304,4096,4,0,114688,0,1024,22016,36352,2097152,4096,4096,6,1,0.857,0,7,0,0,7,0,1,0,0,1,1,1,0.958,1,7,0.958,0.0,0,7.953,7.562,4.881,2.592,2.719,5.634,233,37,228,255,255,0,0,0,2,169,98,246,30,124,1,0,0,0,0,0,0,0,0,0,62,124,1,0,46,124,1,0,38,124,1,0,0,0,0,0,0,0,0,0,75,124,1,0,54,124,1,0,0,0,0,0,0,0,0,0,0,0,0,0,2.0,1.0,2.0,2.0,-1,1,80.0,0
1,0,1,0,1,0,0,0,56690,4194304,4096,4,0,114688,0,1024,22016,36352,2097152,4096,4096,6,1,0.857,0,7,0,0,7,0,1,0,0,1,1,1,0.958,1,7,0.958,0.0,0,7.953,7.562,4.966,2.604,2.721,5.634,233,37,228,255,255,0,0,0,199,132,44,56,30,124,1,0,0,0,0,0,0,0,0,0,62,124,1,0,46,124,1,0,38,124,1,0,0,0,0,0,0,0,0,0,75,124,1,0,54,124,1,0,0,0,0,0,0,0,0,0,0,0,0,0,2.0,1.0,2.0,2.0,-1,1,80.0,0
1,0,1,0,1,0,0,0,79770,4194304,4096,4,0,114688,0,1024,22016,36352,2097152,4096,4096,6,1,0.857,0,7,0,0,7,0,1,0,0,1,1,1,0.958,1,7,0.958,0.0,0,7.953,7.562,4.872,2.602,2.719,5.634,233,37,228,255,255,0,0,0,208,111,214,246,30,124,1,0,0,0,0,0,0,0,0,0,62,124,1,0,46,124,1,0,38,124,1,0,0,0,0,0,0,0,0,0,75,124,1,0,54,124,1,0,0,0,0,0,0,0,0,0,0,0,0,0,2.0,1.0,2.0,2.0,-1,1,80.0,0
1,0,1,0,1,0,0,0,59954,4194304,4096,4,0,114688,0,1024,22016,36352,2097152,4096,4096,6,1,0.857,0,7,0,0,7,0,1,0,0,1,1,1,0.958,1,7,0.958,0.0,0,7.953,7.562,4.966,2.607,2.721,5.634,233,37,228,255,255,0,0,0,166,14,204,187,30,124,1,0,0,0,0,0,0,0,0,0,62,124,1,0,46,124,1,0,38,124,1,0,0,0,0,0,0,0,0,0,75,124,1,0,54,124,1,0,0,0,0,0,0,0,0,0,0,0,0,0,2.0,1.0,2.0,2.0,-1,1,80.0,0
1,0,1,0,1,0,0,0,50365,4194304,4096,4,0,114688,0,1024,22016,36352,2097152,4096,4096,6,1,0.857,0,7,0,0,7,0,1,0,0,1,1,1,0.958,1,7,0.958,0.0,0,7.953,7.562,4.801,2.575,2.717,5.634,233,37,228,255,255,0,0,0,191,126,77,105,30,124,1,0,0,0,0,0,0,0,0,0,62,124,1,0,46,124,1,0,38,124,1,0,0,0,0,0,0,0,0,0,75,124,1,0,54,124,1,0,0,0,0,0,0,0,0,0,0,0,0,0,2.0,1.0,2.0,2.0,-1,1,80.0,0
1,0,1,0,1,0,0,1,87028,4194304,8192,4,0,90112,0,512,27648,0,1048576,4096,8192,2,1,0.667,0,3,0,0,3,0,1,0,0,1,1,1,0.837,0,3,0.837,0.047,0,7.924,-1,5.796,2.733,3.646,6.401,233,37,228,255,255,0,0,0,223,43,164,94,30,220,0,0,0,0,0,0,0,0,0,0,62,220,0,0,46,220,0,0,38,220,0,0,0,0,0,0,0,0,0,0,75,220,0,0,54,220,0,0,0,0,0,0,0,0,0,0,0,0,0,0,2.0,1.0,2.0,2.0,-1,1,47.0,0
1,0,1,0,0,0,0,1,154983,4194304,4096,6,0,323584,0,1024,34304,0,262144,8192,4096,3,1,0.75,0,4,0,0,4,0,1,0,0,1,1,1,0.958,0,4,0.958,0.062,0,7.968,7.933,4.626,3.85,3.805,6.929,233,37,228,255,255,0,0,0,135,35,230,171,30,220,4,0,0,0,0,0,0,0,0,0,62,220,4,0,46,220,4,0,38,220,4,0,0,0,0,0,0,0,0,0,75,220,4,0,54,220,4,0,0,0,0,0,0,0,0,0,0,0,0,0,2.0,1.0,2.0,2.0,-1,1,23.0,0
1,0,1,0,0,0,0,1,422413,16777216,4096,6,1,724992,0,1024,487424,0,262144,8192,4096,3,1,0.75,0,4,0,0,4,0,1,0,0,1,1,1,0.992,0,4,0.992,0.188,0,7.967,7.848,7.813,3.961,5.035,7.432,233,37,228,255,255,0,0,0,163,26,30,2,30,28,9,0,0,0,0,0,0,0,0,0,62,28,9,0,46,28,9,0,38,28,9,0,0,0,0,0,0,0,0,0,75,28,9,0,54,28,9,0,0,0,0,0,0,0,0,0,0,0,0,0,2.0,1.0,2.0,2.0,-1,1,204.0,0
1,0,1,0,0,0,0,1,189292,16777216,4096,6,1,315392,0,1024,133120,0,262144,8192,4096,3,1,0.75,0,4,0,0,4,0,1,0,0,1,1,1,0.992,0,4,0.992,0.008,0,7.964,7.58,3.96,3.917,4.552,7.43,233,37,228,255,255,0,0,0,112,5,186,197,30,220,2,0,0,0,0,0,0,0,0,0,62,220,2,0,46,220,2,0,38,220,2,0,0,0,0,0,0,0,0,0,75,220,2,0,54,220,2,0,0,0,0,0,0,0,0,0,0,0,0,0,2.0,1.0,2.0,2.0,-1,1,50.0,0
1,0,1,0,1,0,0,1,40450,4194304,8192,4,0,65536,0,512,6144,0,1048576,4096,8192,2,1,0.667,0,3,0,0,3,0,1,0,0,1,1,1,0.656,0,3,0.656,0.25,0,7.956,-1,7.38,2.693,4.348,7.232,233,37,228,255,255,0,0,0,49,43,154,57,30,220,0,0,0,0,0,0,0,0,0,0,62,220,0,0,46,220,0,0,38,220,0,0,0,0,0,0,0,0,0,0,75,220,0,0,54,220,0,0,0,0,0,0,0,0,0,0,0,0,0,0,2.0,1.0,2.0,2.0,-1,1,22.0,0
1,0,1,0,0,0,0,1,65402,16777216,4096,6,1,65536,0,1024,13312,0,262144,8192,4096,3,1,0.75,0,4,0,0,4,0,1,0,0,1,1,1,0.792,0,4,0.792,0.125,0,7.959,7.752,6.824,3.798,4.73,7.322,233,37,228,255,255,0,0,0,48,18,178,27,30,236,0,0,0,0,0,0,0,0,0,0,62,236,0,0,46,236,0,0,38,236,0,0,0,0,0,0,0,0,0,0,75,236,0,0,54,236,0,0,0,0,0,0,0,0,0,0,0,0,0,0,2.0,1.0,2.0,2.0,-1,1,19.0,0
1,0,1,0,0,0,0,1,128705,16777216,4096,6,1,233472,0,1024,102912,0,262144,8192,4096,3,1,0.75,0,4,0,0,4,0,1,0,0,1,1,1,0.968,0,4,0.968,0.02,0,7.934,7.606,5.724,3.832,3.987,6.732,233,37,228,255,255,0,0,0,178,57,190,229,30,252,1,0,0,0,0,0,0,0,0,0,62,252,1,0,46,252,1,0,38,252,1,0,0,0,0,0,0,0,0,0,75,252,1,0,54,252,1,0,0,0,0,0,0,0,0,0,0,0,0,0,2.0,1.0,2.0,2.0,-1,1,68.0,0
1,0,0,0,0,0,0,1,1399357,4194304,4096,5,1,2306048,0,1024,1533440,0,4194304,4096,4096,4,1,0.8,0,5,0,0,5,0,1,0,0,1,1,1,0.99,0,5,0.99,0.056,0,7.969,7.893,7.757,4.25,5.274,6.427,233,37,228,255,255,0,0,0,42,14,213,214,30,76,32,0,0,0,0,0,0,0,0,0,62,76,32,0,46,76,32,0,38,76,32,0,0,0,0,0,0,0,0,0,75,76,32,0,54,76,32,0,0,0,0,0,0,0,0,0,0,0,0,0,2.0,1.0,2.0,2.0,-1,1,1109.0,0
1,0,1,0,0,0,0,1,136654,1255145472,4096,6,1,344064,0,1024,158720,0,1048576,1036288,4096,3,1,0.75,0,4,0,0,4,0,1,0,0,1,1,1,0.988,0,4,0.988,0.017,0,7.969,7.903,5.315,3.982,3.312,4.908,233,37,228,255,255,0,0,0,138,238,13,49,30,188,4,0,0,0,0,0,0,0,0,0,62,188,4,0,46,188,4,0,38,188,4,0,0,0,0,0,0,0,0,0,75,188,4,0,54,188,4,0,0,0,0,0,0,0,0,0,0,0,0,0,2.0,1.0,2.0,2.0,-1,1,56.0,0
1,0,1,0,0,0,0,1,37635,16777216,4096,6,1,36864,0,1024,3584,0,262144,8192,4096,3,1,0.75,0,4,0,0,4,0,1,0,0,1,1,1,0.792,0,4,0.792,0.125,0,7.93,7.606,6.932,3.709,3.978,7.334,233,37,228,255,255,0,0,0,198,81,133,27,30,124,0,0,0,0,0,0,0,0,0,0,62,124,0,0,46,124,0,0,38,124,0,0,0,0,0,0,0,0,0,0,75,124,0,0,54,124,0,0,0,0,0,0,0,0,0,0,0,0,0,0,2.0,1.0,2.0,2.0,-1,1,7.0,0
1,0,1,0,0,0,0,1,56017,16777216,4096,6,1,49152,0,1024,5120,0,262144,8192,4096,3,1,0.75,0,4,0,0,4,0,1,0,0,1,1,1,0.792,0,4,0.792,0.125,0,7.957,7.541,6.887,3.78,4.742,7.313,233,37,228,255,255,0,0,0,247,215,18,30,30,172,0,0,0,0,0,0,0,0,0,0,62,172,0,0,46,172,0,0,38,172,0,0,0,0,0,0,0,0,0,0,75,172,0,0,54,172,0,0,0,0,0,0,0,0,0,0,0,0,0,0,2.0,1.0,2.0,2.0,-1,1,19.0,0
1,0,1,0,0,0,0,1,57925,16777216,4096,6,1,36864,0,1024,4608,0,262144,8192,4096,3,1,0.75,0,4,0,0,4,0,1,0,0,1,1,1,0.792,0,4,0.792,0.125,0,7.938,7.606,6.846,3.816,4.316,7.316,233,37,228,255,255,0,0,0,251,148,43,126,30,124,0,0,0,0,0,0,0,0,0,0,62,124,0,0,46,124,0,0,38,124,0,0,0,0,0,0,0,0,0,0,75,124,0,0,54,124,0,0,0,0,0,0,0,0,0,0,0,0,0,0,2.0,1.0,2.0,2.0,-1,1,19.0,0
1,0,1,0,0,0,0,1,29428,16777216,4096,6,1,36864,0,1024,4096,0,262144,8192,4096,3,1,0.75,0,4,0,0,4,0,1,0,0,1,1,1,0.792,0,4,0.792,0.125,0,7.93,7.57,6.88,3.769,4.308,7.308,233,37,228,255,255,0,0,0,6,245,53,128,30,124,0,0,0,0,0,0,0,0,0,0,62,124,0,0,46,124,0,0,38,124,0,0,0,0,0,0,0,0,0,0,75,124,0,0,54,124,0,0,0,0,0,0,0,0,0,0,0,0,0,0,2.0,1.0,2.0,2.0,-1,1,19.0,0
1,0,1,0,0,0,0,1,374893,16777216,4096,6,1,864256,0,1024,435712,0,262144,8192,4096,3,1,0.75,0,4,0,0,4,0,1,0,0,1,1,1,0.978,0,4,0.978,0.1,0,7.967,7.875,7.724,3.7,4.01,6.382,233,37,228,255,255,0,0,0,54,252,210,2,30,220,11,0,0,0,0,0,0,0,0,0,62,220,11,0,46,220,11,0,38,220,11,0,0,0,0,0,0,0,0,0,75,220,11,0,54,220,11,0,0,0,0,0,0,0,0,0,0,0,0,0,2.0,1.0,2.0,2.0,-1,1,313.0,0
1,0,1,0,0,0,0,1,10159052,4194304,4096,5,1,19476480,0,4096,8640000,0,1048576,4096,4096,5,2,0.714,0,7,0,0,7,0,1,0,0,1,1,1,0.708,0,7,0.998,0.001,0,7.904,7.967,7.732,4.081,5.06,7.594,233,37,228,255,255,0,0,0,120,94,80,44,30,28,41,1,0,0,0,0,0,0,0,0,62,28,41,1,46,28,41,1,38,28,41,1,0,0,0,0,0,0,0,0,75,28,41,1,54,28,41,1,0,0,0,0,0,0,0,0,0,0,0,0,2.0,1.0,2.0,2.0,-1,1,56.0,0
1,0,1,0,0,0,0,1,0,4194304,4096,5,1,155648,53760,1024,2108,0,1048576,4096,4096,1,3,0.25,1,0,0,1,0,0,0,1,1,1,1,0,0.398,1,3,1.0,0.0,0,-1,-1,3.746,4.114,3.79,7.948,184,0,80,66,0,96,141,168,0,176,253,255,104,187,151,35,142,106,64,104,0,48,0,0,104,184,134,0,0,106,0,255,144,112,1,0,0,137,68,36,28,187,152,3,0,0,141,181,98,221,0,0,139,248,80,232,10,0,0,0,116,7,139,68,6.0,12.0,8.0,0.667,2.0,1,14.0,0
1,0,1,0,0,0,0,1,0,4194304,4096,5,1,159744,56832,1024,2108,0,1048576,4096,4096,1,3,0.25,1,0,0,1,0,0,0,1,1,1,1,0,0.408,1,3,1.0,0.0,0,-1,-1,3.903,4.063,3.859,7.938,184,0,96,66,0,96,141,168,0,160,253,255,104,99,26,70,32,106,64,104,0,48,0,0,104,8,144,0,0,106,0,255,144,112,1,0,0,137,68,36,28,187,152,3,0,0,141,181,193,231,0,0,139,248,80,232,10,0,0,0,116,7,139,68,6.0,12.0,8.0,0.667,2.0,1,14.0,0
1,0,1,0,0,0,0,1,0,4194304,4096,5,1,389120,140800,1024,4268,0,1048576,4096,4096,1,3,0.25,1,0,0,1,0,0,0,1,1,1,1,0,0.391,1,3,1.0,0.0,0,-1,-1,4.409,4.195,3.887,7.954,184,0,224,69,0,96,141,168,0,32,250,255,104,92,49,113,53,106,64,104,0,48,0,0,104,244,133,1,0,106,0,255,144,94,2,0,0,137,68,36,28,187,152,3,0,0,141,181,236,48,2,0,139,248,80,232,10,0,0,0,116,7,139,68,14.0,20.0,8.0,0.4,2.0,1,14.0,0
1,0,1,0,0,0,0,1,0,4194304,4096,5,1,167936,61952,1024,2108,0,1048576,4096,4096,1,3,0.25,1,0,0,1,0,0,0,1,1,1,1,0,0.42,1,3,1.0,0.0,0,-1,-1,3.773,3.933,3.967,7.936,184,0,128,66,0,96,141,168,0,128,253,255,104,71,159,142,96,106,64,104,0,48,0,0,104,248,156,0,0,106,0,255,144,112,1,0,0,137,68,36,28,187,152,3,0,0,141,181,192,251,0,0,139,248,80,232,10,0,0,0,116,7,139,68,6.0,12.0,8.0,0.667,2.0,1,14.0,0
1,0,1,0,0,0,0,1,0,4194304,4096,5,1,159744,57856,1024,2620,0,1048576,4096,4096,1,3,0.25,1,0,0,1,0,0,0,1,1,1,1,0,0.415,1,3,1.0,0.0,0,-1,-1,3.294,4.108,3.934,7.944,184,0,96,66,0,96,141,168,0,160,253,255,104,73,254,56,208,106,64,104,0,48,0,0,104,204,146,0,0,106,0,255,144,112,1,0,0,137,68,36,28,187,152,3,0,0,141,181,247,236,0,0,139,248,80,232,10,0,0,0,116,7,139,68,6.0,12.0,8.0,0.667,2.0,1,14.0,0
1,0,1,0,0,0,0,1,0,4194304,4096,5,1,651264,119296,1024,364456,0,1048576,4096,4096,1,3,0.25,1,0,0,1,0,0,0,1,1,1,1,0,0.448,1,3,1.0,0.0,0,-1,-1,5.99,4.205,5.435,7.954,184,0,224,73,0,96,141,168,0,32,246,255,104,224,91,212,0,106,64,104,0,48,0,0,104,84,92,1,0,106,0,255,144,224,1,0,0,137,68,36,28,187,152,3,0,0,141,181,142,221,1,0,139,248,80,232,10,0,0,0,116,7,139,68,10.0,16.0,8.0,0.5,2.0,1,110.0,0
1,0,1,0,0,1,0,1,566313,4194304,143360,5,1,548864,359936,1024,142336,0,1048576,4096,4096,0,8,0.0,2,8,2,2,8,2,0,1,1,1,1,0,1.048,3,6,1.048,0.0,0,-1,-1,-1,2.158,5.924,6.0,184,0,64,72,0,106,0,104,4,16,64,0,100,255,53,0,0,0,0,100,137,37,0,0,0,0,102,156,96,80,139,216,3,0,104,112,188,0,0,106,0,255,80,28,139,204,141,160,112,188,0,0,137,97,46,104,0,0,64,0,81,139,124,36,8.0,12.0,5.0,0.417,-1,1,92.0,0
1,0,1,0,0,0,0,1,0,4194304,4096,5,1,299008,65024,1024,126064,0,1048576,4096,4096,1,3,0.25,1,0,0,1,0,0,0,1,1,1,1,0,0.418,1,3,1.0,0.0,0,-1,-1,6.212,4.001,5.117,7.947,184,0,128,68,0,96,141,168,0,128,251,255,104,28,178,170,240,106,64,104,0,48,0,0,104,228,172,0,0,106,0,255,144,144,1,0,0,137,68,36,28,187,152,3,0,0,141,181,8,9,1,0,139,248,80,232,10,0,0,0,116,7,139,68,7.0,13.0,8.0,0.615,2.0,1,20.0,0
1,0,1,0,0,0,0,1,0,4194304,4096,6,0,270336,95232,1024,2380,0,1048576,4096,4096,1,3,0.25,1,0,0,1,0,0,0,1,1,1,1,0,0.387,1,3,1.0,0.0,0,-1,-1,3.893,3.97,3.795,7.949,184,0,16,68,0,96,141,168,0,240,251,255,104,228,26,14,222,106,64,104,0,48,0,0,104,52,2,1,0,106,0,255,144,232,1,0,0,137,68,36,28,187,152,3,0,0,141,181,191,126,1,0,139,248,80,232,10,0,0,0,116,7,139,68,10.0,16.0,8.0,0.5,2.0,1,14.0,0
1,0,1,0,0,0,0,1,0,4194304,4096,5,1,307200,68096,1024,125604,0,1048576,4096,4096,1,3,0.25,1,0,0,1,0,0,0,1,1,1,1,0,0.416,1,3,1.0,0.0,0,-1,-1,6.194,4.049,5.071,7.936,184,0,160,68,0,96,141,168,0,96,251,255,104,150,218,133,1,106,64,104,0,48,0,0,104,20,184,0,0,106,0,255,144,178,1,0,0,137,68,36,28,187,152,3,0,0,141,181,149,21,1,0,139,248,80,232,10,0,0,0,116,7,139,68,8.0,14.0,8.0,0.571,2.0,1,20.0,0
1,0,1,0,0,0,0,1,0,4194304,4096,5,1,262144,60928,1024,95292,0,1048576,4096,4096,1,3,0.25,1,0,0,1,0,0,0,1,1,1,1,0,0.413,1,3,1.0,0.0,0,-1,-1,6.847,3.987,5.128,7.95,184,0,240,67,0,96,141,168,0,16,252,255,104,86,81,154,84,106,64,104,0,48,0,0,104,0,159,0,0,106,0,255,144,112,1,0,0,137,68,36,28,187,152,3,0,0,141,181,159,249,0,0,139,248,80,232,10,0,0,0,116,7,139,68,6.0,12.0,8.0,0.667,2.0,1,74.0,0
1,0,1,0,1,0,0,1,0,4194304,4096,4,0,299008,26112,1024,141824,2048,1048576,4096,4096,0,4,0.0,2,3,2,2,3,2,0,1,1,1,1,0,1.066,1,3,1.066,0.0,0,-1,-1,-1,4.115,1.834,5.959,184,0,112,68,0,106,0,104,151,147,64,0,100,255,53,0,0,0,0,100,137,37,0,0,0,0,102,156,96,80,139,216,3,0,104,112,188,0,0,106,0,255,80,28,139,204,141,160,112,188,0,0,137,97,46,104,0,0,64,0,81,139,124,36,7.0,11.0,5.0,0.455,-1,1,200.0,0
1,0,1,0,1,0,0,0,47288824,4194304,4096,6,0,57815040,36362752,1024,47140352,10526208,2097152,4096,4096,0,9,0.0,3,8,3,3,8,3,0,1,1,1,1,0,1.028,3,8,1.028,0.0,0,-1,-1,-1,3.259,5.58,6.093,184,0,16,178,3,106,0,104,12,118,111,2,100,255,53,0,0,0,0,100,137,37,0,0,0,0,102,156,96,80,139,216,3,0,104,112,188,0,0,106,0,255,80,28,139,204,141,160,112,188,0,0,137,97,46,104,0,0,64,0,81,139,124,36,18.0,22.0,5.0,0.227,-1,1,46.0,0
1,0,1,0,0,0,0,1,0,4194304,4096,5,1,147456,52736,1024,2108,0,1048576,4096,4096,1,3,0.25,1,0,0,1,0,0,0,1,1,1,1,0,0.402,1,3,1.0,0.0,0,-1,-1,3.77,4.096,3.896,7.921,184,0,48,66,0,96,141,168,0,208,253,255,104,120,209,81,189,106,64,104,0,48,0,0,104,180,131,0,0,106,0,255,144,112,1,0,0,137,68,36,28,187,152,3,0,0,141,181,86,217,0,0,139,248,80,232,10,0,0,0,116,7,139,68,6.0,12.0,8.0,0.667,2.0,1,14.0,0
1,0,1,0,1,0,0,1,0,4194304,4096,4,0,450560,26112,1024,186368,2048,1048576,4096,4096,0,4,0.0,2,3,2,2,3,2,0,1,1,1,1,0,1.066,1,3,1.066,0.0,0,-1,-1,-1,4.121,1.046,5.959,184,0,192,70,0,106,0,104,155,148,64,0,100,255,53,0,0,0,0,100,137,37,0,0,0,0,102,156,96,80,139,216,3,0,104,112,188,0,0,106,0,255,80,28,139,204,141,160,112,188,0,0,137,97,46,104,0,0,64,0,81,139,124,36,7.0,11.0,5.0,0.455,-1,1,94.0,0
1,0,1,0,0,0,0,1,0,4194304,4096,5,1,233472,65536,1024,64708,0,1048576,4096,4096,1,3,0.25,1,0,0,1,0,0,0,1,1,1,1,0,0.432,1,3,1.0,0.0,0,-1,-1,6.238,4.056,4.839,7.944,184,0,128,67,0,96,141,168,0,128,252,255,104,89,51,16,69,106,64,104,0,48,0,0,104,244,168,0,0,106,0,255,144,174,1,0,0,137,68,36,28,187,152,3,0,0,141,181,208,10,1,0,139,248,80,232,10,0,0,0,116,7,139,68,8.0,14.0,8.0,0.571,2.0,1,24.0,0
1,0,1,0,0,0,0,1,0,4194304,4096,5,1,208896,66560,1024,3644,0,1048576,4096,4096,1,3,0.25,1,0,0,1,0,0,0,1,1,1,1,0,0.353,1,3,1.0,0.0,0,-1,-1,3.117,3.972,3.515,7.929,184,0,32,67,0,96,141,168,0,224,252,255,104,150,250,245,252,106,64,104,0,48,0,0,104,248,176,0,0,106,0,255,144,112,1,0,0,137,68,36,28,187,152,3,0,0,141,181,158,14,1,0,139,248,80,232,10,0,0,0,116,7,139,68,6.0,12.0,8.0,0.667,2.0,1,30.0,0
1,0,1,0,0,0,0,1,0,4194304,4096,5,1,176128,54784,1024,3688,0,1048576,4096,4096,1,3,0.25,1,0,0,1,0,0,0,1,1,1,1,0,0.352,1,3,1.0,0.0,0,-1,-1,3.11,4.001,3.46,7.92,184,0,160,66,0,96,141,168,0,96,253,255,104,136,131,201,215,106,64,104,0,48,0,0,104,156,135,0,0,106,0,255,144,132,1,0,0,137,68,36,28,187,152,3,0,0,141,181,89,224,0,0,139,248,80,232,10,0,0,0,116,7,139,68,7.0,13.0,8.0,0.615,2.0,1,30.0,0
1,0,1,0,0,0,0,1,102347,4194304,4096,6,3,102400,55808,1024,24576,0,262144,8192,4096,0,5,0.0,2,4,2,2,4,2,0,1,1,1,1,0,1.063,1,4,1.063,0.0,0,-1,-1,-1,4.274,4.765,5.944,184,0,112,65,0,106,0,104,0,24,65,0,100,255,53,0,0,0,0,100,137,37,0,0,0,0,102,156,96,80,139,216,3,0,104,112,188,0,0,106,0,255,80,28,139,204,141,160,112,188,0,0,137,97,46,104,0,0,64,0,81,139,124,36,8.0,12.0,5.0,0.417,-1,1,14.0,0
1,0,1,0,0,0,0,1,0,16777216,4096,6,1,77824,18944,1024,2592,0,262144,8192,4096,1,3,0.25,1,0,0,1,0,0,0,1,1,1,1,0,0.308,1,3,1.0,0.0,0,-1,-1,4.312,3.698,2.979,7.883,184,0,32,1,1,96,141,168,0,224,254,255,104,36,47,92,219,106,64,104,0,48,0,0,104,99,66,0,0,106,0,255,144,92,1,0,0,137,68,36,28,187,131,3,0,0,141,181,99,84,0,0,139,248,80,232,10,0,0,0,116,7,139,68,6.0,12.0,8.0,0.667,2.0,1,20.0,0
1,0,1,0,1,0,0,1,0,4194304,4096,4,0,450560,25088,1024,141824,2048,1048576,4096,4096,0,4,0.0,2,3,2,2,3,2,0,1,1,1,1,0,1.066,1,3,1.066,0.0,0,-1,-1,-1,4.153,2.345,5.96,184,0,192,70,0,106,0,104,165,147,64,0,100,255,53,0,0,0,0,100,137,37,0,0,0,0,102,156,96,80,139,216,3,0,104,112,188,0,0,106,0,255,80,28,139,204,141,160,112,188,0,0,137,97,46,104,0,0,64,0,81,139,124,36,7.0,11.0,5.0,0.455,-1,1,78.0,0
1,0,1,0,0,0,0,1,113980,4194304,4096,10,0,86016,22016,1024,41984,0,262144,4096,4096,0,5,0.0,2,4,2,2,4,2,0,1,1,1,1,0,1.07,1,4,1.07,0.0,0,-1,-1,-1,4.281,4.355,5.941,184,0,48,65,0,106,0,104,0,114,64,0,100,255,53,0,0,0,0,100,137,37,0,0,0,0,102,156,96,80,139,216,3,0,104,112,188,0,0,106,0,255,80,28,139,204,141,160,112,188,0,0,137,97,46,104,0,0,64,0,81,139,124,36,6.0,10.0,5.0,0.5,-1,1,20.0,0
1,0,1,0,1,0,0,1,0,4194304,4096,4,0,1986560,26112,1024,428544,16384,1048576,4096,4096,0,4,0.0,2,3,2,2,3,2,0,1,1,1,1,0,1.066,1,3,1.066,0.0,0,-1,-1,-1,4.122,0.783,5.963,184,0,48,94,0,106,0,104,143,147,64,0,100,255,53,0,0,0,0,100,137,37,0,0,0,0,102,156,96,80,139,216,3,0,104,112,188,0,0,106,0,255,80,28,139,204,141,160,112,188,0,0,137,97,46,104,0,0,64,0,81,139,124,36,7.0,11.0,5.0,0.455,-1,1,72.0,0
1,0,1,0,1,0,0,1,0,4194304,4096,4,0,294912,25088,1024,118784,1024,1048576,4096,4096,0,4,0.0,2,3,2,2,3,2,0,1,1,1,1,0,1.066,1,3,1.066,0.0,0,-1,-1,-1,4.11,1.213,5.962,184,0,96,68,0,106,0,104,73,146,64,0,100,255,53,0,0,0,0,100,137,37,0,0,0,0,102,156,96,80,139,216,3,0,104,112,188,0,0,106,0,255,80,28,139,204,141,160,112,188,0,0,137,97,46,104,0,0,64,0,81,139,124,36,7.0,11.0,5.0,0.455,-1,1,60.0,0
1,0,1,0,0,0,0,1,0,1255145472,4096,6,1,315392,78336,1024,34816,0,1048576,1036288,4096,1,3,0.25,1,0,0,1,0,0,0,1,1,1,1,0,0.299,1,3,1.0,0.0,0,-1,-1,4.001,3.849,3.219,7.947,184,0,192,212,74,96,141,168,0,64,251,255,104,182,190,210,245,106,64,104,0,48,0,0,104,247,30,1,0,106,0,255,144,80,1,0,0,137,68,36,28,187,131,3,0,0,141,181,99,61,1,0,139,248,80,232,10,0,0,0,116,7,139,68,5.0,11.0,8.0,0.727,2.0,1,68.0,0
1,0,1,0,1,0,0,1,195639,4194304,4096,5,0,184320,29184,1024,125440,0,1048576,4096,4096,0,4,0.0,2,3,2,2,3,2,0,1,1,1,1,0,1.023,1,3,1.023,0.0,0,-1,-1,-1,4.307,4.381,6.074,184,0,176,66,0,106,0,104,0,180,64,0,100,255,53,0,0,0,0,100,137,37,0,0,0,0,102,156,96,80,139,216,3,0,104,112,188,0,0,106,0,255,80,28,139,204,141,160,112,188,0,0,137,97,46,104,0,0,64,0,81,139,124,36,11.0,15.0,5.0,0.333,-1,1,280.0,0
1,0,1,0,0,0,0,1,0,16777216,4096,6,1,790528,148992,1024,405232,0,262144,8192,4096,1,3,0.25,1,0,0,1,0,0,0,1,1,1,1,0,0.413,1,3,1.0,0.0,0,-1,-1,7.379,3.616,5.965,7.937,184,0,0,12,1,96,141,168,0,0,244,255,104,4,131,202,114,106,64,104,0,48,0,0,104,243,40,2,0,106,0,255,144,144,2,0,0,137,68,36,28,187,131,3,0,0,141,181,152,81,2,0,139,248,80,232,10,0,0,0,116,7,139,68,16.0,22.0,8.0,0.364,2.0,1,382.0,0
1,0,1,0,1,0,0,1,124533671,4194304,4096,4,0,1478656,26624,1024,473088,16384,1048576,4096,4096,0,4,0.0,2,3,2,2,3,2,0,1,1,1,1,0,1.066,1,3,1.066,0.0,0,-1,-1,-1,4.228,1.227,5.963,184,0,112,86,0,106,0,104,155,148,64,0,100,255,53,0,0,0,0,100,137,37,0,0,0,0,102,156,96,80,139,216,3,0,104,112,188,0,0,106,0,255,80,28,139,204,141,160,112,188,0,0,137,97,46,104,0,0,64,0,81,139,124,36,7.0,11.0,5.0,0.455,-1,1,60.0,0
1,0,1,0,0,0,0,1,231202,4194304,4096,6,0,204800,152064,1024,29696,0,1048576,8192,4096,0,6,0.0,2,5,2,2,5,2,0,1,1,1,1,0,1.08,1,5,1.08,0.0,0,-1,-1,-1,4.245,5.494,5.905,184,0,0,67,0,106,0,104,192,246,66,0,100,255,53,0,0,0,0,100,137,37,0,0,0,0,102,156,96,80,139,216,3,0,104,112,188,0,0,106,0,255,80,28,139,204,141,160,112,188,0,0,137,97,46,104,0,0,64,0,81,139,124,36,6.0,10.0,5.0,0.5,-1,1,14.0,0
1,0,1,0,0,0,0,1,248040,4194304,4096,5,1,634880,194560,1024,403968,0,1048576,4096,4096,3,0,1.0,2,3,2,2,3,2,0,1,0,0,0,0,0.357,0,2,1.0,0.357,0,7.969,-1,6.229,4.121,3.907,7.969,184,60,155,73,0,80,100,255,53,0,0,0,0,100,137,37,0,0,0,0,51,192,137,8,80,69,67,111,109,112,97,99,116,50,0,232,155,121,174,47,69,14,235,106,118,220,35,96,101,195,66,174,186,233,205,159,3,144,250,14,134,159,106,52,1.0,3.0,4.0,1.333,-1,1,94.0,0
1,0,1,0,0,0,0,1,108874,4194304,4096,5,1,176128,78848,1024,66048,0,1048576,4096,4096,3,0,1.0,2,3,2,2,3,2,0,1,0,0,0,0,0.33,0,2,1.0,0.33,0,7.957,-1,6.885,4.183,4.291,7.957,184,32,146,66,0,80,100,255,53,0,0,0,0,100,137,37,0,0,0,0,51,192,137,8,80,69,67,111,109,112,97,99,116,50,0,213,48,65,121,108,13,217,206,129,184,33,61,123,19,120,10,138,169,164,68,7,142,248,59,117,116,45,37,202,1.0,3.0,4.0,1.333,-1,1,14.0,0
1,0,1,0,0,0,0,1,89329,4194304,4096,5,1,249856,150528,1024,74240,0,1048576,4096,4096,3,0,1.0,2,3,2,2,3,2,0,1,0,0,0,0,0.329,0,2,1.0,0.329,0,7.967,-1,6.908,4.251,4.075,7.967,184,60,178,67,0,80,100,255,53,0,0,0,0,100,137,37,0,0,0,0,51,192,137,8,80,69,67,111,109,112,97,99,116,50,0,28,74,31,118,226,65,122,64,220,40,204,189,135,211,85,128,84,113,188,108,107,232,229,152,234,221,181,241,130,1.0,3.0,4.0,1.333,-1,1,14.0,0
1,0,1,0,0,0,0,1,451369,4194304,4096,5,0,1196032,943616,1024,222208,0,1048576,8192,4096,3,0,1.0,2,3,2,2,3,2,0,1,0,0,0,0,0.368,0,2,1.0,0.368,0,7.968,-1,5.195,4.568,3.912,7.968,184,104,31,82,0,80,100,255,53,0,0,0,0,100,137,37,0,0,0,0,51,192,137,8,80,69,67,111,109,112,97,99,116,50,0,240,57,135,187,18,173,211,24,98,142,85,110,110,150,43,252,214,6,240,199,29,178,76,146,48,224,11,250,174,9.0,11.0,4.0,0.364,-1,1,403.0,0
1,0,1,0,0,0,0,1,104169,4194304,4096,6,0,249856,146432,1024,75776,0,4096,4096,4096,3,0,1.0,2,3,2,2,3,2,0,1,0,0,0,0,0.329,0,2,1.0,0.329,0,7.963,-1,6.897,4.233,4.066,7.963,184,60,178,67,0,80,100,255,53,0,0,0,0,100,137,37,0,0,0,0,51,192,137,8,80,69,67,111,109,112,97,99,116,50,0,26,152,223,123,148,217,1,206,225,2,42,37,13,215,255,251,167,19,181,24,167,248,193,38,118,5,43,148,0,1.0,3.0,4.0,1.333,-1,1,14.0,0
1,0,1,0,0,0,0,1,83996,4194304,4096,5,1,163840,68096,1024,66048,0,1048576,4096,4096,3,0,1.0,2,3,2,2,3,2,0,1,0,0,0,0,0.319,0,2,1.0,0.319,0,7.96,-1,6.878,4.267,4.273,7.96,184,16,98,66,0,80,100,255,53,0,0,0,0,100,137,37,0,0,0,0,51,192,137,8,80,69,67,111,109,112,97,99,116,50,0,123,109,229,218,226,245,232,163,84,52,154,235,98,200,213,71,134,162,36,95,129,127,204,81,242,66,181,199,180,1.0,3.0,4.0,1.333,-1,1,14.0,0
1,0,1,0,0,0,0,1,112831,4194304,4096,5,1,167936,73216,1024,66560,0,1048576,4096,4096,3,0,1.0,2,3,2,2,3,2,0,1,0,0,0,0,0.328,0,2,1.0,0.328,0,7.955,-1,6.928,4.267,4.312,7.955,184,124,114,66,0,80,100,255,53,0,0,0,0,100,137,37,0,0,0,0,51,192,137,8,80,69,67,111,109,112,97,99,116,50,0,211,16,199,59,17,97,133,39,47,137,228,254,126,206,68,26,18,29,68,237,247,27,40,95,0,218,80,57,165,1.0,3.0,4.0,1.333,-1,1,14.0,0
1,0,1,0,0,0,0,1,157541,4194304,4096,5,1,397312,215552,1024,158720,0,1048576,4096,4096,3,0,1.0,2,3,2,2,3,2,0,1,0,0,0,0,0.328,0,2,1.0,0.328,0,7.965,-1,6.833,4.372,3.906,7.965,184,248,250,69,0,80,100,255,53,0,0,0,0,100,137,37,0,0,0,0,51,192,137,8,80,69,67,111,109,112,97,99,116,50,0,137,7,144,183,74,59,56,141,82,201,109,104,108,42,157,8,126,149,60,98,186,238,159,126,89,197,19,126,199,14.0,16.0,4.0,0.25,-1,1,14.0,0
1,0,1,0,0,0,0,1,90090,4194304,4096,5,1,176128,75264,1024,72192,0,1048576,4096,4096,3,0,1.0,2,3,2,2,3,2,0,1,0,0,0,0,0.337,0,2,1.0,0.337,0,7.957,-1,6.873,4.144,4.342,7.957,184,32,146,66,0,80,100,255,53,0,0,0,0,100,137,37,0,0,0,0,51,192,137,8,80,69,67,111,109,112,97,99,116,50,0,110,38,253,152,146,38,68,249,55,130,245,84,123,241,74,120,9,83,97,106,133,132,21,236,201,100,135,64,227,1.0,3.0,4.0,1.333,-1,1,14.0,0
1,0,1,0,0,0,0,1,125107,4194304,4096,5,0,180224,67584,1024,64000,0,1048576,4096,4096,3,0,1.0,2,3,2,2,3,2,0,1,0,0,0,0,0.287,0,2,1.0,0.287,0,7.956,-1,5.936,4.073,3.541,7.956,184,4,160,66,0,80,100,255,53,0,0,0,0,100,137,37,0,0,0,0,51,192,137,8,80,69,67,111,109,112,97,99,116,50,0,243,63,71,124,128,12,224,74,75,105,47,160,62,45,151,211,73,251,254,202,98,220,137,178,96,152,142,127,123,1.0,3.0,4.0,1.333,-1,1,51.0,0
1,0,1,0,0,0,0,1,94534,4194304,4096,5,1,167936,71168,1024,69120,0,1048576,4096,4096,3,0,1.0,2,3,2,2,3,2,0,1,0,0,0,0,0.331,0,2,1.0,0.331,0,7.957,-1,6.959,4.257,4.347,7.957,184,224,114,66,0,80,100,255,53,0,0,0,0,100,137,37,0,0,0,0,51,192,137,8,80,69,67,111,109,112,97,99,116,50,0,209,78,204,136,205,65,167,115,66,11,111,144,178,46,202,137,146,62,218,250,210,249,157,95,145,48,96,220,88,1.0,3.0,4.0,1.333,-1,1,14.0,0
1,0,1,0,0,0,0,1,290360,4194304,4096,5,1,663552,174080,1024,462336,0,1048576,4096,4096,3,0,1.0,2,3,2,2,3,2,0,1,0,0,0,0,0.354,0,2,1.0,0.354,0,7.967,-1,5.619,4.325,3.978,7.967,184,148,12,74,0,80,100,255,53,0,0,0,0,100,137,37,0,0,0,0,51,192,137,8,80,69,67,111,109,112,97,99,116,50,0,77,244,4,37,176,106,161,157,68,176,101,130,70,202,221,225,252,163,253,196,5,36,83,117,227,235,102,98,97,10.0,12.0,4.0,0.333,-1,1,92.0,0
1,0,1,0,0,1,0,1,250130,4194304,143360,5,1,557056,359936,512,142336,0,1048576,4096,4096,2,1,0.667,2,3,2,2,3,2,0,1,1,1,1,0,0.377,0,2,1.0,0.377,0,-1,-1,5.422,1.857,4.136,7.967,184,216,105,72,0,80,100,255,53,0,0,0,0,100,137,37,0,0,0,0,51,192,137,8,80,69,67,111,109,112,97,99,116,50,0,188,8,79,46,247,193,56,34,48,178,7,111,123,131,112,118,204,115,45,2,179,172,225,61,225,91,181,27,105,1.0,3.0,4.0,1.333,-1,1,81.0,0
1,0,1,0,0,0,0,1,149578,4194304,4096,5,1,307200,86016,1024,195584,0,1048576,4096,4096,3,0,1.0,2,3,2,2,3,2,0,1,0,0,0,0,0.276,0,2,1.0,0.276,0,7.964,-1,6.676,4.13,3.535,7.964,184,124,147,68,0,80,100,255,53,0,0,0,0,100,137,37,0,0,0,0,51,192,137,8,80,69,67,111,109,112,97,99,116,50,0,130,142,213,2,186,218,88,113,58,89,68,168,84,51,95,140,164,245,7,72,215,193,6,224,226,221,5,138,213,1.0,3.0,4.0,1.333,-1,1,19.0,0
1,0,1,0,0,0,0,1,146496,4194304,4096,6,0,278528,141824,1024,106496,0,1048576,4096,4096,3,0,1.0,2,3,2,2,3,2,0,1,0,0,0,0,0.322,0,2,1.0,0.322,0,7.967,-1,6.817,4.184,3.972,7.967,184,100,36,68,0,80,100,255,53,0,0,0,0,100,137,37,0,0,0,0,51,192,137,8,80,69,67,111,109,112,97,99,116,50,0,43,245,61,128,127,162,15,61,248,229,18,0,75,80,142,206,42,25,147,138,100,169,74,195,99,79,214,152,153,9.0,11.0,4.0,0.364,-1,1,14.0,0
1,0,1,0,0,0,0,1,130437,4194304,4096,5,1,315392,93696,1024,195584,0,1048576,4096,4096,3,0,1.0,2,3,2,2,3,2,0,1,0,0,0,0,0.279,0,2,1.0,0.279,0,7.967,-1,6.657,4.211,3.543,7.967,184,76,179,68,0,80,100,255,53,0,0,0,0,100,137,37,0,0,0,0,51,192,137,8,80,69,67,111,109,112,97,99,116,50,0,106,181,119,85,130,98,10,201,170,43,235,211,32,198,163,194,8,117,78,205,148,166,45,191,76,61,160,33,222,1.0,3.0,4.0,1.333,-1,1,19.0,0
1,0,1,0,0,0,0,1,168538,4194304,4096,5,1,524288,99840,1024,400896,0,1048576,4096,4096,3,0,1.0,2,3,2,2,3,2,0,1,0,0,0,0,0.192,0,2,1.0,0.192,0,7.967,-1,6.657,4.215,2.554,7.967,184,84,227,71,0,80,100,255,53,0,0,0,0,100,137,37,0,0,0,0,51,192,137,8,80,69,67,111,109,112,97,99,116,50,0,22,5,35,84,249,188,194,178,234,233,156,55,30,68,51,15,99,218,40,138,232,163,59,255,96,73,118,109,179,1.0,3.0,4.0,1.333,-1,1,24.0,0
1,0,1,0,0,0,0,1,250255,4194304,4096,5,1,671744,167424,1024,481280,0,1048576,4096,4096,3,0,1.0,2,3,2,2,3,2,0,1,0,0,0,0,0.327,0,2,1.0,0.327,0,7.967,-1,6.66,4.429,3.711,7.967,184,76,35,74,0,80,100,255,53,0,0,0,0,100,137,37,0,0,0,0,51,192,137,8,80,69,67,111,109,112,97,99,116,50,0,208,53,184,242,182,125,174,122,12,170,158,212,75,83,50,188,244,22,225,35,123,5,75,169,255,66,40,151,76,1.0,3.0,4.0,1.333,-1,1,19.0,0
1,0,1,0,0,0,0,1,107715,4194304,4096,5,1,159744,66560,1024,65536,0,1048576,4096,4096,3,0,1.0,2,3,2,2,3,2,0,1,0,0,0,0,0.325,0,2,1.0,0.325,0,7.959,-1,6.9,4.176,4.335,7.959,184,76,82,66,0,80,100,255,53,0,0,0,0,100,137,37,0,0,0,0,51,192,137,8,80,69,67,111,109,112,97,99,116,50,0,19,40,76,20,144,122,165,249,46,156,152,189,240,121,82,123,211,224,64,112,96,231,178,163,180,185,158,153,243,1.0,3.0,4.0,1.333,-1,1,14.0,0
1,0,1,0,0,0,0,1,185200,4194304,4096,5,1,335872,79360,1024,161280,0,1048576,4096,4096,3,0,1.0,2,3,2,2,3,2,0,1,0,0,0,0,0.262,0,2,1.0,0.262,0,7.967,-1,6.964,4.167,4.274,7.967,184,204,0,69,0,80,100,255,53,0,0,0,0,100,137,37,0,0,0,0,51,192,137,8,80,69,67,111,109,112,97,99,116,50,0,47,254,17,234,210,2,227,219,74,68,132,75,115,82,142,59,84,35,76,194,159,226,173,3,140,97,189,156,182,1.0,3.0,4.0,1.333,-1,1,69.0,0
1,0,1,0,0,0,0,1,195209,4194304,4096,5,1,327680,71680,1024,161792,0,1048576,4096,4096,3,0,1.0,2,3,2,2,3,2,0,1,0,0,0,0,0.262,0,2,1.0,0.262,0,7.968,-1,6.964,4.216,4.305,7.968,184,204,224,68,0,80,100,255,53,0,0,0,0,100,137,37,0,0,0,0,51,192,137,8,80,69,67,111,109,112,97,99,116,50,0,21,220,166,74,78,13,126,17,101,152,1,43,193,127,119,78,74,119,129,225,59,11,39,91,126,3,71,105,211,1.0,3.0,4.0,1.333,-1,1,69.0,0
1,0,1,0,0,0,0,1,67795,4194304,4096,5,1,155648,65536,1024,65024,0,1048576,4096,4096,3,0,1.0,2,3,2,2,3,2,0,1,0,0,0,0,0.327,0,2,1.0,0.327,0,7.962,-1,6.882,4.229,4.391,7.962,184,56,66,66,0,80,100,255,53,0,0,0,0,100,137,37,0,0,0,0,51,192,137,8,80,69,67,111,109,112,97,99,116,50,0,180,200,255,29,106,108,240,30,219,128,26,226,33,130,249,79,158,130,30,7,77,87,233,89,163,70,131,112,55,1.0,3.0,4.0,1.333,-1,1,14.0,0
1,0,1,0,0,0,0,1,131288,4194304,4096,5,1,241664,80384,1024,135680,0,1048576,4096,4096,3,0,1.0,2,3,2,2,3,2,0,1,0,0,0,0,0.366,0,2,1.0,0.366,0,7.966,-1,6.8,4.268,4.396,7.966,184,172,148,67,0,80,100,255,53,0,0,0,0,100,137,37,0,0,0,0,51,192,137,8,80,69,67,111,109,112,97,99,116,50,0,247,220,226,72,215,222,44,145,189,227,220,144,25,187,12,14,160,103,216,31,233,183,195,15,89,91,125,110,38,8.0,10.0,4.0,0.4,-1,1,22.0,0
1,0,1,0,0,0,0,1,66322,4194304,4096,5,1,217088,92160,1024,99840,0,1048576,4096,4096,3,0,1.0,2,3,2,2,3,2,0,1,0,0,0,0,0.286,0,2,1.0,0.286,0,7.967,-1,6.398,4.142,3.822,7.967,184,56,55,67,0,80,100,255,53,0,0,0,0,100,137,37,0,0,0,0,51,192,137,8,80,69,67,111,109,112,97,99,116,50,0,189,173,48,173,121,175,101,252,245,235,239,215,156,164,160,167,126,195,112,60,20,90,36,124,92,41,167,64,158,1.0,3.0,4.0,1.333,-1,1,30.0,0
1,0,1,0,0,0,0,1,114380,4194304,4096,5,1,184320,64512,1024,95744,0,1048576,4096,4096,3,0,1.0,2,3,2,2,3,2,0,1,0,0,0,0,0.28,0,2,1.0,0.28,0,7.96,-1,6.39,4.244,3.889,7.96,184,44,183,66,0,80,100,255,53,0,0,0,0,100,137,37,0,0,0,0,51,192,137,8,80,69,67,111,109,112,97,99,116,50,0,119,109,245,125,102,255,188,93,111,48,67,129,253,8,101,16,214,78,215,23,1,63,78,40,192,19,117,107,117,1.0,3.0,4.0,1.333,-1,1,30.0,0
1,0,1,0,0,0,0,1,202274,4194304,4096,5,1,442368,113664,1024,302592,0,1048576,4096,4096,3,0,1.0,2,3,2,2,3,2,0,1,0,0,0,0,0.357,0,2,1.0,0.357,0,7.966,-1,6.732,4.299,4.079,7.966,184,180,165,70,0,80,100,255,53,0,0,0,0,100,137,37,0,0,0,0,51,192,137,8,80,69,67,111,109,112,97,99,116,50,0,201,20,208,97,200,206,79,88,136,124,67,184,84,132,224,79,111,178,152,172,38,125,190,40,162,152,153,241,35,9.0,11.0,4.0,0.364,-1,1,19.0,0
1,0,1,0,0,0,0,1,73901,4194304,4096,5,1,172032,74752,1024,66048,0,1048576,4096,4096,3,0,1.0,2,3,2,2,3,2,0,1,0,0,0,0,0.322,0,2,1.0,0.322,0,7.96,-1,6.887,4.217,4.262,7.96,184,64,130,66,0,80,100,255,53,0,0,0,0,100,137,37,0,0,0,0,51,192,137,8,80,69,67,111,109,112,97,99,116,50,0,190,32,154,95,25,187,136,11,34,228,82,73,90,32,113,193,149,53,27,202,100,37,59,252,199,201,26,75,170,1.0,3.0,4.0,1.333,-1,1,14.0,0
1,0,1,0,0,0,0,1,457463,4194304,4096,6,0,1277952,822784,1024,321536,0,1048576,4096,4096,3,0,1.0,2,3,2,2,3,2,0,1,0,0,0,0,0.286,0,2,1.0,0.286,0,7.968,-1,2.951,4.621,3.216,7.968,184,28,96,83,0,80,100,255,53,0,0,0,0,100,137,37,0,0,0,0,51,192,137,8,80,69,67,111,109,112,97,99,116,50,0,33,242,101,188,196,33,105,208,169,11,87,126,254,244,94,221,114,89,88,247,170,4,177,99,29,13,223,228,103,1.0,3.0,4.0,1.333,-1,1,102.0,0
1,0,1,0,0,0,0,1,79072,4194304,4096,10,0,98304,54272,1024,16896,0,262144,8192,4096,3,0,1.0,2,3,2,2,3,2,0,1,0,0,0,0,0.344,0,2,1.0,0.344,0,7.958,-1,6.993,4.033,4.935,7.958,184,172,96,65,0,80,100,255,53,0,0,0,0,100,137,37,0,0,0,0,51,192,137,8,80,69,67,111,109,112,97,99,116,50,0,45,160,88,98,46,44,113,93,157,90,34,25,100,203,159,26,182,89,126,234,221,252,60,254,31,250,51,196,140,1.0,3.0,4.0,1.333,-1,1,8.0,0
1,0,1,0,0,0,0,1,73679,16777216,4096,6,1,86016,34304,1024,27136,0,262144,8192,4096,3,0,1.0,2,3,2,2,3,2,0,1,0,0,0,0,0.265,0,2,1.0,0.265,0,7.83,-1,6.278,3.965,2.881,7.83,184,156,48,1,1,80,100,255,53,0,0,0,0,100,137,37,0,0,0,0,51,192,137,8,80,69,67,111,109,112,97,99,116,50,0,120,105,109,97,103,101,73,98,105,110,97,114,2,120,224,113,121,65,97,115,99,105,105,80,65,83,83,32,37,1.0,3.0,4.0,1.333,-1,1,20.0,0
1,0,1,0,0,0,0,1,76940,4194304,4096,5,1,188416,82432,1024,77824,0,1048576,4096,4096,3,0,1.0,2,3,2,2,3,2,0,1,0,0,0,0,0.348,0,2,1.0,0.348,0,7.963,-1,6.89,4.382,4.392,7.963,184,40,194,66,0,80,100,255,53,0,0,0,0,100,137,37,0,0,0,0,51,192,137,8,80,69,67,111,109,112,97,99,116,50,0,131,108,246,155,107,33,138,195,20,200,54,178,93,131,206,210,79,199,58,182,110,82,153,130,39,123,71,96,147,1.0,3.0,4.0,1.333,-1,1,14.0,0
1,0,1,0,0,0,0,1,65307,4194304,4096,5,1,163840,67584,1024,66048,0,1048576,4096,4096,3,0,1.0,2,3,2,2,3,2,0,1,0,0,0,0,0.319,0,2,1.0,0.319,0,7.96,-1,6.886,4.181,4.269,7.96,184,28,98,66,0,80,100,255,53,0,0,0,0,100,137,37,0,0,0,0,51,192,137,8,80,69,67,111,109,112,97,99,116,50,0,235,185,54,231,27,47,226,254,62,249,205,122,170,220,126,58,177,114,23,170,82,97,224,15,225,133,20,205,26,1.0,3.0,4.0,1.333,-1,1,14.0,0
1,0,1,0,0,0,0,1,366281,16777216,4096,6,1,737280,99328,1024,487424,0,262144,8192,4096,3,0,1.0,2,3,2,2,3,2,0,1,0,0,0,0,0.378,0,2,1.0,0.378,0,7.968,-1,7.343,4.2,4.666,7.968,184,224,43,11,1,80,100,255,53,0,0,0,0,100,137,37,0,0,0,0,51,192,137,8,80,69,67,111,109,112,97,99,116,50,0,227,39,131,74,161,79,184,205,66,136,200,87,159,240,140,64,102,43,131,184,27,161,27,243,144,186,88,22,80,12.0,14.0,4.0,0.286,-1,1,187.0,0
1,0,1,0,0,0,0,1,60855,4194304,4096,5,0,143360,66048,1024,43008,0,1048576,4096,4096,3,0,1.0,2,3,2,2,3,2,0,1,0,0,0,0,0.351,0,2,1.0,0.351,0,7.954,-1,6.089,3.994,4.172,7.954,184,84,27,66,0,80,100,255,53,0,0,0,0,100,137,37,0,0,0,0,51,192,137,8,80,69,67,111,109,112,97,99,116,50,0,202,36,252,83,154,125,224,184,45,198,240,65,88,85,200,24,36,60,251,91,177,247,252,99,142,251,221,178,8,1.0,3.0,4.0,1.333,-1,1,65.0,0
1,0,1,0,0,0,0,1,127151,4194304,4096,6,0,167936,125952,1024,13312,0,1048576,8192,4096,3,0,1.0,2,3,2,2,3,2,0,1,0,0,0,0,0.395,0,2,1.0,0.395,0,7.963,-1,7.031,4.304,4.857,7.963,184,52,117,66,0,80,100,255,53,0,0,0,0,100,137,37,0,0,0,0,51,192,137,8,80,69,67,111,109,112,97,99,116,50,0,31,37,99,76,79,46,196,126,182,28,100,66,204,16,183,84,199,58,132,230,217,120,74,75,180,209,59,216,96,6.0,8.0,4.0,0.5,-1,1,14.0,0
1,0,1,0,0,0,0,1,209523,4194304,4096,5,1,913408,92672,1024,799744,0,1048576,4096,4096,3,0,1.0,2,3,2,2,3,2,0,1,0,0,0,0,0.157,0,2,1.0,0.157,0,7.967,-1,6.897,4.185,1.974,7.967,184,112,212,77,0,80,100,255,53,0,0,0,0,100,137,37,0,0,0,0,51,192,137,8,80,69,67,111,109,112,97,99,116,50,0,61,249,233,188,114,145,221,146,223,66,6,84,189,118,147,13,74,22,90,168,72,181,135,102,56,38,86,177,36,1.0,3.0,4.0,1.333,-1,1,22.0,0
1,0,0,0,0,0,0,1,1209171,4194304,4096,5,1,2355200,581632,1024,1533440,0,4194304,4096,4096,3,0,1.0,2,3,2,2,3,2,0,1,0,0,0,0,0.464,0,2,1.0,0.464,0,7.968,-1,6.249,4.502,4.823,7.968,184,164,215,99,0,80,100,255,53,0,0,0,0,100,137,37,0,0,0,0,51,192,137,8,80,69,67,111,109,112,97,99,116,50,0,67,53,10,83,115,14,83,95,195,145,11,120,237,37,92,14,31,229,92,34,76,120,63,51,99,153,156,86,108,18.0,20.0,4.0,0.2,-1,1,936.0,0
1,0,1,0,0,0,0,1,144678,1255145472,4096,6,1,356352,142848,1024,158720,0,1048576,1036288,4096,3,0,1.0,2,3,2,2,3,2,0,1,0,0,0,0,0.24,0,2,1.0,0.24,0,7.966,-1,4.463,4.073,2.87,7.966,184,168,81,213,74,80,100,255,53,0,0,0,0,100,137,37,0,0,0,0,51,192,137,8,80,69,67,111,109,112,97,99,116,50,0,67,228,30,175,132,31,39,227,125,12,67,31,5,248,207,252,81,111,9,96,15,103,207,92,99,68,74,129,112,1.0,3.0,4.0,1.333,-1,1,68.0,0
1,0,1,0,0,0,0,1,107583,4194304,4096,5,1,155648,65536,1024,65024,0,1048576,4096,4096,3,0,1.0,2,3,2,2,3,2,0,1,0,0,0,0,0.327,0,2,1.0,0.327,0,7.966,-1,6.869,4.147,4.386,7.966,184,252,65,66,0,80,100,255,53,0,0,0,0,100,137,37,0,0,0,0,51,192,137,8,80,69,67,111,109,112,97,99,116,50,0,176,89,21,33,241,115,206,45,21,2,161,167,13,136,7,249,3,155,119,20,159,57,16,145,220,148,194,90,94,1.0,3.0,4.0,1.333,-1,1,14.0,0
1,0,1,0,0,0,0,1,325380,16777216,4096,6,1,888832,339456,1024,435712,0,262144,8192,4096,3,0,1.0,2,3,2,2,3,2,0,1,0,0,0,0,0.286,0,2,1.0,0.286,0,7.967,-1,6.186,3.869,3.493,7.967,184,236,111,13,1,80,100,255,53,0,0,0,0,100,137,37,0,0,0,0,51,192,137,8,80,69,67,111,109,112,97,99,116,50,0,102,193,159,202,111,233,254,52,174,114,102,98,18,42,47,231,13,232,177,114,184,100,208,204,183,153,132,63,54,16.0,18.0,4.0,0.222,-1,1,311.0,0
1,0,1,0,0,0,0,1,1022527,4194304,4096,5,1,3084288,2148864,1024,899072,0,1048576,4096,4096,3,0,1.0,2,3,2,2,3,2,0,1,0,0,0,0,0.327,0,2,1.0,0.327,0,7.968,-1,6.101,4.416,3.561,7.968,184,32,247,110,0,80,100,255,53,0,0,0,0,100,137,37,0,0,0,0,51,192,137,8,80,69,67,111,109,112,97,99,116,50,0,138,241,164,150,165,235,21,23,130,56,235,26,124,192,78,199,220,44,174,79,30,236,138,105,92,76,89,65,187,23.0,25.0,4.0,0.16,-1,1,148.0,0
1,0,1,0,0,0,0,1,256000,4194304,4096,5,1,708608,352768,1024,291328,0,1048576,4096,4096,3,0,1.0,2,3,2,2,3,2,0,1,0,0,0,0,0.258,0,2,1.0,0.258,0,7.966,-1,4.712,4.544,3.174,7.966,184,140,179,74,0,80,100,255,53,0,0,0,0,100,137,37,0,0,0,0,51,192,137,8,80,69,67,111,109,112,97,99,116,50,0,160,225,215,250,99,161,220,3,64,191,125,219,232,121,182,116,52,162,110,210,205,225,250,109,165,197,212,44,223,15.0,17.0,4.0,0.235,-1,1,496.0,0
1,0,1,0,0,0,0,1,280123,4194304,4096,5,1,790528,424960,1024,303616,0,1048576,4096,4096,3,0,1.0,2,3,2,2,3,2,0,1,0,0,0,0,0.273,0,2,1.0,0.273,0,7.966,-1,4.712,4.604,3.289,7.966,184,180,243,75,0,80,100,255,53,0,0,0,0,100,137,37,0,0,0,0,51,192,137,8,80,69,67,111,109,112,97,99,116,50,0,116,14,85,125,113,220,10,117,166,141,165,112,170,199,59,80,59,207,62,107,130,62,107,28,205,34,85,140,200,15.0,17.0,4.0,0.235,-1,1,496.0,0
1,0,1,0,0,0,0,1,101711,4194304,4096,5,1,155648,60928,1024,68608,0,1048576,4096,4096,3,0,1.0,2,3,2,2,3,2,0,1,0,0,0,0,0.327,0,2,1.0,0.327,0,7.958,-1,6.856,4.07,4.399,7.958,184,84,68,66,0,80,100,255,53,0,0,0,0,100,137,37,0,0,0,0,51,192,137,8,80,69,67,111,109,112,97,99,116,50,0,221,65,230,12,38,248,211,78,240,35,99,252,16,152,185,240,151,62,48,150,217,199,2,38,222,23,4,78,192,1.0,3.0,4.0,1.333,-1,1,22.0,0
1,0,1,0,0,0,0,1,74480,4194304,4096,5,0,110592,53248,1024,26112,0,1048576,4096,4096,3,0,1.0,2,3,2,2,3,2,0,1,0,0,0,0,0.342,0,2,1.0,0.342,0,7.955,-1,6.825,4.062,4.111,7.955,184,212,145,65,0,80,100,255,53,0,0,0,0,100,137,37,0,0,0,0,51,192,137,8,80,69,67,111,109,112,97,99,116,50,0,214,145,115,122,143,113,240,248,6,193,87,98,44,1,146,199,250,213,169,0,48,68,2,11,192,53,81,47,227,1.0,3.0,4.0,1.333,-1,1,14.0,0
1,0,1,0,0,0,0,1,125958,4194304,4096,6,0,208896,152064,1024,29696,0,1048576,8192,4096,3,0,1.0,2,3,2,2,3,2,0,1,0,0,0,0,0.383,0,2,1.0,0.383,0,7.961,-1,6.717,4.275,4.592,7.961,184,196,19,67,0,80,100,255,53,0,0,0,0,100,137,37,0,0,0,0,51,192,137,8,80,69,67,111,109,112,97,99,116,50,0,48,85,202,226,132,71,70,196,205,235,178,1,228,75,246,69,76,145,150,112,25,247,120,42,156,24,230,209,223,6.0,8.0,4.0,0.5,-1,1,14.0,0
1,0,1,0,0,0,0,1,137613,4194304,4096,6,2,241664,69120,1024,148480,0,262144,8192,4096,3,0,1.0,2,3,2,2,3,2,0,1,0,0,0,0,0.53,0,2,1.0,0.53,0,7.966,-1,7.036,4.229,5.578,7.966,184,240,144,67,0,80,100,255,53,0,0,0,0,100,137,37,0,0,0,0,51,192,137,8,80,69,67,111,109,112,97,99,116,50,0,253,47,79,223,157,232,217,244,182,237,9,162,35,46,73,27,133,6,191,249,246,1,42,179,127,247,198,148,194,1.0,3.0,4.0,1.333,-1,1,8.0,0
1,0,1,0,0,0,0,1,230771,4194304,4096,5,1,806912,116224,1024,667136,0,1048576,4096,4096,3,0,1.0,2,3,2,2,3,2,0,1,0,0,0,0,0.22,0,2,1.0,0.22,0,7.969,-1,6.711,3.952,2.713,7.969,184,188,53,76,0,80,100,255,53,0,0,0,0,100,137,37,0,0,0,0,51,192,137,8,80,69,67,111,109,112,97,99,116,50,0,224,117,235,203,183,94,57,168,64,29,176,235,218,93,106,126,123,41,169,191,7,217,196,215,122,134,199,136,154,1.0,3.0,4.0,1.333,-1,1,22.0,0
1,0,1,0,0,0,0,1,2883154,4194304,4096,5,1,2867200,586240,1024,2263040,0,1048576,4096,4096,5,1,0.833,2,6,2,2,6,2,0,1,0,1,1,0,0.801,0,6,0.801,0.148,0,7.897,7.709,7.895,3.958,3.152,5.063,96,232,0,0,0,0,91,141,91,198,1,27,139,19,141,115,20,106,8,89,1,22,173,73,117,250,139,232,198,6,233,139,67,12,137,70,1,106,4,104,0,16,0,0,255,115,8,81,255,85,8,139,240,3,67,4,139,83,24,233,146,0,0,0,15.0,18.0,5.0,0.278,-1,1,42.0,0
1,0,1,0,0,0,0,1,189022,4194304,4096,5,1,155648,68096,1024,66048,0,1048576,4096,4096,5,1,0.833,2,6,2,2,6,2,0,1,0,1,1,0,0.573,1,6,0.979,0.0,0,7.874,6.471,0.0,3.712,3.863,5.165,96,232,0,0,0,0,91,141,91,198,1,27,139,19,141,115,20,106,8,89,1,22,173,73,117,250,139,232,198,6,233,139,67,12,137,70,1,106,4,104,0,16,0,0,255,115,8,81,255,85,8,139,240,3,67,4,139,83,24,233,146,0,0,0,6.0,9.0,5.0,0.556,-1,1,14.0,0
1,0,1,0,0,0,0,1,213969,4194304,4096,5,1,159744,73216,1024,66560,0,1048576,4096,4096,5,1,0.833,2,6,2,2,6,2,0,1,0,1,1,0,0.594,1,6,0.931,0.0,0,7.874,6.477,0.0,3.756,3.936,5.134,96,232,0,0,0,0,91,141,91,198,1,27,139,19,141,115,20,106,8,89,1,22,173,73,117,250,139,232,198,6,233,139,67,12,137,70,1,106,4,104,0,16,0,0,255,115,8,81,255,85,8,139,240,3,67,4,139,83,24,233,146,0,0,0,6.0,9.0,5.0,0.556,-1,1,14.0,0
1,0,1,0,0,0,0,1,397800,4194304,4096,5,1,389120,215552,1024,158720,0,1048576,4096,4096,5,1,0.833,2,6,2,2,6,2,0,1,0,1,1,0,0.977,1,6,0.977,0.0,0,7.884,7.551,0.0,3.855,4.07,5.475,96,232,0,0,0,0,91,141,91,198,1,27,139,19,141,115,20,106,8,89,1,22,173,73,117,250,139,232,198,6,233,139,67,12,137,70,1,106,4,104,0,16,0,0,255,115,8,81,255,85,8,139,240,3,67,4,139,83,24,233,146,0,0,0,14.0,17.0,5.0,0.294,-1,1,14.0,0
1,0,1,0,0,0,0,1,209923,4194304,4096,5,1,167936,75264,1024,72192,0,1048576,4096,4096,5,1,0.833,2,6,2,2,6,2,0,1,0,1,1,0,0.578,1,6,0.984,0.0,0,7.87,6.834,0.0,3.654,4.005,5.167,96,232,0,0,0,0,91,141,91,198,1,27,139,19,141,115,20,106,8,89,1,22,173,73,117,250,139,232,198,6,233,139,67,12,137,70,1,106,4,104,0,16,0,0,255,115,8,81,255,85,8,139,240,3,67,4,139,83,24,233,146,0,0,0,6.0,9.0,5.0,0.556,-1,1,14.0,0
1,0,1,0,0,0,0,1,188498,4194304,4096,5,1,159744,71168,1024,69120,0,1048576,4096,4096,5,1,0.833,2,6,2,2,6,2,0,1,0,1,1,0,0.625,1,6,0.946,0.0,0,7.862,6.479,0.0,3.691,3.963,5.056,96,232,0,0,0,0,91,141,91,198,1,27,139,19,141,115,20,106,8,89,1,22,173,73,117,250,139,232,198,6,233,139,67,12,137,70,1,106,4,104,0,16,0,0,255,115,8,81,255,85,8,139,240,3,67,4,139,83,24,233,146,0,0,0,6.0,9.0,5.0,0.556,-1,1,14.0,0
1,0,1,0,0,0,0,1,684753,4194304,4096,5,1,659456,174080,1024,462336,0,1048576,4096,4096,5,1,0.833,2,6,2,2,6,2,0,1,0,1,1,0,0.695,0,6,0.861,0.136,0,7.896,7.405,7.897,3.746,4.375,4.374,96,232,0,0,0,0,91,141,91,198,1,27,139,19,141,115,20,106,8,89,1,22,173,73,117,250,139,232,198,6,233,139,67,12,137,70,1,106,4,104,0,16,0,0,255,115,8,81,255,85,8,139,240,3,67,4,139,83,24,233,146,0,0,0,10.0,13.0,5.0,0.385,-1,1,92.0,0
1,0,1,0,0,1,0,1,566313,4194304,143360,5,1,552960,359936,1024,142336,0,1048576,4096,4096,8,3,0.727,2,11,2,2,11,2,0,1,0,1,1,0,0.674,1,9,128.0,0.0,0,7.893,5.098,6.921,2.386,4.439,4.199,96,232,0,0,0,0,91,141,91,198,1,27,139,19,141,115,20,106,8,89,1,22,173,73,117,250,139,232,198,6,233,139,67,12,137,70,1,106,4,104,0,16,0,0,255,115,8,81,255,85,8,139,240,3,67,4,139,83,24,233,146,0,0,0,8.0,11.0,5.0,0.455,-1,1,81.0,0
1,0,1,0,0,0,0,1,334620,4194304,4096,5,1,299008,86016,1024,195584,0,1048576,4096,4096,5,1,0.833,2,6,2,2,6,2,0,1,0,1,1,0,0.628,0,6,0.985,0.145,0,7.874,6.573,7.892,3.681,4.403,5.062,96,232,0,0,0,0,91,141,91,198,1,27,139,19,141,115,20,106,8,89,1,22,173,73,117,250,139,232,198,6,233,139,67,12,137,70,1,106,4,104,0,16,0,0,255,115,8,81,255,85,8,139,240,3,67,4,139,83,24,233,146,0,0,0,6.0,9.0,5.0,0.556,-1,1,19.0,0
1,0,1,0,0,0,0,1,266350,4194304,4096,6,0,270336,141824,1024,106496,0,1048576,4096,4096,5,1,0.833,2,6,2,2,6,2,0,1,0,1,1,0,0.623,1,6,0.937,0.0,0,7.885,7.863,0.0,3.704,3.919,5.19,96,232,0,0,0,0,91,141,91,198,1,27,139,19,141,115,20,106,8,89,1,22,173,73,117,250,139,232,198,6,233,139,67,12,137,70,1,106,4,104,0,16,0,0,255,115,8,81,255,85,8,139,240,3,67,4,139,83,24,233,146,0,0,0,9.0,12.0,5.0,0.417,-1,1,14.0,0
1,0,1,0,0,0,0,1,358026,4194304,4096,5,1,307200,93696,1024,195584,0,1048576,4096,4096,5,1,0.833,2,6,2,2,6,2,0,1,0,1,1,0,0.627,0,6,0.982,0.143,0,7.88,6.547,7.896,3.781,4.382,5.122,96,232,0,0,0,0,91,141,91,198,1,27,139,19,141,115,20,106,8,89,1,22,173,73,117,250,139,232,198,6,233,139,67,12,137,70,1,106,4,104,0,16,0,0,255,115,8,81,255,85,8,139,240,3,67,4,139,83,24,233,146,0,0,0,7.0,10.0,5.0,0.5,-1,1,19.0,0
1,0,1,0,0,0,0,1,381312,4194304,4096,5,1,516096,99840,1024,400896,0,1048576,4096,4096,5,1,0.833,2,6,2,2,6,2,0,1,0,1,1,0,0.633,0,6,0.944,0.011,0,7.878,6.915,7.898,3.763,3.162,5.079,96,232,0,0,0,0,91,141,91,198,1,27,139,19,141,115,20,106,8,89,1,22,173,73,117,250,139,232,198,6,233,139,67,12,137,70,1,106,4,104,0,16,0,0,255,115,8,81,255,85,8,139,240,3,67,4,139,83,24,233,146,0,0,0,7.0,10.0,5.0,0.5,-1,1,24.0,0
1,0,1,0,0,0,0,1,2229709,4194304,4096,5,1,2228224,585216,1024,1594368,0,1048576,4096,4096,5,1,0.833,2,6,2,2,6,2,0,1,0,1,1,0,0.89,0,6,0.89,0.066,0,7.897,6.972,7.893,4.105,3.965,5.003,96,232,0,0,0,0,91,141,91,198,1,27,139,19,141,115,20,106,8,89,1,22,173,73,117,250,139,232,198,6,233,139,67,12,137,70,1,106,4,104,0,16,0,0,255,115,8,81,255,85,8,139,240,3,67,4,139,83,24,233,146,0,0,0,13.0,16.0,5.0,0.312,-1,1,323.0,0
1,0,1,0,0,0,0,1,2736720,4194304,4096,5,1,2908160,763904,1024,1943552,0,1048576,4096,4096,5,1,0.833,2,6,2,2,6,2,0,1,0,1,1,0,0.994,0,6,0.994,0.044,0,7.901,7.659,7.896,4.045,3.87,5.037,96,232,0,0,0,0,91,141,91,198,1,27,139,19,141,115,20,106,8,89,1,22,173,73,117,250,139,232,198,6,233,139,67,12,137,70,1,106,4,104,0,16,0,0,255,115,8,81,255,85,8,139,240,3,67,4,139,83,24,233,146,0,0,0,18.0,21.0,5.0,0.238,-1,1,494.0,0
1,0,1,0,0,0,0,1,676564,4194304,4096,5,1,663552,167424,1024,481280,0,1048576,4096,4096,5,1,0.833,2,6,2,2,6,2,0,1,0,1,1,0,0.671,0,6,0.883,0.103,0,7.886,7.11,7.895,3.852,4.175,5.17,96,232,0,0,0,0,91,141,91,198,1,27,139,19,141,115,20,106,8,89,1,22,173,73,117,250,139,232,198,6,233,139,67,12,137,70,1,106,4,104,0,16,0,0,255,115,8,81,255,85,8,139,240,3,67,4,139,83,24,233,146,0,0,0,11.0,14.0,5.0,0.357,-1,1,19.0,0
1,0,1,0,0,0,0,1,725100,4194304,4096,5,1,737280,116224,1024,558592,0,1048576,4096,4096,5,1,0.833,2,6,2,2,6,2,0,1,0,1,1,0,0.955,0,6,0.955,0.109,0,7.887,6.354,7.892,3.43,4.003,5.181,96,232,0,0,0,0,91,141,91,198,1,27,139,19,141,115,20,106,8,89,1,22,173,73,117,250,139,232,198,6,233,139,67,12,137,70,1,106,4,104,0,16,0,0,255,115,8,81,255,85,8,139,240,3,67,4,139,83,24,233,146,0,0,0,9.0,12.0,5.0,0.417,-1,1,92.0,0
1,0,1,0,0,0,0,1,179878,4194304,4096,5,1,151552,66560,1024,65536,0,1048576,4096,4096,5,1,0.833,2,6,2,2,6,2,0,1,0,1,1,0,0.59,1,5,1.01,0.0,0,7.871,6.451,0.0,3.664,3.907,5.14,96,232,0,0,0,0,91,141,91,198,1,27,139,19,141,115,20,106,8,89,1,22,173,73,117,250,139,232,198,6,233,139,67,12,137,70,1,106,4,104,0,16,0,0,255,115,8,81,255,85,8,139,240,3,67,4,139,83,24,233,146,0,0,0,6.0,9.0,5.0,0.556,-1,1,14.0,0
1,0,1,0,0,0,0,1,304493,4194304,4096,5,1,327680,79360,1024,161280,0,1048576,4096,4096,5,1,0.833,2,6,2,2,6,2,0,1,0,1,1,0,0.97,0,6,0.992,0.157,0,7.866,6.951,7.772,3.675,4.126,6.914,96,232,0,0,0,0,91,141,91,198,1,27,139,19,141,115,20,106,8,89,1,22,173,73,117,250,139,232,198,6,233,139,67,12,137,70,1,106,4,104,0,16,0,0,255,115,8,81,255,85,8,139,240,3,67,4,139,83,24,233,146,0,0,0,6.0,9.0,5.0,0.556,-1,1,69.0,0
1,0,1,0,0,0,0,1,279762,4194304,4096,5,1,319488,71680,1024,161792,0,1048576,4096,4096,5,1,0.833,2,6,2,2,6,2,0,1,0,1,1,0,0.971,0,5,1.024,0.157,0,7.872,6.962,7.77,3.736,4.149,6.914,96,232,0,0,0,0,91,141,91,198,1,27,139,19,141,115,20,106,8,89,1,22,173,73,117,250,139,232,198,6,233,139,67,12,137,70,1,106,4,104,0,16,0,0,255,115,8,81,255,85,8,139,240,3,67,4,139,83,24,233,146,0,0,0,8.0,11.0,5.0,0.455,-1,1,69.0,0
1,0,1,0,0,0,0,1,198807,4194304,4096,5,1,147456,65536,1024,65024,0,1048576,4096,4096,5,1,0.833,2,6,2,2,6,2,0,1,0,1,1,0,0.58,1,5,1.025,0.0,0,7.872,6.489,0.0,3.68,3.958,5.166,96,232,0,0,0,0,91,141,91,198,1,27,139,19,141,115,20,106,8,89,1,22,173,73,117,250,139,232,198,6,233,139,67,12,137,70,1,106,4,104,0,16,0,0,255,115,8,81,255,85,8,139,240,3,67,4,139,83,24,233,146,0,0,0,6.0,9.0,5.0,0.556,-1,1,14.0,0
1,0,1,0,0,0,0,1,243861,4194304,4096,5,1,233472,80384,1024,135680,0,1048576,4096,4096,5,1,0.833,2,6,2,2,6,2,0,1,0,1,1,0,0.656,0,6,0.906,0.158,0,7.869,6.68,7.879,3.749,4.248,5.089,96,232,0,0,0,0,91,141,91,198,1,27,139,19,141,115,20,106,8,89,1,22,173,73,117,250,139,232,198,6,233,139,67,12,137,70,1,106,4,104,0,16,0,0,255,115,8,81,255,85,8,139,240,3,67,4,139,83,24,233,146,0,0,0,8.0,11.0,5.0,0.455,-1,1,22.0,0
1,0,1,0,0,0,0,1,218619,4194304,4096,5,1,208896,92160,1024,99840,0,1048576,4096,4096,5,1,0.833,2,6,2,2,6,2,0,1,0,1,1,0,0.889,1,6,0.95,0.0,0,7.877,6.442,0.0,3.667,3.559,4.407,96,232,0,0,0,0,91,141,91,198,1,27,139,19,141,115,20,106,8,89,1,22,173,73,117,250,139,232,198,6,233,139,67,12,137,70,1,106,4,104,0,16,0,0,255,115,8,81,255,85,8,139,240,3,67,4,139,83,24,233,146,0,0,0,6.0,9.0,5.0,0.556,-1,1,30.0,0
1,0,1,0,0,0,0,1,157809,4194304,4096,5,1,176128,64512,1024,95744,0,1048576,4096,4096,5,1,0.833,2,6,2,2,6,2,0,1,0,1,1,0,0.897,1,6,0.968,0.0,0,7.875,6.462,0.0,3.706,3.493,4.432,96,232,0,0,0,0,91,141,91,198,1,27,139,19,141,115,20,106,8,89,1,22,173,73,117,250,139,232,198,6,233,139,67,12,137,70,1,106,4,104,0,16,0,0,255,115,8,81,255,85,8,139,240,3,67,4,139,83,24,233,146,0,0,0,7.0,10.0,5.0,0.5,-1,1,30.0,0
1,0,1,0,0,0,0,1,664956,4194304,4096,5,1,647168,90112,1024,542720,0,1048576,4096,4096,5,1,0.833,2,6,2,2,6,2,0,1,0,1,1,0,0.642,0,6,0.947,0.132,0,7.879,7.02,7.895,3.644,4.329,5.059,96,232,0,0,0,0,91,141,91,198,1,27,139,19,141,115,20,106,8,89,1,22,173,73,117,250,139,232,198,6,233,139,67,12,137,70,1,106,4,104,0,16,0,0,255,115,8,81,255,85,8,139,240,3,67,4,139,83,24,233,146,0,0,0,6.0,9.0,5.0,0.556,-1,1,27.0,0
1,0,1,0,0,0,0,1,450058,4194304,4096,5,1,434176,113664,1024,302592,0,1048576,4096,4096,5,1,0.833,2,6,2,2,6,2,0,1,0,1,1,0,0.682,0,6,0.947,0.17,0,7.879,7.052,7.891,3.732,4.418,5.323,96,232,0,0,0,0,91,141,91,198,1,27,139,19,141,115,20,106,8,89,1,22,173,73,117,250,139,232,198,6,233,139,67,12,137,70,1,106,4,104,0,16,0,0,255,115,8,81,255,85,8,139,240,3,67,4,139,83,24,233,146,0,0,0,9.0,12.0,5.0,0.417,-1,1,19.0,0
1,0,1,0,0,0,0,1,182227,4194304,4096,5,1,163840,74752,1024,66048,0,1048576,4096,4096,5,1,0.833,2,6,2,2,6,2,0,1,0,1,1,0,0.586,1,6,0.966,0.0,0,7.862,6.422,0.0,3.707,3.88,5.137,96,232,0,0,0,0,91,141,91,198,1,27,139,19,141,115,20,106,8,89,1,22,173,73,117,250,139,232,198,6,233,139,67,12,137,70,1,106,4,104,0,16,0,0,255,115,8,81,255,85,8,139,240,3,67,4,139,83,24,233,146,0,0,0,6.0,9.0,5.0,0.556,-1,1,14.0,0
1,0,1,0,0,0,0,1,1174185,4194304,4096,6,0,1269760,822784,1024,321536,0,1048576,4096,4096,5,1,0.833,2,6,2,2,6,2,0,1,0,1,1,0,0.98,0,5,1.002,0.037,0,7.898,7.654,7.631,4.293,3.836,2.761,96,232,0,0,0,0,91,141,91,198,1,27,139,19,141,115,20,106,8,89,1,22,173,73,117,250,139,232,198,6,233,139,67,12,137,70,1,106,4,104,0,16,0,0,255,115,8,81,255,85,8,139,240,3,67,4,139,83,24,233,146,0,0,0,12.0,15.0,5.0,0.333,-1,1,102.0,0
1,0,1,0,0,0,0,1,107858,16777216,4096,6,1,77824,34304,1024,27136,0,262144,8192,4096,4,1,0.8,2,5,2,2,5,2,0,1,0,1,1,0,0.68,0,5,0.835,0.025,0,7.831,6.983,1.914,3.589,3.052,5.205,96,232,0,0,0,0,91,141,91,198,1,27,139,19,141,115,20,106,8,89,1,22,173,73,117,250,139,232,198,6,233,139,67,12,137,70,1,106,4,104,0,16,0,0,255,115,8,81,255,85,8,139,240,3,67,4,139,83,24,233,146,0,0,0,6.0,9.0,5.0,0.556,-1,1,19.0,0
1,0,1,0,0,0,0,1,180060,4194304,4096,5,1,180224,82432,1024,77824,0,1048576,4096,4096,5,1,0.833,2,6,2,2,6,2,0,1,0,1,1,0,0.576,1,6,0.921,0.0,0,7.868,7.315,0.0,3.846,4.132,5.195,96,232,0,0,0,0,91,141,91,198,1,27,139,19,141,115,20,106,8,89,1,22,173,73,117,250,139,232,198,6,233,139,67,12,137,70,1,106,4,104,0,16,0,0,255,115,8,81,255,85,8,139,240,3,67,4,139,83,24,233,146,0,0,0,6.0,9.0,5.0,0.556,-1,1,14.0,0
1,0,1,0,0,0,0,1,182879,4194304,4096,5,1,155648,67584,1024,66048,0,1048576,4096,4096,5,1,0.833,2,6,2,2,6,2,0,1,0,1,1,0,0.577,1,6,0.988,0.0,0,7.873,6.471,0.0,3.703,3.856,5.168,96,232,0,0,0,0,91,141,91,198,1,27,139,19,141,115,20,106,8,89,1,22,173,73,117,250,139,232,198,6,233,139,67,12,137,70,1,106,4,104,0,16,0,0,255,115,8,81,255,85,8,139,240,3,67,4,139,83,24,233,146,0,0,0,6.0,9.0,5.0,0.556,-1,1,14.0,0
1,0,1,0,0,0,0,1,7198898,4194304,4096,5,0,7176192,248832,1024,6877696,0,1048576,4096,4096,5,1,0.833,2,6,2,2,6,2,0,1,0,1,1,0,0.924,0,6,0.924,0.016,0,7.891,7.871,7.902,3.317,1.316,4.432,96,232,0,0,0,0,91,141,91,198,1,27,139,19,141,115,20,106,8,89,1,22,173,73,117,250,139,232,198,6,233,139,67,12,137,70,1,106,4,104,0,16,0,0,255,115,8,81,255,85,8,139,240,3,67,4,139,83,24,233,146,0,0,0,14.0,17.0,5.0,0.294,-1,1,75.0,0
1,0,1,0,0,0,0,1,594129,16777216,4096,6,1,729088,99328,1024,487424,0,262144,8192,4096,4,1,0.8,2,5,2,2,5,2,0,1,0,1,1,0,1.0,0,5,1.0,0.254,0,7.879,6.931,7.835,3.742,4.908,7.346,96,232,0,0,0,0,91,141,91,198,1,27,139,19,141,115,20,106,8,89,1,22,173,73,117,250,139,232,198,6,233,139,67,12,137,70,1,106,4,104,0,16,0,0,255,115,8,81,255,85,8,139,240,3,67,4,139,83,24,233,146,0,0,0,12.0,15.0,5.0,0.333,-1,1,186.0,0
1,0,1,0,0,0,0,1,154549,4194304,4096,5,0,139264,66048,1024,43008,0,1048576,4096,4096,5,1,0.833,2,6,2,2,6,2,0,1,0,1,1,0,0.57,0,6,0.622,0.112,0,7.871,6.744,7.25,3.485,3.974,4.639,96,232,0,0,0,0,91,141,91,198,1,27,139,19,141,115,20,106,8,89,1,22,173,73,117,250,139,232,198,6,233,139,67,12,137,70,1,106,4,104,0,16,0,0,255,115,8,81,255,85,8,139,240,3,67,4,139,83,24,233,146,0,0,0,6.0,9.0,5.0,0.556,-1,1,65.0,0
1,0,1,0,0,0,0,1,892335,4194304,4096,5,1,905216,92672,1024,799744,0,1048576,4096,4096,5,1,0.833,2,6,2,2,6,2,0,1,0,1,1,0,0.687,0,6,0.921,0.021,0,7.881,7.471,7.886,3.678,2.259,5.201,96,232,0,0,0,0,91,141,91,198,1,27,139,19,141,115,20,106,8,89,1,22,173,73,117,250,139,232,198,6,233,139,67,12,137,70,1,106,4,104,0,16,0,0,255,115,8,81,255,85,8,139,240,3,67,4,139,83,24,233,146,0,0,0,6.0,9.0,5.0,0.556,-1,1,22.0,0
1,0,0,0,0,0,0,1,1627718,4194304,4096,5,1,2347008,581632,1024,1533440,0,4194304,4096,4096,5,1,0.833,2,6,2,2,6,2,0,1,0,1,1,0,0.995,0,6,0.995,0.056,0,7.891,7.611,7.802,4.047,5.147,6.204,96,232,0,0,0,0,91,141,91,198,1,27,139,19,141,115,20,106,8,89,1,22,173,73,117,250,139,232,198,6,233,139,67,12,137,70,1,106,4,104,0,16,0,0,255,115,8,81,255,85,8,139,240,3,67,4,139,83,24,233,146,0,0,0,18.0,21.0,5.0,0.238,-1,1,936.0,0
1,0,1,0,0,0,0,1,359229,1255145472,4096,6,1,348160,142848,1024,158720,0,1048576,1036288,4096,4,1,0.8,2,5,2,2,5,2,0,1,0,1,1,0,0.938,0,5,0.956,0.015,0,7.902,6.484,2.045,3.736,3.069,4.126,96,232,0,0,0,0,91,141,91,198,1,27,139,19,141,115,20,106,8,89,1,22,173,73,117,250,139,232,198,6,233,139,67,12,137,70,1,106,4,104,0,16,0,0,255,115,8,81,255,85,8,139,240,3,67,4,139,83,24,233,146,0,0,0,4.0,7.0,5.0,0.714,-1,1,67.0,0
1,0,1,0,0,0,0,1,154163,4194304,4096,5,1,147456,65536,1024,65024,0,1048576,4096,4096,5,1,0.833,2,6,2,2,6,2,0,1,0,1,1,0,0.569,1,5,1.026,0.0,0,7.871,6.456,0.0,3.634,3.949,5.16,96,232,0,0,0,0,91,141,91,198,1,27,139,19,141,115,20,106,8,89,1,22,173,73,117,250,139,232,198,6,233,139,67,12,137,70,1,106,4,104,0,16,0,0,255,115,8,81,255,85,8,139,240,3,67,4,139,83,24,233,146,0,0,0,6.0,9.0,5.0,0.556,-1,1,14.0,0
1,0,1,0,0,0,0,1,834864,16777216,4096,6,1,880640,339456,1024,435712,0,262144,8192,4096,4,1,0.8,2,5,2,2,5,2,0,1,0,1,1,0,0.965,0,5,0.965,0.124,0,7.904,7.171,7.835,3.526,3.793,6.138,96,232,0,0,0,0,91,141,91,198,1,27,139,19,141,115,20,106,8,89,1,22,173,73,117,250,139,232,198,6,233,139,67,12,137,70,1,106,4,104,0,16,0,0,255,115,8,81,255,85,8,139,240,3,67,4,139,83,24,233,146,0,0,0,16.0,19.0,5.0,0.263,-1,1,310.0,0
1,0,1,0,0,0,0,1,3027784,4194304,4096,5,1,3076096,2148864,1024,899072,0,1048576,4096,4096,5,1,0.833,2,6,2,2,6,2,0,1,0,1,1,0,0.826,0,6,0.826,0.104,0,7.909,7.755,7.892,3.914,4.226,5.16,96,232,0,0,0,0,91,141,91,198,1,27,139,19,141,115,20,106,8,89,1,22,173,73,117,250,139,232,198,6,233,139,67,12,137,70,1,106,4,104,0,16,0,0,255,115,8,81,255,85,8,139,240,3,67,4,139,83,24,233,146,0,0,0,23.0,26.0,5.0,0.192,-1,1,148.0,0
1,0,1,0,0,0,0,1,682666,4194304,4096,5,1,700416,352768,1024,291328,0,1048576,4096,4096,5,1,0.833,2,6,2,2,6,2,0,1,0,1,1,0,0.941,0,6,0.941,0.118,0,7.902,7.302,7.826,4.082,3.488,4.389,96,232,0,0,0,0,91,141,91,198,1,27,139,19,141,115,20,106,8,89,1,22,173,73,117,250,139,232,198,6,233,139,67,12,137,70,1,106,4,104,0,16,0,0,255,115,8,81,255,85,8,139,240,3,67,4,139,83,24,233,146,0,0,0,15.0,18.0,5.0,0.278,-1,1,495.0,0
1,0,1,0,0,0,0,1,776609,4194304,4096,5,1,782336,424960,1024,303616,0,1048576,4096,4096,5,1,0.833,2,6,2,2,6,2,0,1,0,1,1,0,0.941,0,6,0.941,0.123,0,7.903,7.239,7.823,4.246,3.645,4.387,96,232,0,0,0,0,91,141,91,198,1,27,139,19,141,115,20,106,8,89,1,22,173,73,117,250,139,232,198,6,233,139,67,12,137,70,1,106,4,104,0,16,0,0,255,115,8,81,255,85,8,139,240,3,67,4,139,83,24,233,146,0,0,0,15.0,18.0,5.0,0.278,-1,1,495.0,0
1,0,1,0,0,0,0,1,177326,4194304,4096,5,1,147456,60928,1024,68608,0,1048576,4096,4096,5,1,0.833,2,6,2,2,6,2,0,1,0,1,1,0,0.711,0,6,0.988,0.162,0,7.871,6.84,5.759,3.578,3.972,5.24,96,232,0,0,0,0,91,141,91,198,1,27,139,19,141,115,20,106,8,89,1,22,173,73,117,250,139,232,198,6,233,139,67,12,137,70,1,106,4,104,0,16,0,0,255,115,8,81,255,85,8,139,240,3,67,4,139,83,24,233,146,0,0,0,6.0,9.0,5.0,0.556,-1,1,22.0,0
1,0,1,0,0,0,0,1,0,4194304,4096,5,1,19591168,10805760,4096,8640000,0,1048576,4096,4096,5,2,0.714,2,7,2,2,7,2,0,1,0,1,1,0,1.0,1,5,1.882,0.0,0,7.901,7.701,7.733,3.991,4.732,4.661,96,232,0,0,0,0,91,141,91,198,1,27,139,19,141,115,20,106,8,89,1,22,173,73,117,250,139,232,198,6,233,139,67,12,137,70,1,106,4,104,0,16,0,0,255,115,8,81,255,85,8,139,240,3,67,4,139,83,24,233,146,0,0,0,20.0,23.0,5.0,0.217,-1,1,54.0,0
1,0,1,0,0,0,0,1,2470825,4194304,4096,5,1,4370432,301056,1024,4031488,0,1048576,4096,4096,5,1,0.833,2,6,2,2,6,2,0,1,0,1,1,0,0.871,0,6,0.871,0.004,0,7.89,7.642,7.903,3.764,1.886,5.077,96,232,0,0,0,0,91,141,91,198,1,27,139,19,141,115,20,106,8,89,1,22,173,73,117,250,139,232,198,6,233,139,67,12,137,70,1,106,4,104,0,16,0,0,255,115,8,81,255,85,8,139,240,3,67,4,139,83,24,233,146,0,0,0,13.0,16.0,5.0,0.312,-1,1,260.0,0
1,0,1,0,0,0,0,1,814043,4194304,4096,5,1,798720,116224,1024,667136,0,1048576,4096,4096,5,1,0.833,2,6,2,2,6,2,0,1,0,1,1,0,0.79,0,6,0.919,0.03,0,7.88,7.619,7.9,3.445,3.121,5.254,96,232,0,0,0,0,91,141,91,198,1,27,139,19,141,115,20,106,8,89,1,22,173,73,117,250,139,232,198,6,233,139,67,12,137,70,1,106,4,104,0,16,0,0,255,115,8,81,255,85,8,139,240,3,67,4,139,83,24,233,146,0,0,0,8.0,11.0,5.0,0.455,-1,1,22.0,0
1,0,1,0,0,0,0,1,247048,4194304,4096,5,1,835584,0,1024,229376,593920,1048576,4096,4096,0,2,0.0,2,2,2,2,2,2,0,1,1,1,1,0,0.0,0,2,0.976,0.0,1,-1,-1,-1,2.551,2.971,3.824,233,16,65,9,0,180,9,186,11,1,205,33,180,76,205,33,112,97,99,107,101,100,32,98,121,32,110,115,112,97,99,107,36,64,0,0,0,80,69,0,0,76,1,2,0,189,202,192,81,0,0,0,0,0,0,0,0,224,0,3,1,11,1,11,11.0,15.0,6.0,0.4,-1,1,94.0,0
1,0,1,0,0,0,0,1,59136,4194304,4096,5,1,225280,0,1024,57344,155648,1048576,4096,4096,0,2,0.0,2,2,2,2,2,2,0,1,1,1,1,0,0.001,0,2,0.878,0.001,1,-1,-1,-1,2.487,2.728,1.562,233,213,103,2,0,180,9,186,11,1,205,33,180,76,205,33,112,97,99,107,101,100,32,98,121,32,110,115,112,97,99,107,36,64,0,0,0,80,69,0,0,76,1,2,0,195,19,14,90,0,0,0,0,0,0,0,0,224,0,3,1,11,1,12,7.0,11.0,6.0,0.545,-1,1,14.0,0
1,0,1,0,0,0,0,1,106226,4194304,4096,5,1,323584,0,1024,81920,229376,1048576,4096,4096,0,2,0.0,2,2,2,2,2,2,0,1,1,1,1,0,0.001,0,2,0.912,0.001,1,-1,-1,-1,2.584,2.728,1.8,233,184,135,3,0,180,9,186,11,1,205,33,180,76,205,33,112,97,99,107,101,100,32,98,121,32,110,115,112,97,99,107,36,64,0,0,0,80,69,0,0,76,1,2,0,132,23,94,87,0,0,0,0,0,0,0,0,224,0,3,1,11,1,12,6.0,10.0,6.0,0.6,-1,1,14.0,0
1,0,1,0,0,0,0,1,440638,4194304,4096,6,0,1691648,0,1024,397312,1286144,1048576,4096,4096,0,2,0.0,2,2,2,2,2,2,0,1,1,1,1,0,0.0,0,2,0.987,0.0,1,-1,-1,-1,2.593,2.604,2.297,233,136,194,19,0,180,9,186,11,1,205,33,180,76,205,33,112,97,99,107,101,100,32,98,121,32,110,115,112,97,99,107,36,64,0,0,0,80,69,0,0,76,1,2,0,39,49,197,91,0,0,0,0,0,0,0,0,224,0,3,1,11,1,12,12.0,16.0,7.0,0.438,-1,1,143.0,0
1,0,1,0,0,0,0,1,99011,4194304,4096,6,0,323584,0,1024,81920,229376,4096,4096,4096,0,2,0.0,2,2,2,2,2,2,0,1,1,1,1,0,0.001,0,2,0.911,0.001,1,-1,-1,-1,2.563,2.719,1.672,233,123,135,3,0,180,9,186,11,1,205,33,180,76,205,33,112,97,99,107,101,100,32,98,121,32,110,115,112,97,99,107,36,64,0,0,0,80,69,0,0,76,1,2,0,128,49,46,88,0,0,0,0,0,0,0,0,224,0,35,1,11,1,12,5.0,9.0,6.0,0.667,-1,1,14.0,0
1,0,1,0,0,0,0,1,710929,4194304,4096,5,1,3547136,0,1024,708608,2826240,1048576,4096,4096,0,2,0.0,2,2,2,2,2,2,0,1,1,1,1,0,0.0,0,2,0.991,0.0,1,-1,-1,-1,2.657,2.195,2.345,233,20,63,44,0,180,9,186,11,1,205,33,180,76,205,33,112,97,99,107,101,100,32,98,121,32,110,115,112,97,99,107,36,64,0,0,0,80,69,0,0,76,1,2,0,6,162,79,91,0,0,0,0,0,0,0,0,224,0,3,1,11,1,12,15.0,19.0,6.0,0.316,-1,1,43.0,0
1,0,1,0,0,0,0,1,89640,4194304,4096,5,1,208896,0,1024,53248,143360,1048576,4096,4096,0,2,0.0,2,2,2,2,2,2,0,1,1,1,1,0,0.002,0,2,0.866,0.002,1,-1,-1,-1,2.518,2.673,1.751,233,164,55,2,0,180,9,186,11,1,205,33,180,76,205,33,112,97,99,107,101,100,32,98,121,32,110,115,112,97,99,107,36,64,0,0,0,80,69,0,0,76,1,2,0,205,21,94,87,0,0,0,0,0,0,0,0,224,0,3,1,11,1,12,6.0,10.0,6.0,0.6,-1,1,14.0,0
1,0,1,0,0,0,0,1,58772,4194304,4096,5,1,212992,0,1024,53248,147456,1048576,4096,4096,0,2,0.0,2,2,2,2,2,2,0,1,1,1,1,0,0.002,0,2,0.873,0.002,1,-1,-1,-1,2.514,2.713,1.775,233,242,71,2,0,180,9,186,11,1,205,33,180,76,205,33,112,97,99,107,101,100,32,98,121,32,110,115,112,97,99,107,36,64,0,0,0,80,69,0,0,76,1,2,0,142,126,123,87,0,0,0,0,0,0,0,0,224,0,3,1,11,1,12,6.0,10.0,6.0,0.6,-1,1,14.0,0
1,0,1,0,0,0,0,1,158516,4194304,4096,5,1,507904,0,1024,126976,368640,1048576,4096,4096,0,2,0.0,2,2,2,2,2,2,0,1,1,1,1,0,0.001,0,2,0.952,0.001,1,-1,-1,-1,2.619,2.764,1.947,233,171,174,5,0,180,9,186,11,1,205,33,180,76,205,33,112,97,99,107,101,100,32,98,121,32,110,115,112,97,99,107,36,64,0,0,0,80,69,0,0,76,1,2,0,191,49,197,91,0,0,0,0,0,0,0,0,224,0,3,1,11,1,12,14.0,18.0,6.0,0.333,-1,1,14.0,0
1,0,1,0,0,0,0,1,108865,4194304,4096,5,1,225280,0,1024,57344,155648,1048576,4096,4096,0,2,0.0,2,2,2,2,2,2,0,1,1,1,1,0,0.002,0,2,0.88,0.002,1,-1,-1,-1,2.518,2.752,1.909,233,178,103,2,0,180,9,186,11,1,205,33,180,76,205,33,112,97,99,107,101,100,32,98,121,32,110,115,112,97,99,107,36,64,0,0,0,80,69,0,0,76,1,2,0,142,135,82,90,0,0,0,0,0,0,0,0,224,0,3,1,11,1,12,6.0,10.0,6.0,0.6,-1,1,14.0,0
1,0,1,0,0,0,0,1,123269,4194304,4096,5,0,212992,0,1024,69632,131072,1048576,4096,4096,0,2,0.0,2,2,2,2,2,2,0,1,1,1,1,0,0.001,0,2,0.889,0.001,1,-1,-1,-1,2.33,2.925,2.103,233,105,101,2,0,180,9,186,11,1,205,33,180,76,205,33,112,97,99,107,101,100,32,98,121,32,110,115,112,97,99,107,36,64,0,0,0,80,69,0,0,76,1,2,0,223,121,13,81,0,0,0,0,0,0,0,0,224,0,35,1,11,1,9,5.0,9.0,6.0,0.667,-1,1,51.0,0
1,0,1,0,0,0,0,1,62000,4194304,4096,5,1,212992,0,1024,53248,147456,1048576,4096,4096,0,2,0.0,2,2,2,2,2,2,0,1,1,1,1,0,0.002,0,2,0.876,0.002,1,-1,-1,-1,2.488,2.733,1.7,233,115,72,2,0,180,9,186,11,1,205,33,180,76,205,33,112,97,99,107,101,100,32,98,121,32,110,115,112,97,99,107,36,64,0,0,0,80,69,0,0,76,1,2,0,218,233,73,87,0,0,0,0,0,0,0,0,224,0,3,1,11,1,12,6.0,10.0,6.0,0.6,-1,1,14.0,0
1,0,1,0,0,0,0,1,291249,4194304,4096,5,1,876544,0,1024,237568,630784,1048576,4096,4096,0,2,0.0,2,2,2,2,2,2,0,1,1,1,1,0,0.001,0,2,0.976,0.001,1,-1,-1,-1,2.579,2.921,1.912,233,36,192,9,0,180,9,186,11,1,205,33,180,76,205,33,112,97,99,107,101,100,32,98,121,32,110,115,112,97,99,107,36,64,0,0,0,80,69,0,0,76,1,2,0,195,100,16,91,0,0,0,0,0,0,0,0,224,0,3,1,11,1,12,10.0,14.0,6.0,0.429,-1,1,92.0,0
1,0,1,0,0,1,0,1,239817,4194304,4096,5,1,745472,0,1024,221184,512000,1048576,4096,4096,0,2,0.0,2,2,2,2,2,2,0,1,1,1,1,0,0.001,0,2,0.974,0.001,1,-1,-1,-1,2.418,3.17,1.949,233,36,239,7,0,180,9,186,11,1,205,33,180,76,205,33,112,97,99,107,101,100,32,98,121,32,110,115,112,97,99,107,36,64,0,0,0,80,69,0,0,76,1,2,0,0,0,0,0,0,0,0,0,0,0,0,0,224,0,3,1,11,1,14,8.0,12.0,6.0,0.5,-1,1,81.0,0
1,0,1,0,0,0,0,1,310503,4194304,4096,5,1,999424,0,1024,299008,692224,1048576,4096,4096,0,2,0.0,2,2,2,2,2,2,0,1,1,1,1,0,0.0,0,2,0.98,0.0,1,-1,-1,-1,2.58,3.187,2.032,233,225,174,10,0,180,9,186,11,1,205,33,180,76,205,33,112,97,99,107,101,100,32,98,121,32,110,115,112,97,99,107,36,64,0,0,0,80,69,0,0,76,1,2,0,184,3,254,88,0,0,0,0,0,0,0,0,224,0,3,1,11,1,14,8.0,12.0,6.0,0.5,-1,1,81.0,0
1,0,1,0,0,0,0,1,95920,4194304,4096,5,1,385024,0,1024,86016,286720,1048576,4096,4096,0,2,0.0,2,2,2,2,2,2,0,1,1,1,1,0,0.002,0,2,0.918,0.002,1,-1,-1,-1,2.67,2.463,2.543,233,122,104,4,0,180,9,186,11,1,205,33,180,76,205,33,112,97,99,107,101,100,32,98,121,32,110,115,112,97,99,107,36,64,0,0,0,80,69,0,0,76,1,2,0,109,174,114,87,0,0,0,0,0,0,0,0,224,0,3,1,11,1,12,6.0,10.0,6.0,0.6,-1,1,19.0,0
1,0,1,0,0,0,0,1,99726,4194304,4096,6,0,352256,0,1024,86016,253952,1048576,4096,4096,0,2,0.0,2,2,2,2,2,2,0,1,1,1,1,0,0.0,0,2,0.919,0.0,1,-1,-1,-1,2.638,2.703,1.076,0,0,0,0,0,0,0,0,0,0,0,0,0,0,0,0,0,0,0,0,0,0,0,0,0,0,0,0,0,0,0,0,0,0,0,0,0,0,0,0,0,0,0,0,0,0,0,0,0,0,0,0,0,0,0,0,0,0,0,0,0,0,0,0,9.0,13.0,6.0,0.462,-1,1,14.0,0
1,0,1,0,0,0,0,1,87916,4194304,4096,5,1,393216,0,1024,86016,294912,1048576,4096,4096,0,2,0.0,2,2,2,2,2,2,0,1,1,1,1,0,0.0,0,2,0.92,0.0,1,-1,-1,-1,2.657,2.465,1.869,233,122,136,4,0,180,9,186,11,1,205,33,180,76,205,33,112,97,99,107,101,100,32,98,121,32,110,115,112,97,99,107,36,64,0,0,0,80,69,0,0,76,1,2,0,225,21,104,90,0,0,0,0,0,0,0,0,224,0,3,1,11,1,12,7.0,11.0,6.0,0.545,-1,1,19.0,0
1,0,1,0,0,0,0,1,138008,4194304,4096,5,1,618496,0,1024,102400,503808,1048576,4096,4096,0,2,0.0,2,2,2,2,2,2,0,1,1,1,1,0,0.0,0,2,0.931,0.0,1,-1,-1,-1,2.711,1.912,2.028,233,153,184,7,0,180,9,186,11,1,205,33,180,76,205,33,112,97,99,107,101,100,32,98,121,32,110,115,112,97,99,107,36,64,0,0,0,80,69,0,0,76,1,2,0,61,197,114,87,0,0,0,0,0,0,0,0,224,0,3,1,11,1,12,7.0,11.0,6.0,0.545,-1,1,24.0,0
1,0,1,0,0,0,0,1,721795,4194304,4096,5,1,2846720,0,1024,688128,2146304,1048576,4096,4096,0,2,0.0,2,2,2,2,2,2,0,1,1,1,1,0,0.0,0,2,0.991,0.0,1,-1,-1,-1,2.593,2.656,2.185,233,32,63,33,0,180,9,186,11,1,205,33,180,76,205,33,112,97,99,107,101,100,32,98,121,32,110,115,112,97,99,107,36,64,0,0,0,80,69,0,0,76,1,2,0,85,35,130,90,0,0,0,0,0,0,0,0,224,0,3,1,11,1,12,13.0,17.0,7.0,0.412,-1,1,323.0,0
1,0,1,0,0,0,0,1,911638,4194304,4096,5,1,3678208,0,1024,851968,2813952,1048576,4096,4096,0,2,0.0,2,2,2,2,2,2,0,1,1,1,1,0,0.0,0,2,0.992,0.0,1,-1,-1,-1,2.591,2.569,2.317,233,157,126,43,0,180,9,186,11,1,205,33,180,76,205,33,112,97,99,107,101,100,32,98,121,32,110,115,112,97,99,107,36,64,0,0,0,80,69,0,0,76,1,2,0,165,115,6,89,0,0,0,0,0,0,0,0,224,0,3,1,11,1,12,18.0,22.0,6.0,0.273,-1,1,494.0,0
1,0,1,0,0,0,0,1,260168,4194304,4096,5,1,876544,0,1024,217088,647168,1048576,4096,4096,0,2,0.0,2,2,2,2,2,2,0,1,1,1,1,0,0.001,0,2,0.966,0.001,1,-1,-1,-1,2.577,2.745,1.603,233,109,233,9,0,180,9,186,11,1,205,33,180,76,205,33,112,97,99,107,101,100,32,98,121,32,110,115,112,97,99,107,36,64,0,0,0,80,69,0,0,76,1,2,0,48,98,254,88,0,0,0,0,0,0,0,0,224,0,3,1,11,1,12,11.0,15.0,6.0,0.4,-1,1,19.0,0
1,0,1,0,0,0,0,1,303992,4194304,4096,5,1,966656,0,1024,270336,684032,1048576,4096,4096,0,2,0.0,2,2,2,2,2,2,0,1,1,1,1,0,0.0,0,2,0.971,0.0,1,-1,-1,-1,2.59,2.879,2.648,233,123,7,11,0,180,9,186,11,1,205,33,180,76,205,33,112,97,99,107,101,100,32,98,121,32,110,115,112,97,99,107,36,64,0,0,0,80,69,0,0,76,1,2,0,47,143,110,85,0,0,0,0,0,0,0,0,224,0,3,1,11,1,10,9.0,13.0,6.0,0.462,-1,1,92.0,0
1,0,1,0,0,0,0,1,75104,4194304,4096,5,1,204800,0,1024,53248,143360,1048576,4096,4096,0,2,0.0,2,2,2,2,2,2,0,1,1,1,1,0,0.003,0,2,0.866,0.003,1,-1,-1,-1,2.526,2.656,1.663,233,220,55,2,0,180,9,186,11,1,205,33,180,76,205,33,112,97,99,107,101,100,32,98,121,32,110,115,112,97,99,107,36,64,0,0,0,80,69,0,0,76,1,2,0,108,153,93,87,0,0,0,0,0,0,0,0,224,0,3,1,11,1,12,6.0,10.0,6.0,0.6,-1,1,14.0,0
1,0,1,0,0,0,0,1,193491,4194304,4096,5,1,393216,0,1024,135168,245760,1048576,4096,4096,0,2,0.0,2,2,2,2,2,2,0,1,1,1,1,0,0.002,0,2,0.944,0.002,1,-1,-1,-1,2.586,3.311,1.996,233,47,198,4,0,180,9,186,11,1,205,33,180,76,205,33,112,97,99,107,101,100,32,98,121,32,110,115,112,97,99,107,36,64,0,0,0,80,69,0,0,76,1,2,0,148,14,58,89,0,0,0,0,0,0,0,0,224,0,3,1,11,1,12,6.0,10.0,6.0,0.6,-1,1,69.0,0
1,0,1,0,0,0,0,1,171518,4194304,4096,5,1,385024,0,1024,135168,237568,1048576,4096,4096,0,2,0.0,2,2,2,2,2,2,0,1,1,1,1,0,0.002,0,2,0.943,0.002,1,-1,-1,-1,2.56,3.333,2.446,233,174,166,4,0,180,9,186,11,1,205,33,180,76,205,33,112,97,99,107,101,100,32,98,121,32,110,115,112,97,99,107,36,64,0,0,0,80,69,0,0,76,1,2,0,200,11,58,89,0,0,0,0,0,0,0,0,224,0,3,1,11,1,12,8.0,12.0,6.0,0.5,-1,1,69.0,0
1,0,1,0,0,0,0,1,60912,4194304,4096,5,1,200704,0,1024,49152,139264,1048576,4096,4096,0,2,0.0,2,2,2,2,2,2,0,1,1,1,1,0,0.003,0,2,0.864,0.003,1,-1,-1,-1,2.52,2.678,2.391,233,182,39,2,0,180,9,186,11,1,205,33,180,76,205,33,112,97,99,107,101,100,32,98,121,32,110,115,112,97,99,107,36,64,0,0,0,80,69,0,0,76,1,2,0,176,153,93,87,0,0,0,0,0,0,0,0,224,0,3,1,11,1,12,6.0,10.0,6.0,0.6,-1,1,14.0,0
1,0,1,0,0,0,0,1,92968,4194304,4096,5,1,319488,0,1024,86016,221184,1048576,4096,4096,0,2,0.0,2,2,2,2,2,2,0,1,1,1,1,0,0.002,0,2,0.92,0.002,1,-1,-1,-1,2.526,2.921,2.344,233,3,105,3,0,180,9,186,11,1,205,33,180,76,205,33,112,97,99,107,101,100,32,98,121,32,110,115,112,97,99,107,36,64,0,0,0,80,69,0,0,76,1,2,0,49,148,93,87,0,0,0,0,0,0,0,0,224,0,3,1,11,1,12,8.0,12.0,6.0,0.5,-1,1,22.0,0
1,0,1,0,0,0,0,1,90440,4194304,4096,5,1,266240,0,1024,61440,192512,1048576,4096,4096,0,2,0.0,2,2,2,2,2,2,0,1,1,1,1,0,0.002,0,2,0.906,0.002,1,-1,-1,-1,2.503,2.543,2.191,233,177,252,2,0,180,9,186,11,1,205,33,180,76,205,33,112,97,99,107,101,100,32,98,121,32,110,115,112,97,99,107,36,64,0,0,0,80,69,0,0,76,1,2,0,158,189,73,87,0,0,0,0,0,0,0,0,224,0,3,1,11,1,12,6.0,10.0,6.0,0.6,-1,1,30.0,0
1,0,1,0,0,0,0,1,110603,4194304,4096,5,1,225280,0,1024,53248,159744,1048576,4096,4096,0,2,0.0,2,2,2,2,2,2,0,1,1,1,1,0,0.003,0,2,0.889,0.003,1,-1,-1,-1,2.53,2.514,2.29,233,229,124,2,0,180,9,186,11,1,205,33,180,76,205,33,112,97,99,107,101,100,32,98,121,32,110,115,112,97,99,107,36,64,0,0,0,80,69,0,0,76,1,2,0,94,188,73,87,0,0,0,0,0,0,0,0,224,0,3,1,11,1,12,7.0,11.0,7.0,0.636,-1,1,30.0,0
1,0,1,0,0,0,0,1,283643,4194304,4096,5,1,872448,0,1024,225280,634880,1048576,4096,4096,0,2,0.0,2,2,2,2,2,2,0,1,1,1,1,0,0.001,0,2,0.968,0.001,1,-1,-1,-1,2.615,2.838,2.627,233,181,184,9,0,180,9,186,11,1,205,33,180,76,205,33,112,97,99,107,101,100,32,98,121,32,110,115,112,97,99,107,36,64,0,0,0,80,69,0,0,76,1,2,0,217,116,26,89,0,0,0,0,0,0,0,0,224,0,3,1,11,1,12,6.0,10.0,6.0,0.6,-1,1,27.0,0
1,0,1,0,0,0,0,1,198152,4194304,4096,5,1,589824,0,1024,155648,421888,1048576,4096,4096,0,2,0.0,2,2,2,2,2,2,0,1,1,1,1,0,0.0,0,2,0.954,0.0,1,-1,-1,-1,2.526,2.893,0.0,0,0,0,0,0,0,0,0,0,0,0,0,0,0,0,0,0,0,0,0,0,0,0,0,0,0,0,0,0,0,0,0,0,0,0,0,0,0,0,0,0,0,0,0,0,0,0,0,0,0,0,0,0,0,0,0,0,0,0,0,0,0,0,0,9.0,13.0,6.0,0.462,-1,1,19.0,0
1,0,1,0,0,0,0,1,80152,4194304,4096,5,1,217088,0,1024,53248,151552,1048576,4096,4096,0,2,0.0,2,2,2,2,2,2,0,1,1,1,1,0,0.0,0,2,0.874,0.0,1,-1,-1,-1,2.524,2.694,0.619,233,214,87,2,0,180,9,186,11,1,205,33,180,76,205,33,112,97,99,107,101,100,32,98,121,32,110,115,112,97,99,107,36,64,0,0,0,80,69,0,0,76,1,2,0,108,140,93,87,0,0,0,0,0,0,0,0,224,0,3,1,11,1,12,6.0,10.0,6.0,0.6,-1,1,14.0,0
1,0,1,0,0,0,0,1,462890,4194304,4096,6,0,1572864,0,1024,438272,1122304,1048576,4096,4096,0,2,0.0,2,2,2,2,2,2,0,1,1,1,1,0,0.0,0,2,0.982,0.0,1,-1,-1,-1,2.701,2.614,0.996,233,124,231,18,0,180,9,186,11,1,205,33,180,76,205,33,112,97,99,107,101,100,32,98,121,32,110,115,112,97,99,107,36,64,0,0,0,80,69,0,0,76,1,2,0,140,228,185,91,0,0,0,0,0,0,0,0,224,0,3,1,11,1,14,12.0,16.0,6.0,0.375,-1,1,103.0,0
1,0,1,0,0,0,0,1,78440,16777216,4096,6,1,102400,0,1024,24576,69632,262144,8192,4096,0,2,0.0,2,2,2,2,2,2,0,1,1,1,1,0,0.002,0,2,0.741,0.002,1,-1,-1,-1,2.437,2.231,0.927,233,65,25,1,0,180,9,186,11,1,205,33,180,76,205,33,112,97,99,107,101,100,32,98,121,32,110,115,112,97,99,107,36,64,0,0,0,80,69,0,0,76,1,2,0,85,158,231,76,0,0,0,0,0,0,0,0,224,0,3,1,11,1,9,6.0,10.0,6.0,0.6,-1,1,19.0,0
1,0,1,0,0,0,0,1,125978,4194304,4096,5,1,245760,0,1024,65536,167936,1048576,4096,4096,0,2,0.0,2,2,2,2,2,2,0,1,1,1,1,0,0.001,0,2,0.89,0.001,1,-1,-1,-1,2.53,2.811,1.293,233,171,151,2,0,180,9,186,11,1,205,33,180,76,205,33,112,97,99,107,101,100,32,98,121,32,110,115,112,97,99,107,36,64,0,0,0,80,69,0,0,76,1,2,0,31,148,99,90,0,0,0,0,0,0,0,0,224,0,3,1,11,1,12,6.0,10.0,6.0,0.6,-1,1,14.0,0
1,0,1,0,0,0,0,1,96605,4194304,4096,5,1,204800,0,1024,53248,143360,1048576,4096,4096,0,2,0.0,2,2,2,2,2,2,0,1,1,1,1,0,0.001,0,2,0.866,0.001,1,-1,-1,-1,2.514,2.672,1.799,233,180,55,2,0,180,9,186,11,1,205,33,180,76,205,33,112,97,99,107,101,100,32,98,121,32,110,115,112,97,99,107,36,64,0,0,0,80,69,0,0,76,1,2,0,193,138,93,87,0,0,0,0,0,0,0,0,224,0,3,1,11,1,12,6.0,10.0,6.0,0.6,-1,1,14.0,0
1,0,1,0,0,0,0,1,390603,16777216,4096,6,1,958464,0,1024,360448,589824,262144,8192,4096,0,2,0.0,2,2,2,2,2,2,0,1,1,1,1,0,0.0,0,2,0.983,0.0,1,-1,-1,-1,2.523,3.737,1.858,233,194,254,10,0,180,9,186,11,1,205,33,180,76,205,33,112,97,99,107,101,100,32,98,121,32,110,115,112,97,99,107,36,64,0,0,0,80,69,0,0,76,1,2,0,204,142,231,76,0,0,0,0,0,0,0,0,224,0,3,1,11,1,9,12.0,16.0,6.0,0.375,-1,1,186.0,0
1,0,1,0,0,0,0,1,67345,4194304,4096,5,0,180224,0,1024,49152,118784,1048576,4096,4096,0,2,0.0,2,2,2,2,2,2,0,1,1,1,1,0,0.002,0,2,0.902,0.002,1,-1,-1,-1,2.477,2.935,1.576,233,193,224,1,0,180,9,186,11,1,205,33,180,76,205,33,112,97,99,107,101,100,32,98,121,32,110,115,112,97,99,107,36,64,0,0,0,80,69,0,0,76,1,2,0,32,235,125,80,0,0,0,0,0,0,0,0,224,0,3,1,11,1,9,6.0,10.0,6.0,0.6,-1,1,65.0,0
1,0,1,0,0,0,0,1,168272,4194304,4096,5,1,1048576,0,1024,147456,892928,1048576,4096,4096,0,2,0.0,2,2,2,2,2,2,0,1,1,1,1,0,0.0,0,2,0.952,0.0,1,-1,-1,-1,2.567,1.652,1.627,233,114,169,13,0,180,9,186,11,1,205,33,180,76,205,33,112,97,99,107,101,100,32,98,121,32,110,115,112,97,99,107,36,64,0,0,0,80,69,0,0,76,1,2,0,238,10,241,83,0,0,0,0,0,0,0,0,224,0,3,1,11,1,12,6.0,10.0,6.0,0.6,-1,1,22.0,0
1,0,0,0,0,0,0,1,1223756,4194304,4096,5,1,3313664,0,1024,1187840,2113536,4194304,4096,4096,0,2,0.0,2,2,2,2,2,2,0,1,1,1,1,0,0.0,0,2,0.994,0.0,1,-1,-1,-1,2.528,3.609,2.489,233,192,90,35,0,180,9,186,11,1,205,33,180,76,205,33,112,97,99,107,101,100,32,98,121,32,110,115,112,97,99,107,36,64,0,0,0,80,69,0,0,76,1,2,0,74,14,210,91,0,0,0,0,0,0,0,0,224,0,35,1,11,1,12,18.0,22.0,6.0,0.273,-1,1,936.0,0
1,0,1,0,0,0,0,1,166161,1255145472,4096,6,1,425984,0,1024,110592,303104,1048576,1036288,4096,0,2,0.0,2,2,2,2,2,2,0,1,1,1,1,0,0.001,0,2,0.93,0.001,1,-1,-1,-1,2.687,2.373,2.14,233,104,37,5,0,180,9,186,11,1,205,33,180,76,205,33,112,97,99,107,101,100,32,98,121,32,110,115,112,97,99,107,36,64,0,0,0,80,69,0,0,76,1,2,0,43,142,231,76,0,0,0,0,0,0,0,0,224,0,3,1,11,1,9,4.0,8.0,6.0,0.75,-1,1,67.0,0
1,0,1,0,0,0,0,1,92121,4194304,4096,5,1,200704,0,1024,49152,139264,1048576,4096,4096,0,2,0.0,2,2,2,2,2,2,0,1,1,1,1,0,0.004,0,2,0.863,0.004,1,-1,-1,-1,2.526,2.671,1.744,233,146,39,2,0,180,9,186,11,1,205,33,180,76,205,33,112,97,99,107,101,100,32,98,121,32,110,115,112,97,99,107,36,64,0,0,0,80,69,0,0,76,1,2,0,236,11,72,87,0,0,0,0,0,0,0,0,224,0,3,1,11,1,12,6.0,10.0,6.0,0.6,-1,1,14.0,0
1,0,1,0,0,0,0,1,361566,16777216,4096,6,1,1097728,0,1024,315392,774144,262144,8192,4096,0,2,0.0,2,2,2,2,2,2,0,1,1,1,1,0,0.0,0,2,0.983,0.0,1,-1,-1,-1,2.668,2.863,3.584,233,17,50,13,0,180,9,186,11,1,205,33,180,76,205,33,112,97,99,107,101,100,32,98,121,32,110,115,112,97,99,107,36,64,0,0,0,80,69,0,0,76,1,2,0,157,151,231,76,0,0,0,0,0,0,0,0,224,0,3,1,11,1,9,16.0,20.0,6.0,0.3,-1,1,310.0,0
1,0,1,0,0,0,0,1,978535,4194304,4096,5,1,3874816,0,1024,970752,2891776,1048576,4096,4096,0,2,0.0,2,2,2,2,2,2,0,1,1,1,1,0,0.0,0,2,0.991,0.0,1,-1,-1,-1,2.617,2.784,2.136,233,31,71,44,0,180,9,186,11,1,205,33,180,76,205,33,112,97,99,107,101,100,32,98,121,32,110,115,112,97,99,107,36,64,0,0,0,80,69,0,0,76,1,2,0,232,214,191,91,0,0,0,0,0,0,0,0,224,0,35,1,11,1,12,23.0,27.0,6.0,0.222,-1,1,148.0,0
1,0,1,0,0,0,0,1,250007,4194304,4096,5,1,847872,0,1024,204800,630784,1048576,4096,4096,0,2,0.0,2,2,2,2,2,2,0,1,1,1,1,0,0.001,0,2,0.959,0.001,1,-1,-1,-1,2.635,2.435,2.254,233,190,53,10,0,180,9,186,11,1,205,33,180,76,205,33,112,97,99,107,101,100,32,98,121,32,110,115,112,97,99,107,36,64,0,0,0,80,69,0,0,76,1,2,0,137,131,87,91,0,0,0,0,0,0,0,0,224,0,3,1,11,1,12,15.0,19.0,6.0,0.316,-1,1,495.0,0
1,0,1,0,0,0,0,1,237363,4194304,4096,5,1,954368,0,1024,233472,708608,1048576,4096,4096,0,2,0.0,2,2,2,2,2,2,0,1,1,1,1,0,0.0,0,2,0.964,0.0,1,-1,-1,-1,2.615,2.503,2.604,233,214,101,11,0,180,9,186,11,1,205,33,180,76,205,33,112,97,99,107,101,100,32,98,121,32,110,115,112,97,99,107,36,64,0,0,0,80,69,0,0,76,1,2,0,225,130,87,91,0,0,0,0,0,0,0,0,224,0,3,1,11,1,12,15.0,19.0,6.0,0.316,-1,1,495.0,0
1,0,1,0,0,0,0,1,74715,4194304,4096,5,1,196608,0,1024,49152,135168,1048576,4096,4096,0,2,0.0,2,2,2,2,2,2,0,1,1,1,1,0,0.002,0,2,0.873,0.002,1,-1,-1,-1,2.466,2.734,1.94,233,215,25,2,0,180,9,186,11,1,205,33,180,76,205,33,112,97,99,107,101,100,32,98,121,32,110,115,112,97,99,107,36,64,0,0,0,80,69,0,0,76,1,2,0,147,0,193,87,0,0,0,0,0,0,0,0,224,0,3,1,11,1,12,6.0,10.0,6.0,0.6,-1,1,22.0,0
1,0,1,0,0,0,0,1,586897,4194304,4096,5,1,4882432,0,1024,544768,4325376,1048576,4096,4096,0,2,0.0,2,2,2,2,2,2,0,1,1,1,1,0,0.0,0,2,0.984,0.0,1,-1,-1,-1,2.55,1.361,2.456,233,190,68,66,0,180,9,186,11,1,205,33,180,76,205,33,112,97,99,107,101,100,32,98,121,32,110,115,112,97,99,107,36,64,0,0,0,80,69,0,0,76,1,2,0,163,179,46,86,0,0,0,0,0,0,0,0,224,0,3,1,11,1,12,13.0,17.0,6.0,0.353,-1,1,260.0,0
1,0,1,0,0,0,0,1,227780,4194304,4096,5,1,974848,0,1024,180224,786432,1048576,4096,4096,0,2,0.0,2,2,2,2,2,2,0,1,1,1,1,0,0.0,0,2,0.963,0.0,1,-1,-1,-1,2.488,2.104,2.11,233,48,11,12,0,180,9,186,11,1,205,33,180,76,205,33,112,97,99,107,101,100,32,98,121,32,110,115,112,97,99,107,36,64,0,0,0,80,69,0,0,76,1,2,0,151,16,14,90,0,0,0,0,0,0,0,0,224,0,3,1,11,1,12,8.0,12.0,6.0,0.5,-1,1,22.0,0
1,0,1,0,0,0,0,1,0,4194304,614400,5,1,643072,28672,1024,390656,207872,1048576,4096,4096,5,1,0.833,1,3,1,1,3,1,1,1,0,1,1,0,0.246,0,2,1.008,0.031,0,6.097,0.0,6.103,3.64,5.715,6.436,233,166,0,0,0,128,123,73,0,224,17,67,0,236,17,67,0,0,0,0,0,128,213,5,0,194,96,73,0,78,101,111,76,105,116,101,32,69,120,101,99,117,116,97,98,108,101,32,70,105,108,101,32,67,111,109,112,114,101,115,115,111,114,13,11.0,247.0,10.0,0.04,7.0,1,108.0,0
1,0,1,0,0,0,0,1,0,4194304,163840,5,1,192512,28672,1024,61440,83456,1048576,4096,4096,5,1,0.833,1,3,1,1,3,1,1,1,0,1,1,0,0.246,0,2,1.136,0.246,0,5.822,3.279,3.794,3.676,5.079,6.407,233,166,0,0,0,128,155,66,0,108,80,65,0,92,80,65,0,0,0,0,0,128,241,0,0,194,128,66,0,78,101,111,76,105,116,101,32,69,120,101,99,117,116,97,98,108,101,32,70,105,108,101,32,67,111,109,112,114,101,115,115,111,114,13,7.0,110.0,9.0,0.082,7.0,1,14.0,0
1,0,1,0,0,0,0,1,0,4194304,237568,5,1,266240,28672,1024,74240,150528,1048576,4096,4096,5,1,0.833,1,3,1,1,3,1,1,1,0,1,1,0,0.246,0,2,1.136,0.246,0,6.977,3.27,3.782,3.705,5.113,6.434,233,166,0,0,0,128,187,67,0,156,96,66,0,176,96,66,0,0,0,0,0,128,33,1,0,194,160,67,0,78,101,111,76,105,116,101,32,69,120,101,99,117,116,97,98,108,101,32,70,105,108,101,32,67,111,109,112,114,101,115,115,111,114,13,6.0,122.0,10.0,0.082,7.0,1,14.0,0
1,0,1,0,0,0,0,1,0,4194304,1310720,6,0,1351680,38400,1024,1001984,292864,1048576,4096,4096,5,1,0.833,1,3,1,1,3,1,1,1,0,1,1,0,0.435,0,2,1.017,0.024,0,5.579,0.0,5.986,3.969,5.919,6.427,233,166,0,0,0,20,65,84,0,124,6,84,0,56,6,84,0,0,0,0,0,20,59,15,0,86,38,84,0,78,101,111,76,105,116,101,32,69,120,101,99,117,116,97,98,108,101,32,70,105,108,101,32,67,111,109,112,114,101,115,115,111,114,13,12.0,359.0,9.0,0.025,10.0,1,178.0,0
1,0,1,0,0,0,0,1,0,4194304,4096,5,0,1204224,972288,1024,222208,0,1048576,8192,4096,3,1,0.75,2,2,1,2,2,1,0,1,0,1,1,0,0.246,0,2,1.003,0.013,0,6.267,0.0,3.41,4.377,5.964,6.413,233,166,0,0,0,128,11,82,0,208,19,64,0,184,19,64,0,0,0,0,0,128,85,17,0,194,240,81,0,78,101,111,76,105,116,101,32,69,120,101,99,117,116,97,98,108,101,32,70,105,108,101,32,67,111,109,112,114,101,115,115,111,114,13,9.0,245.0,10.0,0.041,7.0,1,532.0,0
1,0,1,0,0,0,0,1,0,4194304,237568,6,0,266240,28672,1024,75776,146432,4096,4096,4096,5,1,0.833,1,3,1,1,3,1,1,1,0,1,1,0,0.246,0,2,1.136,0.246,0,6.911,3.249,3.778,3.691,5.12,6.433,233,166,0,0,0,128,187,67,0,216,80,66,0,228,80,66,0,0,0,0,0,128,41,1,0,194,160,67,0,78,101,111,76,105,116,101,32,69,120,101,99,117,116,97,98,108,101,32,70,105,108,101,32,67,111,109,112,114,101,115,115,111,114,13,5.0,128.0,11.0,0.086,10.0,1,14.0,0
1,0,1,0,0,0,0,1,0,4194304,2863104,5,1,2904064,36352,1024,2263552,586240,1048576,4096,4096,5,2,0.714,1,3,1,1,3,1,1,1,0,1,1,0,0.412,0,2,2.032,0.016,0,4.341,0.0,5.688,3.961,5.539,6.328,233,166,0,0,0,44,232,107,0,240,182,107,0,36,182,107,0,0,0,0,0,0,80,34,0,110,205,107,0,78,101,111,76,105,116,101,32,69,120,101,99,117,116,97,98,108,101,32,70,105,108,101,32,67,111,109,112,114,101,115,115,111,114,13,15.0,264.0,4.0,0.015,1.0,1,48.0,0
1,0,1,0,0,0,0,1,0,4194304,151552,5,1,184320,28672,1024,66560,68096,1048576,4096,4096,5,2,0.714,1,3,1,1,3,1,1,1,0,1,1,0,0.25,0,2,2.098,0.25,0,5.19,3.233,3.746,3.705,5.097,6.362,233,166,0,0,0,128,107,66,0,136,32,65,0,148,32,65,0,0,0,0,0,0,6,1,0,194,80,66,0,78,101,111,76,105,116,101,32,69,120,101,99,117,116,97,98,108,101,32,70,105,108,101,32,67,111,109,112,114,101,115,115,111,114,13,6.0,104.0,9.0,0.087,6.0,1,14.0,0
1,0,1,0,0,0,0,1,0,4194304,155648,5,1,188416,28672,1024,67072,73216,1048576,4096,4096,5,2,0.714,1,3,1,1,3,1,1,1,0,1,1,0,0.25,0,2,2.098,0.25,0,5.488,3.258,3.903,3.706,5.152,6.377,233,166,0,0,0,128,123,66,0,148,48,65,0,168,48,65,0,0,0,0,0,0,8,1,0,194,96,66,0,78,101,111,76,105,116,101,32,69,120,101,99,117,116,97,98,108,101,32,70,105,108,101,32,67,111,109,112,114,101,115,115,111,114,13,6.0,104.0,10.0,0.096,7.0,1,14.0,0
1,0,1,0,0,0,0,1,0,4194304,385024,5,1,421888,34816,1024,158720,215552,1048576,4096,4096,5,1,0.833,1,3,1,1,3,1,1,1,0,1,1,0,0.371,0,2,1.153,0.371,0,6.056,2.276,4.409,3.886,5.182,6.447,233,166,0,0,0,198,17,70,0,108,229,69,0,140,228,69,0,0,0,0,0,198,109,2,0,8,247,69,0,78,101,111,76,105,116,101,32,69,120,101,99,117,116,97,98,108,101,32,70,105,108,101,32,67,111,109,112,114,101,115,115,111,114,13,14.0,196.0,5.0,0.026,5.0,1,14.0,0
1,0,1,0,0,0,0,1,0,4194304,163840,5,1,196608,32256,1024,72192,75264,1048576,4096,4096,5,1,0.833,1,3,1,1,3,1,1,1,0,1,1,0,0.32,0,2,1.136,0.32,0,5.141,3.466,3.773,3.663,5.217,6.464,233,166,0,0,0,218,167,66,0,100,131,66,0,148,130,66,0,0,0,0,0,218,37,1,0,28,141,66,0,78,101,111,76,105,116,101,32,69,120,101,99,117,116,97,98,108,101,32,70,105,108,101,32,67,111,109,112,114,101,115,115,111,114,13,6.0,112.0,6.0,0.054,3.0,1,14.0,0
1,0,1,0,0,0,0,1,0,4194304,143360,5,0,172032,28672,1024,55808,75776,1048576,4096,4096,5,1,0.833,1,3,1,1,3,1,1,1,0,1,1,0,0.246,0,2,1.019,0.038,0,6.318,0.0,5.495,3.571,4.737,6.428,233,166,0,0,0,128,75,66,0,172,32,65,0,44,33,65,0,0,0,0,0,128,197,0,0,194,48,66,0,78,101,111,76,105,116,101,32,69,120,101,99,117,116,97,98,108,101,32,70,105,108,101,32,67,111,109,112,114,101,115,115,111,114,13,5.0,129.0,9.0,0.07,6.0,0,52.0,0
1,0,1,0,0,0,0,1,0,4194304,155648,5,1,188416,31744,1024,69120,71168,1048576,4096,4096,5,1,0.833,1,3,1,1,3,1,1,1,0,1,1,0,0.318,0,2,1.326,0.318,0,5.119,3.265,3.294,3.745,5.405,6.484,233,166,0,0,0,98,135,66,0,204,98,66,0,0,98,66,0,0,0,0,0,18,88,1,0,164,108,66,0,78,101,111,76,105,116,101,32,69,120,101,99,117,116,97,98,108,101,32,70,105,108,101,32,67,111,109,112,114,101,115,115,111,114,13,6.0,105.0,4.0,0.038,3.0,1,14.0,0
1,0,1,0,0,0,0,1,0,4194304,647168,5,1,684032,35840,1024,462336,174080,1048576,4096,4096,5,1,0.833,1,3,1,1,3,1,1,1,0,1,1,0,0.389,0,2,1.007,0.034,0,5.795,0.0,5.99,3.801,5.926,6.476,233,166,0,0,0,178,21,74,0,92,228,73,0,204,227,73,0,0,0,0,0,58,76,7,0,244,250,73,0,78,101,111,76,105,116,101,32,69,120,101,99,117,116,97,98,108,101,32,70,105,108,101,32,67,111,109,112,114,101,115,115,111,114,13,10.0,252.0,6.0,0.024,8.0,1,110.0,0
1,0,1,0,0,0,0,1,0,4194304,294912,5,1,323584,28672,1024,195584,86016,1048576,4096,4096,5,1,0.833,1,3,1,1,3,1,1,1,0,1,1,0,0.246,0,2,1.084,0.036,0,5.558,0.0,6.212,3.67,5.788,6.411,233,166,0,0,0,128,155,68,0,204,96,65,0,220,96,65,0,0,0,0,0,40,36,3,0,194,128,68,0,78,101,111,76,105,116,101,32,69,120,101,99,117,116,97,98,108,101,32,70,105,108,101,32,67,111,109,112,114,101,115,115,111,114,13,6.0,121.0,10.0,0.083,18.0,1,20.0,0
1,0,1,0,0,0,0,1,0,4194304,266240,6,0,299008,32768,1024,106496,141824,1048576,4096,4096,5,1,0.833,1,3,1,1,3,1,1,1,0,1,1,0,0.332,0,2,1.085,0.332,0,5.859,4.113,3.893,3.753,5.221,6.499,233,166,0,0,0,14,58,68,0,216,20,68,0,176,19,68,0,0,0,0,0,174,230,1,0,80,31,68,0,78,101,111,76,105,116,101,32,69,120,101,99,117,116,97,98,108,101,32,70,105,108,101,32,67,111,109,112,114,101,115,115,111,114,13,9.0,136.0,4.0,0.029,3.0,1,14.0,0
1,0,1,0,0,0,0,1,0,4194304,303104,5,1,331776,28672,1024,195584,93696,1048576,4096,4096,5,1,0.833,1,3,1,1,3,1,1,1,0,1,1,0,0.246,0,2,1.08,0.036,0,5.734,0.0,6.194,3.782,5.763,6.438,233,166,0,0,0,128,187,68,0,240,128,65,0,4,129,65,0,0,0,0,0,16,36,3,0,194,160,68,0,78,101,111,76,105,116,101,32,69,120,101,99,117,116,97,98,108,101,32,70,105,108,101,32,67,111,109,112,114,101,115,115,111,114,13,7.0,133.0,10.0,0.075,27.0,1,20.0,0
1,0,1,0,0,0,0,1,0,4194304,2191360,5,1,2224128,28672,1024,1594880,585216,1048576,4096,4096,5,2,0.714,1,3,1,1,3,1,1,1,0,1,1,0,0.25,0,2,2.098,0.013,0,5.777,0.0,5.938,3.948,5.655,6.37,233,166,0,0,0,128,139,97,0,44,2,73,0,88,3,73,0,0,0,0,0,136,30,24,0,194,112,97,0,78,101,111,76,105,116,101,32,69,120,101,99,117,116,97,98,108,101,32,70,105,108,101,32,67,111,109,112,114,101,115,115,111,114,13,13.0,431.0,8.0,0.019,26.0,1,410.0,0
1,0,1,0,0,0,0,1,0,4194304,2871296,5,1,2904064,28672,1024,2043392,814592,1048576,4096,4096,5,2,0.714,1,3,1,1,3,1,1,1,0,1,1,0,0.25,0,2,2.098,0.003,0,6.072,0.0,5.832,3.876,5.382,6.374,233,166,0,0,0,128,235,107,0,204,194,75,0,168,196,75,0,0,0,0,0,160,178,28,0,194,208,107,0,78,101,111,76,105,116,101,32,69,120,101,99,117,116,97,98,108,101,32,70,105,108,101,32,67,111,109,112,114,101,115,115,111,114,13,18.0,520.0,8.0,0.015,75.0,1,638.0,0
1,0,1,0,0,0,0,1,0,4194304,659456,5,1,696320,33792,1024,481280,167424,1048576,4096,4096,5,1,0.833,1,3,1,1,3,1,1,1,0,1,1,0,0.358,0,2,1.03,0.026,0,5.344,0.0,5.915,3.888,5.704,6.519,233,166,0,0,0,18,63,74,0,240,20,74,0,88,20,74,0,0,0,0,0,178,125,7,0,84,36,74,0,78,101,111,76,105,116,101,32,69,120,101,99,117,116,97,98,108,101,32,70,105,108,101,32,67,111,109,112,114,101,115,115,111,114,13,11.0,171.0,4.0,0.023,3.0,1,20.0,0
1,0,1,0,0,0,0,1,0,4194304,696320,5,1,733184,33792,1024,556032,128000,1048576,4096,4096,5,1,0.833,1,3,1,1,3,1,1,1,0,1,1,0,0.36,0,2,1.015,0.036,0,5.88,0.0,6.193,3.497,6.035,6.529,233,166,0,0,0,120,207,74,0,32,164,74,0,152,162,74,0,0,0,0,0,208,148,8,0,186,180,74,0,78,101,111,76,105,116,101,32,69,120,101,99,117,116,97,98,108,101,32,70,105,108,101,32,67,111,109,112,114,101,115,115,111,114,13,9.0,180.0,7.0,0.039,107.0,1,106.0,0
1,0,1,0,0,0,0,1,0,4194304,147456,5,1,176128,28672,1024,61440,70656,1048576,4096,4096,5,1,0.833,1,3,1,1,3,1,1,1,0,1,1,0,0.246,0,2,1.097,0.246,0,5.217,3.226,3.858,3.66,5.328,6.416,233,166,0,0,0,128,91,66,0,136,32,65,0,156,32,65,0,0,0,0,0,40,48,1,0,194,64,66,0,78,101,111,76,105,116,101,32,69,120,101,99,117,116,97,98,108,101,32,70,105,108,101,32,67,111,109,112,114,101,115,115,111,114,13,6.0,102.0,8.0,0.078,7.0,1,14.0,0
1,0,1,0,0,0,0,1,0,4194304,258048,5,1,286720,28672,1024,161280,79360,1048576,4096,4096,5,1,0.833,1,3,1,1,3,1,1,1,0,1,1,0,0.246,0,2,1.102,0.04,0,5.492,0.0,6.847,3.704,5.913,6.416,233,166,0,0,0,128,11,68,0,196,80,65,0,216,80,65,0,0,0,0,0,48,164,2,0,194,240,67,0,78,101,111,76,105,116,101,32,69,120,101,99,117,116,97,98,108,101,32,70,105,108,101,32,67,111,109,112,114,101,115,115,111,114,13,6.0,123.0,10.0,0.081,14.0,1,74.0,0
1,0,1,0,0,0,0,1,0,4194304,249856,5,1,282624,32768,1024,161792,71680,1048576,4096,4096,5,1,0.833,1,3,1,1,3,1,1,1,0,1,1,0,0.339,0,2,1.024,0.04,0,4.995,0.0,6.847,3.752,5.986,6.488,233,166,0,0,0,110,251,67,0,132,211,67,0,212,210,67,0,0,0,0,0,22,180,2,0,176,224,67,0,78,101,111,76,105,116,101,32,69,120,101,99,117,116,97,98,108,101,32,70,105,108,101,32,67,111,109,112,114,101,115,115,111,114,13,8.0,148.0,6.0,0.041,1.0,1,74.0,0
1,0,1,0,0,0,0,1,0,4194304,143360,5,1,172032,28672,1024,65024,65536,1048576,4096,4096,5,1,0.833,1,3,1,1,3,1,1,1,0,1,1,0,0.246,0,2,1.129,0.246,0,5.191,3.244,3.77,3.702,5.401,6.428,233,166,0,0,0,128,75,66,0,104,16,65,0,120,16,65,0,0,0,0,0,32,62,1,0,194,48,66,0,78,101,111,76,105,116,101,32,69,120,101,99,117,116,97,98,108,101,32,70,105,108,101,32,67,111,109,112,114,101,115,115,111,114,13,6.0,96.0,8.0,0.083,6.0,1,14.0,0
1,0,1,0,0,0,0,1,0,4194304,229376,5,1,262144,32256,1024,135680,80384,1048576,4096,4096,5,1,0.833,1,3,1,1,3,1,1,1,0,1,1,0,0.327,0,2,1.006,0.039,0,5.153,0.0,6.238,3.754,5.764,6.45,233,166,0,0,0,16,169,67,0,140,131,67,0,180,130,67,0,0,0,0,0,200,75,2,0,82,142,67,0,78,101,111,76,105,116,101,32,69,120,101,99,117,116,97,98,108,101,32,70,105,108,101,32,67,111,109,112,114,101,115,115,111,114,13,8.0,124.0,4.0,0.032,3.0,1,24.0,0
1,0,1,0,0,0,0,1,0,4194304,204800,5,1,233472,28672,1024,94720,97280,1048576,4096,4096,5,1,0.833,1,3,1,1,3,1,1,1,0,1,1,0,0.246,0,2,1.167,0.126,0,5.841,3.244,3.117,3.661,4.848,6.422,233,166,0,0,0,128,59,67,0,104,128,65,0,116,128,65,0,0,0,0,0,32,68,1,0,194,32,67,0,78,101,111,76,105,116,101,32,69,120,101,99,117,116,97,98,108,101,32,70,105,108,101,32,67,111,109,112,114,101,115,115,111,114,13,6.0,101.0,9.0,0.089,8.0,1,30.0,0
1,0,1,0,0,0,0,1,0,4194304,172032,5,1,200704,28672,1024,91136,69120,1048576,4096,4096,5,1,0.833,1,3,1,1,3,1,1,1,0,1,1,0,0.246,0,2,1.167,0.126,0,5.004,3.247,3.11,3.693,4.84,6.437,233,166,0,0,0,128,187,66,0,208,16,65,0,224,16,65,0,0,0,0,0,32,54,1,0,194,160,66,0,78,101,111,76,105,116,101,32,69,120,101,99,117,116,97,98,108,101,32,70,105,108,101,32,67,111,109,112,114,101,115,115,111,114,13,7.0,127.0,10.0,0.079,8.0,1,30.0,0
1,0,1,0,0,0,0,1,0,4194304,643072,5,1,671744,28672,1024,542720,90112,1048576,4096,4096,5,1,0.833,1,3,1,1,3,1,1,1,0,1,1,0,0.246,0,2,1.041,0.033,0,5.356,0.0,6.261,3.653,6.106,6.426,233,166,0,0,0,128,235,73,0,108,113,65,0,128,113,65,0,0,0,0,0,32,106,8,0,194,208,73,0,78,101,111,76,105,116,101,32,69,120,101,99,117,116,97,98,108,101,32,70,105,108,101,32,67,111,109,112,114,101,115,115,111,114,13,6.0,149.0,11.0,0.074,16.0,1,30.0,0
1,0,1,0,0,0,0,1,0,4194304,430080,5,1,458752,28672,1024,302592,113664,1048576,4096,4096,5,1,0.833,1,3,1,1,3,1,1,1,0,1,1,0,0.246,0,2,1.026,0.028,0,5.845,0.0,6.096,3.74,5.878,6.397,233,166,0,0,0,128,171,70,0,100,208,65,0,36,209,65,0,0,0,0,0,32,182,4,0,194,144,70,0,78,101,111,76,105,116,101,32,69,120,101,99,117,116,97,98,108,101,32,70,105,108,101,32,67,111,109,112,114,101,115,115,111,114,13,9.0,131.0,10.0,0.076,10.0,1,20.0,0
1,0,1,0,0,0,0,1,0,4194304,159744,5,1,188416,28672,1024,61440,79360,1048576,4096,4096,5,1,0.833,1,3,1,1,3,1,1,1,0,1,1,0,0.246,0,2,1.11,0.246,0,5.561,3.259,3.83,3.675,5.244,6.424,233,166,0,0,0,128,139,66,0,108,64,65,0,128,64,65,0,0,0,0,0,32,48,1,0,194,112,66,0,78,101,111,76,105,116,101,32,69,120,101,99,117,116,97,98,108,101,32,70,105,108,101,32,67,111,109,112,114,101,115,115,111,114,13,6.0,96.0,8.0,0.083,6.0,1,14.0,0
1,0,1,0,0,0,0,1,0,4194304,1155072,6,0,1187840,29184,1024,321536,822784,1048576,4096,4096,5,1,0.833,1,3,1,1,3,1,1,1,0,1,1,0,0.246,0,2,1.014,0.03,0,6.343,0.0,3.044,4.225,4.804,6.436,233,166,0,0,0,160,187,81,0,204,161,76,0,124,162,76,0,0,0,0,0,152,218,4,0,226,160,81,0,78,101,111,76,105,116,101,32,69,120,101,99,117,116,97,98,108,101,32,70,105,108,101,32,67,111,109,112,114,101,115,115,111,114,13,12.0,334.0,7.0,0.021,7.0,1,116.0,0
1,0,1,0,0,0,0,1,0,4194304,4096,10,0,98304,63488,1024,13824,3072,262144,8192,4096,5,1,0.833,2,2,1,2,2,1,0,1,0,1,1,0,1.0,0,1,1.146,0.31,0,6.18,1.906,3.29,3.522,6.363,6.508,233,166,0,0,0,26,115,65,0,172,82,65,0,236,81,65,0,0,0,0,0,82,82,1,0,140,89,65,0,78,101,111,76,105,116,101,32,69,120,101,99,117,116,97,98,108,101,32,70,105,108,101,32,67,111,109,112,114,101,115,115,111,114,13,2.0,82.0,11.0,0.134,78.0,1,8.0,0
1,0,1,0,0,0,0,1,0,16777216,4096,6,1,86016,44544,1024,23040,4096,262144,8192,4096,4,1,0.8,2,2,1,2,2,1,0,1,0,1,1,0,1.0,0,1,1.032,0.025,0,6.036,0.0,4.312,3.512,4.718,6.486,233,166,0,0,0,180,71,1,1,112,34,1,1,116,34,1,1,0,0,0,0,180,187,0,0,38,46,1,1,78,101,111,76,105,116,101,32,69,120,101,99,117,116,97,98,108,101,32,70,105,108,101,32,67,111,109,112,114,101,115,115,111,114,13,6.0,150.0,7.0,0.047,4.0,1,20.0,0
1,0,1,0,0,0,0,1,0,4194304,176128,5,1,208896,31744,1024,77824,82432,1048576,4096,4096,5,1,0.833,1,3,1,1,3,1,1,1,0,1,1,0,0.315,0,2,1.143,0.315,0,5.297,3.655,3.776,3.841,5.479,6.527,233,166,0,0,0,230,214,66,0,252,178,66,0,52,178,66,0,0,0,0,0,86,121,1,0,40,188,66,0,78,101,111,76,105,116,101,32,69,120,101,99,117,116,97,98,108,101,32,70,105,108,101,32,67,111,109,112,114,101,115,115,111,114,13,6.0,102.0,4.0,0.039,78.0,1,14.0,0
1,0,1,0,0,0,0,1,0,4194304,151552,5,1,180224,28672,1024,61440,72192,1048576,4096,4096,5,1,0.833,1,3,1,1,3,1,1,1,0,1,1,0,0.251,0,2,1.143,0.251,0,5.257,3.225,3.776,3.66,5.124,6.401,233,166,0,0,0,32,108,66,0,132,32,65,0,156,32,65,0,0,0,0,0,32,242,0,0,194,80,66,0,78,101,111,76,105,116,101,32,69,120,101,99,117,116,97,98,108,101,32,70,105,108,101,32,67,111,109,112,114,101,115,115,111,114,13,6.0,100.0,9.0,0.09,6.0,1,14.0,0
1,0,1,0,0,0,0,1,0,4194304,7147520,5,0,7176192,28672,1024,6886912,248832,1048576,4096,4096,5,1,0.833,1,3,1,1,3,1,1,1,0,1,1,0,0.251,0,2,1.01,0.014,0,0.72,0.0,2.104,3.391,2.01,6.418,233,166,0,0,0,32,44,173,0,104,226,67,0,32,226,67,0,0,0,0,0,32,172,104,0,194,16,173,0,78,101,111,76,105,116,101,32,69,120,101,99,117,116,97,98,108,101,32,70,105,108,101,32,67,111,109,112,114,101,115,115,111,114,13,14.0,230.0,13.0,0.057,13.0,1,82.0,0
1,0,1,0,0,0,0,1,0,4194304,131072,5,0,159744,28672,1024,44032,72192,1048576,4096,4096,5,1,0.833,1,3,1,1,3,1,1,1,0,1,1,0,0.251,0,2,1.016,0.251,0,6.467,3.252,3.691,3.482,5.135,6.378,233,166,0,0,0,32,28,66,0,148,32,65,0,88,33,65,0,0,0,0,0,32,176,0,0,194,0,66,0,78,101,111,76,105,116,101,32,69,120,101,99,117,116,97,98,108,101,32,70,105,108,101,32,67,111,109,112,114,101,115,115,111,114,13,6.0,172.0,11.0,0.064,11.0,1,76.0,0
1,0,1,0,0,0,0,1,0,4194304,901120,5,1,921600,19968,1024,793600,98816,1048576,4096,4096,5,1,0.833,1,3,1,1,3,1,1,1,0,1,1,0,0.531,0,2,1.011,0.002,0,5.832,0.0,3.453,3.713,3.243,6.537,233,166,0,0,0,208,232,77,0,108,195,77,0,196,194,77,0,0,0,0,0,208,46,8,0,146,205,77,0,78,101,111,76,105,116,101,32,69,120,101,99,117,116,97,98,108,101,32,70,105,108,101,32,67,111,109,112,114,101,115,115,111,114,13,6.0,115.0,4.0,0.035,3.0,1,24.0,0
1,0,0,0,0,0,0,1,0,4194304,2142208,5,1,2150400,7168,1024,1520128,610816,4194304,4096,4096,5,1,0.833,1,3,1,1,3,1,1,1,0,1,1,0,1.0,0,1,1.001,0.014,0,5.728,0.0,6.517,3.957,6.327,6.419,233,166,0,0,0,80,202,96,0,156,241,72,0,160,241,72,0,0,0,0,0,80,194,22,0,194,176,96,0,78,101,111,76,105,116,101,32,69,120,101,99,117,116,97,98,108,101,32,70,105,108,101,32,67,111,109,112,114,101,115,115,111,114,13,18.0,526.0,7.0,0.013,33.0,0,1230.0,0
1,0,1,0,0,0,0,1,0,1255145472,4096,6,1,327680,155648,1024,151552,7168,1048576,1036288,4096,4,1,0.8,2,2,1,2,2,1,0,1,0,1,1,0,1.0,0,1,1.013,0.004,0,6.253,0.0,4.001,3.602,4.512,6.533,233,166,0,0,0,248,241,212,74,156,199,212,74,160,198,212,74,0,0,0,0,248,235,2,0,106,216,212,74,78,101,111,76,105,116,101,32,69,120,101,99,117,116,97,98,108,101,32,70,105,108,101,32,67,111,109,112,114,101,115,115,111,114,13,4.0,229.0,6.0,0.026,68.0,1,68.0,0
1,0,1,0,0,0,0,1,0,4194304,143360,5,1,159744,16384,1024,65024,65536,1048576,4096,4096,5,1,0.833,1,3,1,1,3,1,1,1,0,1,1,0,0.438,0,2,1.171,0.408,0,5.172,3.239,3.683,3.653,5.524,6.413,233,166,0,0,0,0,76,66,0,76,16,65,0,100,16,65,0,0,0,0,0,0,0,1,0,194,48,66,0,78,101,111,76,105,116,101,32,69,120,101,99,117,116,97,98,108,101,32,70,105,108,101,32,67,111,109,112,114,101,115,115,111,114,13,6.0,95.0,8.0,0.084,6.0,1,14.0,0
1,0,1,0,0,0,0,1,0,4194304,3063808,5,1,3080192,16384,1024,899072,2148864,1048576,4096,4096,5,1,0.833,1,3,1,1,3,1,1,1,0,1,1,0,0.438,0,2,1.005,0.006,0,7.074,0.0,4.852,3.894,5.76,6.399,233,166,0,0,0,0,220,110,0,80,229,96,0,224,228,96,0,0,0,0,0,0,128,12,0,194,192,110,0,78,101,111,76,105,116,101,32,69,120,101,99,117,116,97,98,108,101,32,70,105,108,101,32,67,111,109,112,114,101,115,115,111,114,13,23.0,860.0,9.0,0.01,48.0,1,182.0,0
1,0,1,0,0,0,0,1,0,4194304,659456,5,1,684032,23040,1024,291328,352768,1048576,4096,4096,5,1,0.833,1,3,1,1,3,1,1,1,0,1,1,0,0.596,0,2,1.003,0.017,0,5.832,0.0,4.566,4.036,5.229,6.487,233,166,0,0,0,38,69,74,0,96,21,74,0,16,21,74,0,0,0,0,0,38,53,4,0,232,41,74,0,78,101,111,76,105,116,101,32,69,120,101,99,117,116,97,98,108,101,32,70,105,108,101,32,67,111,109,112,114,101,115,115,111,114,13,15.0,223.0,4.0,0.018,3.0,1,636.0,0
1,0,1,0,0,0,0,1,0,4194304,741376,5,1,757760,16384,1024,303616,424960,1048576,4096,4096,5,1,0.833,1,3,1,1,3,1,1,1,0,1,1,0,0.438,0,2,1.017,0.018,0,6.196,0.0,4.566,4.216,5.274,6.409,233,166,0,0,0,0,108,75,0,236,145,70,0,84,147,70,0,0,0,0,0,0,82,4,0,194,80,75,0,78,101,111,76,105,116,101,32,69,120,101,99,117,116,97,98,108,101,32,70,105,108,101,32,67,111,109,112,114,101,115,115,111,114,13,15.0,373.0,6.0,0.016,43.0,1,636.0,0
1,0,1,0,0,0,0,1,0,4194304,143360,5,1,163840,19968,1024,68608,60928,1048576,4096,4096,5,1,0.833,1,3,1,1,3,1,1,1,0,1,1,0,0.536,0,2,1.112,0.406,0,4.76,3.378,3.918,3.591,5.524,6.519,233,166,0,0,0,160,89,66,0,172,50,66,0,28,50,66,0,0,0,0,0,160,27,1,0,98,62,66,0,78,101,111,76,105,116,101,32,69,120,101,99,117,116,97,98,108,101,32,70,105,108,101,32,67,111,109,112,114,101,115,115,111,114,13,6.0,126.0,6.0,0.048,68.0,1,24.0,0
1,0,1,0,0,0,0,1,0,4194304,98304,5,0,114688,16384,1024,27648,59392,1048576,4096,4096,5,1,0.833,1,3,1,1,3,1,1,1,0,1,1,0,0.438,0,2,1.215,0.354,0,6.692,2.321,4.505,3.535,4.954,6.423,233,166,0,0,0,16,156,65,0,48,225,64,0,164,224,64,0,0,0,0,0,16,110,0,0,194,128,65,0,78,101,111,76,105,116,101,32,69,120,101,99,117,116,97,98,108,101,32,70,105,108,101,32,67,111,109,112,114,101,115,115,111,114,13,5.0,95.0,9.0,0.095,9.0,1,14.0,0
1,0,1,0,0,0,0,1,0,4194304,4096,6,0,212992,168448,1024,11264,18432,1048576,8192,4096,5,1,0.833,2,3,1,2,3,1,0,1,0,1,1,0,0.438,0,2,1.055,0.438,0,6.175,5.995,4.122,3.792,5.904,6.375,233,166,0,0,0,0,28,67,0,52,192,66,0,44,192,66,0,0,0,0,0,0,158,2,0,194,0,67,0,78,101,111,76,105,116,101,32,69,120,101,99,117,116,97,98,108,101,32,70,105,108,101,32,67,111,109,112,114,101,115,115,111,114,13,6.0,127.0,7.0,0.055,106.0,1,14.0,0
1,0,1,0,0,0,0,1,0,4194304,4349952,5,1,4358144,7168,1024,4014080,318464,1048576,4096,4096,5,1,0.833,1,3,1,1,3,1,1,1,0,1,1,0,1.0,0,1,1.003,0.0,0,4.617,0.0,5.741,3.812,3.694,6.416,233,166,0,0,0,80,122,130,0,164,177,68,0,144,178,68,0,0,0,0,0,232,244,30,0,194,96,130,0,78,101,111,76,105,116,101,32,69,120,101,99,117,116,97,98,108,101,32,70,105,108,101,32,67,111,109,112,114,101,115,115,111,114,13,13.0,327.0,8.0,0.024,17.0,1,326.0,0
1,0,1,0,1,0,0,1,0,4194304,8192,4,0,65536,4096,512,2048,0,1048576,4096,8192,3,0,1.0,1,0,0,1,0,0,0,0,0,0,0,0,1.112,0,0,42.667,1.003,0,5.24,-1,6.643,2.333,6.954,5.24,255,37,0,32,64,0,0,0,0,0,0,0,0,0,0,0,0,0,0,0,0,0,0,0,0,0,0,0,0,0,0,0,0,0,0,0,0,0,0,0,0,0,0,0,0,0,0,0,0,0,0,0,0,0,0,0,0,0,0,0,0,0,0,0,1.0,0.0,0.0,0.0,1.0,1,38.0,0
1,0,1,0,0,0,0,1,0,4194304,614400,5,1,724992,0,1024,507904,16384,1048576,4096,4096,0,8,0.0,8,8,8,8,8,8,0,1,1,1,1,0,0.646,1,6,1.08,0.0,0,-1,-1,-1,3.45,5.423,7.837,232,0,0,0,0,96,232,79,0,0,0,36,218,175,3,54,130,71,127,187,10,37,109,79,11,151,205,195,69,31,120,249,39,246,162,217,191,216,161,138,67,238,224,231,209,190,247,71,4,133,122,238,50,44,125,225,41,149,48,57,133,237,186,221,2.0,20.0,2.0,0.1,19.0,1,108.0,0
1,0,1,0,0,0,0,1,0,4194304,163840,5,1,274432,0,1024,120832,8192,1048576,4096,4096,0,8,0.0,8,8,8,8,8,8,0,1,1,1,1,0,0.646,1,6,1.136,0.0,0,-1,-1,-1,3.505,4.406,7.832,232,0,0,0,0,96,232,79,0,0,0,69,215,208,187,161,103,27,117,244,156,171,125,141,43,36,238,166,133,125,97,216,82,163,99,231,241,144,246,66,110,95,207,82,41,139,125,28,88,93,53,133,25,41,213,156,47,62,120,13,37,237,30,22,2.0,20.0,2.0,0.1,19.0,1,14.0,0
1,0,1,0,0,0,0,1,0,4194304,237568,6,0,348160,0,1024,155136,8192,4096,4096,4096,0,8,0.0,8,8,8,8,8,8,0,1,1,1,1,0,0.646,1,6,1.136,0.0,0,-1,-1,-1,3.524,4.467,7.834,232,0,0,0,0,96,232,79,0,0,0,128,178,185,209,13,121,213,156,103,239,88,43,243,158,106,236,159,126,136,200,157,19,117,61,40,76,34,232,30,128,98,148,88,62,71,77,140,107,7,64,97,12,246,163,116,192,83,104,155,231,213,177,128,2.0,20.0,2.0,0.1,19.0,1,14.0,0
1,0,1,0,1,0,0,1,0,4194304,753664,4,0,868352,0,1024,511488,8192,1048576,4096,8192,0,7,0.0,7,7,7,7,7,7,0,1,1,1,1,0,0.646,1,4,2.56,0.0,0,-1,-1,-1,2.719,3.66,7.831,232,0,0,0,0,96,232,79,0,0,0,224,125,57,149,123,153,0,242,249,156,118,112,92,53,96,170,166,172,228,7,129,220,111,16,134,111,98,58,129,64,200,21,162,94,32,77,84,96,208,108,177,61,143,169,56,95,165,135,28,21,98,192,225,2.0,20.0,2.0,0.1,19.0,1,26.0,0
1,0,1,0,0,0,0,1,0,4194304,151552,5,1,262144,0,1024,114176,8192,1048576,4096,4096,0,8,0.0,8,8,8,8,8,8,0,1,1,1,1,0,0.646,1,6,1.157,0.0,0,-1,-1,-1,3.542,4.363,7.835,232,0,0,0,0,96,232,79,0,0,0,34,187,120,13,175,87,10,4,211,14,61,252,150,242,12,167,235,83,13,215,183,31,252,179,150,116,204,22,222,55,251,26,212,56,129,123,65,221,135,65,7,69,188,149,100,117,189,221,253,13,198,2,82,2.0,20.0,2.0,0.1,19.0,1,14.0,0
1,0,1,0,0,0,0,1,0,4194304,155648,5,1,266240,0,1024,117248,8192,1048576,4096,4096,0,8,0.0,8,8,8,8,8,8,0,1,1,1,1,0,0.646,1,6,1.085,0.0,0,-1,-1,-1,3.532,4.407,7.833,232,0,0,0,0,96,232,79,0,0,0,149,11,52,127,119,65,6,138,231,140,178,28,40,23,220,9,243,176,124,187,124,237,94,240,141,183,40,63,122,17,134,182,158,152,198,174,255,189,242,2,59,207,95,165,214,21,160,133,158,108,176,114,15,2.0,20.0,2.0,0.1,19.0,1,14.0,0
1,0,1,0,1,0,0,1,0,4194304,180224,4,0,294912,0,512,184832,8192,1048576,4096,8192,0,6,0.0,6,6,6,6,6,6,0,1,1,1,1,0,0.646,1,4,1.08,0.0,0,-1,-1,-1,2.623,5.662,7.835,232,0,0,0,0,96,232,79,0,0,0,68,7,51,18,70,30,178,13,124,96,239,37,25,138,55,137,179,107,27,196,70,111,201,130,74,159,239,12,208,89,202,78,24,64,58,163,5,142,146,182,190,59,181,209,150,232,104,1,216,177,151,227,5,2.0,20.0,2.0,0.1,19.0,1,38.0,0
1,0,1,0,0,0,0,1,0,4194304,385024,5,1,495616,0,1024,212480,16384,1048576,4096,4096,0,8,0.0,8,8,8,8,8,8,0,1,1,1,1,0,0.646,1,6,1.153,0.0,0,-1,-1,-1,3.598,4.339,7.836,232,0,0,0,0,96,232,79,0,0,0,95,105,182,141,181,84,47,85,50,76,228,18,88,54,106,61,11,226,40,3,35,46,181,121,37,90,56,141,244,130,188,4,231,69,197,51,209,222,48,45,129,217,187,110,172,1,224,67,40,186,171,134,92,2.0,20.0,2.0,0.1,19.0,1,14.0,0
1,0,1,0,0,0,0,1,0,4194304,143360,5,0,253952,0,1024,126976,8192,1048576,4096,4096,0,8,0.0,8,8,8,8,8,8,0,1,1,1,1,0,0.646,1,6,1.08,0.0,0,-1,-1,-1,3.395,4.551,7.832,232,0,0,0,0,96,232,79,0,0,0,212,235,225,247,201,249,73,220,6,181,86,43,223,85,160,111,62,154,160,9,213,73,157,193,23,64,172,184,166,254,207,101,208,190,233,4,206,7,219,92,156,148,62,102,195,216,38,3,246,205,207,246,73,2.0,20.0,2.0,0.1,19.0,1,52.0,0
1,0,1,0,0,0,0,1,0,4194304,155648,5,1,266240,0,1024,118272,8192,1048576,4096,4096,0,8,0.0,8,8,8,8,8,8,0,1,1,1,1,0,0.646,1,6,1.326,0.0,0,-1,-1,-1,3.546,4.426,7.833,232,0,0,0,0,96,232,79,0,0,0,56,228,249,189,202,158,122,158,21,249,223,37,159,169,168,6,132,249,255,77,14,155,88,53,253,171,224,73,243,33,46,153,227,234,234,29,157,159,130,60,81,218,240,46,93,236,107,156,246,32,6,147,114,2.0,20.0,2.0,0.1,19.0,1,14.0,0
1,0,1,0,0,0,0,1,0,4194304,647168,5,1,757760,0,1024,546816,12288,1048576,4096,4096,0,8,0.0,8,8,8,8,8,8,0,1,1,1,1,0,0.646,1,6,1.08,0.0,0,-1,-1,-1,3.627,5.472,7.835,232,0,0,0,0,96,232,79,0,0,0,46,160,11,199,58,239,166,50,108,74,97,7,45,65,171,84,79,35,53,247,178,9,158,179,242,227,255,233,29,139,197,219,165,199,15,135,84,113,133,33,184,3,92,149,47,30,225,248,205,233,128,105,91,2.0,20.0,2.0,0.1,19.0,1,110.0,0
1,0,1,0,0,1,0,1,0,4194304,540672,5,1,651264,0,1024,313344,24576,1048576,4096,4096,0,13,0.0,13,13,13,13,13,13,0,1,1,1,1,0,0.646,2,9,128.0,0.0,0,-1,-1,-1,2.246,4.709,7.838,232,0,0,0,0,96,232,79,0,0,0,33,246,173,121,87,250,167,25,169,84,115,123,54,10,249,163,46,6,91,219,190,158,220,56,167,128,133,67,18,29,50,174,16,141,195,197,165,149,202,172,249,73,111,213,118,190,205,95,135,217,183,155,126,2.0,20.0,2.0,0.1,19.0,1,92.0,0
1,0,1,0,0,0,0,1,0,4194304,294912,5,1,405504,0,1024,250368,8192,1048576,4096,4096,0,8,0.0,8,8,8,8,8,8,0,1,1,1,1,0,0.646,1,6,1.08,0.0,0,-1,-1,-1,3.532,5.159,7.833,232,0,0,0,0,96,232,79,0,0,0,8,28,107,84,201,75,20,47,208,93,25,85,236,101,194,191,253,50,144,114,55,91,18,67,2,123,248,148,121,243,26,84,70,42,143,113,170,37,164,155,65,103,142,239,249,215,39,111,58,93,67,101,153,2.0,20.0,2.0,0.1,19.0,1,20.0,0
1,0,1,0,0,0,0,1,0,4194304,512000,5,1,622592,0,1024,283136,8192,1048576,4096,4096,0,8,0.0,8,8,8,8,8,8,0,1,1,1,1,0,0.646,1,6,1.08,0.0,0,-1,-1,-1,3.601,4.006,7.833,232,0,0,0,0,96,232,79,0,0,0,131,79,54,82,23,61,234,57,225,241,79,8,43,76,96,168,200,159,47,100,199,55,92,23,113,65,194,155,165,76,158,105,17,201,149,92,253,212,238,173,122,100,255,62,122,220,54,204,46,153,177,29,223,2.0,20.0,2.0,0.1,19.0,1,26.0,0
1,0,1,0,0,0,0,1,0,4194304,696320,5,1,806912,0,1024,648192,12288,1048576,4096,4096,0,8,0.0,8,8,8,8,8,8,0,1,1,1,1,0,0.646,1,6,1.08,0.0,0,-1,-1,-1,3.335,5.824,7.833,232,0,0,0,0,96,232,79,0,0,0,190,125,76,145,166,53,81,240,123,249,240,51,95,244,132,56,136,53,191,48,57,27,233,39,232,103,7,32,205,9,29,173,19,217,170,167,12,155,118,179,20,79,156,89,53,237,72,79,199,17,66,129,179,2.0,20.0,2.0,0.1,19.0,1,106.0,0
1,0,1,0,0,0,0,1,0,4194304,147456,5,1,258048,0,1024,113664,4096,1048576,4096,4096,0,8,0.0,8,8,8,8,8,8,0,1,1,1,1,0,0.646,1,6,1.097,0.0,0,-1,-1,-1,3.498,4.405,7.833,232,0,0,0,0,96,232,79,0,0,0,84,30,123,22,183,97,171,250,232,197,198,38,65,66,62,56,212,242,1,153,203,254,14,25,43,87,203,34,228,204,147,88,202,123,62,137,51,115,251,73,220,40,204,139,203,100,216,12,183,18,220,24,166,2.0,20.0,2.0,0.1,19.0,1,14.0,0
1,0,1,0,0,0,0,1,0,4194304,258048,5,1,368640,0,1024,215040,8192,1048576,4096,4096,0,8,0.0,8,8,8,8,8,8,0,1,1,1,1,0,0.646,1,6,1.08,0.0,0,-1,-1,-1,3.497,5.144,7.829,232,0,0,0,0,96,232,79,0,0,0,126,235,149,77,242,203,224,119,0,62,157,103,143,229,30,41,98,81,63,100,17,135,102,230,115,195,166,251,203,16,192,31,242,253,242,81,217,197,92,41,113,6,25,211,143,101,159,79,22,220,1,111,184,2.0,20.0,2.0,0.1,19.0,1,74.0,0
1,0,1,0,0,0,0,1,0,4194304,249856,5,1,360448,0,1024,211968,8192,1048576,4096,4096,0,8,0.0,8,8,8,8,8,8,0,1,1,1,1,0,0.646,1,6,1.08,0.0,0,-1,-1,-1,3.531,5.169,7.832,232,0,0,0,0,96,232,79,0,0,0,15,193,145,68,123,237,31,138,214,132,50,41,82,59,178,121,51,196,248,87,101,73,56,76,47,167,32,244,23,106,120,16,47,206,59,69,99,112,174,128,93,131,10,131,52,27,64,133,165,156,70,178,216,2.0,20.0,2.0,0.1,19.0,1,74.0,0
1,0,1,0,0,0,0,1,0,4194304,143360,5,1,253952,0,1024,112640,4096,1048576,4096,4096,0,8,0.0,8,8,8,8,8,8,0,1,1,1,1,0,0.646,1,6,1.129,0.0,0,-1,-1,-1,3.529,4.428,7.832,232,0,0,0,0,96,232,79,0,0,0,86,125,232,225,125,194,137,138,60,57,208,75,144,56,227,178,59,169,25,153,11,68,121,118,80,79,34,251,7,125,217,115,2,147,184,131,107,73,115,169,153,243,245,51,68,34,79,222,165,243,59,235,27,2.0,20.0,2.0,0.1,19.0,1,14.0,0
1,0,1,0,0,0,0,1,0,4194304,229376,5,1,339968,0,1024,188416,8192,1048576,4096,4096,0,8,0.0,8,8,8,8,8,8,0,1,1,1,1,0,0.646,1,6,1.08,0.0,0,-1,-1,-1,3.542,4.945,7.834,232,0,0,0,0,96,232,79,0,0,0,212,80,126,37,18,60,230,253,163,203,231,50,108,50,39,186,255,174,157,152,65,160,103,177,176,49,125,5,81,177,56,226,244,56,165,77,143,154,151,37,195,168,104,199,231,172,23,151,169,39,65,49,46,2.0,20.0,2.0,0.1,19.0,1,24.0,0
1,0,1,0,0,0,0,1,0,4194304,204800,5,1,315392,0,1024,130048,8192,1048576,4096,4096,0,8,0.0,8,8,8,8,8,8,0,1,1,1,1,0,0.646,1,6,1.167,0.0,0,-1,-1,-1,3.454,4.145,7.829,232,0,0,0,0,96,232,79,0,0,0,93,4,92,202,44,55,202,170,9,10,194,92,186,162,210,169,190,117,148,66,253,168,205,13,227,27,80,23,45,162,151,202,51,101,184,163,62,200,93,205,57,137,6,162,108,87,254,187,139,227,230,84,234,2.0,20.0,2.0,0.1,19.0,1,30.0,0
1,0,1,0,0,0,0,1,0,4194304,172032,5,1,282624,0,1024,115200,8192,1048576,4096,4096,0,8,0.0,8,8,8,8,8,8,0,1,1,1,1,0,0.646,1,6,1.167,0.0,0,-1,-1,-1,3.496,4.092,7.831,232,0,0,0,0,96,232,79,0,0,0,35,192,16,41,158,9,229,127,254,103,64,92,51,52,62,132,0,193,56,106,35,63,116,2,107,255,63,102,182,166,131,241,11,228,161,51,43,90,33,195,185,166,225,100,108,121,50,207,255,112,213,254,124,2.0,20.0,2.0,0.1,19.0,1,30.0,0
1,0,1,0,0,0,0,1,0,4194304,430080,5,1,540672,0,1024,367104,8192,1048576,4096,4096,0,8,0.0,8,8,8,8,8,8,0,1,1,1,1,0,0.646,1,6,1.08,0.0,0,-1,-1,-1,3.54,5.362,7.832,232,0,0,0,0,96,232,79,0,0,0,126,125,14,227,133,64,143,212,84,21,153,243,98,250,25,244,176,7,98,202,167,8,164,184,16,115,62,189,179,137,98,237,24,245,59,71,192,199,52,227,82,204,27,135,217,241,170,3,189,33,6,165,23,2.0,20.0,2.0,0.1,19.0,1,20.0,0
1,0,1,0,0,0,0,1,0,4194304,86016,10,0,196608,0,1024,89600,4096,262144,8192,4096,0,8,0.0,8,8,8,8,8,8,0,1,1,1,1,0,0.646,1,6,1.08,0.0,0,-1,-1,-1,3.334,4.513,7.831,232,0,0,0,0,96,232,79,0,0,0,74,30,2,181,246,91,45,163,219,159,95,220,50,33,107,205,0,94,21,143,86,112,33,68,20,181,230,229,147,237,211,84,1,246,13,158,92,93,116,181,35,177,175,1,19,41,65,243,93,94,195,66,172,2.0,20.0,2.0,0.1,19.0,1,8.0,0
1,0,1,0,0,0,0,1,0,16777216,73728,6,1,184320,0,1024,77312,4096,262144,8192,4096,0,7,0.0,7,7,7,7,7,7,0,1,1,1,1,0,0.646,1,5,1.08,0.0,0,-1,-1,-1,3.372,4.192,7.841,232,0,0,0,0,96,232,79,0,0,0,46,107,126,54,43,63,208,27,209,168,120,0,245,101,216,125,44,155,93,70,227,190,19,252,107,215,71,194,81,28,84,239,27,63,140,184,191,164,8,201,159,35,193,49,81,90,72,126,166,71,69,26,6,2.0,20.0,2.0,0.1,19.0,1,20.0,0
1,0,1,0,0,0,0,1,0,4194304,176128,5,1,286720,0,1024,128512,8192,1048576,4096,4096,0,8,0.0,8,8,8,8,8,8,0,1,1,1,1,0,0.646,1,6,1.143,0.0,0,-1,-1,-1,3.635,4.478,7.835,232,0,0,0,0,96,232,79,0,0,0,48,1,196,56,138,168,111,241,125,27,143,85,241,245,127,104,167,155,240,223,31,15,178,198,61,46,202,214,120,77,142,101,191,148,169,184,67,94,194,37,211,29,74,37,255,251,127,137,31,12,2,45,109,2.0,20.0,2.0,0.1,19.0,1,14.0,0
1,0,1,0,0,0,0,1,0,4194304,151552,5,1,262144,0,1024,114176,8192,1048576,4096,4096,0,8,0.0,8,8,8,8,8,8,0,1,1,1,1,0,0.646,1,6,1.143,0.0,0,-1,-1,-1,3.496,4.364,7.835,232,0,0,0,0,96,232,79,0,0,0,19,105,89,96,162,135,142,173,38,232,82,196,23,111,79,53,192,80,38,42,242,195,175,154,223,49,76,57,95,150,74,250,208,91,183,106,88,86,5,125,50,184,64,92,37,80,155,83,4,44,252,138,180,2.0,20.0,2.0,0.1,19.0,1,14.0,0
1,0,1,0,0,0,0,1,0,16777216,598016,6,1,708608,0,1024,594432,8192,262144,8192,4096,0,7,0.0,7,7,7,7,7,7,0,1,1,1,1,0,0.646,1,5,1.08,0.0,0,-1,-1,-1,3.5,5.815,7.837,232,0,0,0,0,96,232,79,0,0,0,29,133,31,62,243,105,239,144,171,170,198,253,160,121,119,31,206,182,251,212,37,124,155,216,143,105,156,189,177,106,229,29,198,249,69,84,106,242,112,155,206,60,135,131,13,79,13,14,122,139,183,209,250,2.0,20.0,2.0,0.1,19.0,1,226.0,0
1,0,1,0,0,0,0,1,0,4194304,131072,5,0,241664,0,1024,114688,8192,1048576,4096,4096,0,8,0.0,8,8,8,8,8,8,0,1,1,1,1,0,0.646,1,6,1.08,0.0,0,-1,-1,-1,3.357,4.565,7.832,232,0,0,0,0,96,232,79,0,0,0,150,33,57,135,201,182,21,220,115,94,230,146,104,19,85,110,127,83,13,65,89,206,242,140,104,39,167,121,136,38,0,252,131,30,76,191,40,186,197,16,250,133,14,77,195,9,154,76,186,120,107,180,49,2.0,20.0,2.0,0.1,19.0,1,76.0,0
1,0,1,0,0,0,0,1,0,4194304,155648,6,0,266240,0,1024,129536,8192,1048576,8192,4096,0,8,0.0,8,8,8,8,8,8,0,1,1,1,1,0,0.646,1,6,1.13,0.0,0,-1,-1,-1,3.537,4.795,7.834,232,0,0,0,0,96,232,79,0,0,0,85,174,180,85,221,29,185,199,60,19,8,124,5,85,118,142,192,216,248,125,124,238,59,77,126,113,136,33,213,56,67,119,142,56,66,22,21,203,97,194,246,127,4,186,134,186,191,209,182,156,115,99,62,2.0,20.0,2.0,0.1,19.0,1,14.0,0
1,0,1,0,0,0,0,1,0,4194304,901120,5,1,1011712,0,1024,611840,8192,1048576,4096,4096,0,8,0.0,8,8,8,8,8,8,0,1,1,1,1,0,0.646,1,6,1.08,0.0,0,-1,-1,-1,3.515,3.136,7.838,232,0,0,0,0,96,232,79,0,0,0,232,181,44,245,153,150,87,126,41,110,53,11,183,136,150,247,118,197,7,150,1,218,27,37,34,101,228,2,5,128,212,51,169,162,184,201,224,180,87,235,30,173,114,161,126,150,138,9,81,230,211,126,213,2.0,20.0,2.0,0.1,19.0,1,24.0,0
1,0,1,0,0,0,0,1,0,1255145472,311296,6,1,421888,0,1024,175616,8192,1048576,1036288,4096,0,7,0.0,7,7,7,7,7,7,0,1,1,1,1,0,0.646,1,5,1.08,0.0,0,-1,-1,-1,3.462,3.828,7.842,232,0,0,0,0,96,232,79,0,0,0,219,93,206,226,95,239,196,57,34,205,61,100,143,241,49,156,177,220,58,192,142,185,253,66,45,79,117,61,2,141,119,211,127,28,14,54,226,165,118,49,254,71,12,225,96,240,113,204,107,116,125,145,37,2.0,20.0,2.0,0.1,19.0,1,68.0,0
1,0,1,0,0,0,0,1,0,4194304,143360,5,1,253952,0,1024,112640,4096,1048576,4096,4096,0,8,0.0,8,8,8,8,8,8,0,1,1,1,1,0,0.646,1,6,1.171,0.0,0,-1,-1,-1,3.484,4.427,7.832,232,0,0,0,0,96,232,79,0,0,0,247,49,234,150,194,73,202,88,66,178,42,99,118,117,71,168,139,86,119,0,224,115,98,230,245,103,11,91,87,100,113,11,73,173,88,121,119,153,91,112,158,73,216,165,248,190,177,73,207,30,74,26,217,2.0,20.0,2.0,0.1,19.0,1,14.0,0
1,0,1,0,0,0,0,1,0,16777216,786432,6,1,897024,0,1024,636416,16384,262144,8192,4096,0,7,0.0,7,7,7,7,7,7,0,1,1,1,1,0,0.646,1,5,1.08,0.0,0,-1,-1,-1,3.347,6.079,7.842,232,0,0,0,0,96,232,79,0,0,0,102,163,197,155,121,240,9,189,46,0,110,61,192,101,84,184,252,242,215,20,62,122,16,49,79,107,122,159,209,245,108,137,108,4,4,60,138,19,194,146,108,245,107,243,185,91,50,80,220,154,120,226,110,2.0,20.0,2.0,0.1,19.0,1,382.0,0
1,0,1,0,0,0,0,1,0,4194304,659456,5,1,770048,0,1024,377344,24576,1048576,4096,4096,0,8,0.0,8,8,8,8,8,8,0,1,1,1,1,0,0.646,1,6,1.08,0.0,0,-1,-1,-1,3.778,4.263,7.834,232,0,0,0,0,96,232,79,0,0,0,21,220,179,139,221,179,122,20,113,13,37,195,138,20,169,112,255,5,44,121,165,86,191,147,76,153,57,124,145,147,89,162,185,96,100,39,156,207,235,42,65,82,156,217,165,92,87,225,212,254,231,162,24,2.0,20.0,2.0,0.1,19.0,1,636.0,0
1,0,1,0,0,0,0,1,0,4194304,741376,5,1,851968,0,1024,417280,28672,1048576,4096,4096,0,8,0.0,8,8,8,8,8,8,0,1,1,1,1,0,0.646,1,6,1.08,0.0,0,-1,-1,-1,3.874,4.323,7.835,232,0,0,0,0,96,232,79,0,0,0,16,232,112,28,214,83,82,71,212,20,219,32,238,213,241,86,65,143,17,102,6,42,77,136,87,202,141,90,107,127,228,246,202,238,94,204,239,167,90,129,169,139,253,84,106,0,234,151,164,53,237,153,250,2.0,20.0,2.0,0.1,19.0,1,636.0,0
1,0,1,0,0,0,0,1,0,4194304,143360,5,1,253952,0,1024,113152,8192,1048576,4096,4096,0,8,0.0,8,8,8,8,8,8,0,1,1,1,1,0,0.646,1,6,1.082,0.0,0,-1,-1,-1,3.337,4.42,7.832,232,0,0,0,0,96,232,79,0,0,0,16,192,104,212,68,147,82,194,1,146,131,214,135,17,69,226,187,152,26,24,43,188,40,66,104,222,60,144,134,46,217,40,0,118,223,152,166,91,103,41,144,209,176,56,46,54,105,145,121,239,18,236,175,2.0,20.0,2.0,0.1,19.0,1,24.0,0
1,0,1,0,0,0,0,1,0,4194304,98304,5,0,208896,0,1024,95232,8192,1048576,4096,4096,0,8,0.0,8,8,8,8,8,8,0,1,1,1,1,0,0.646,1,6,1.215,0.0,0,-1,-1,-1,3.375,4.524,7.832,232,0,0,0,0,96,232,79,0,0,0,4,158,47,174,121,152,13,187,129,103,88,193,115,203,149,99,50,58,138,197,17,5,29,227,82,168,226,135,200,77,111,47,96,216,66,9,187,89,55,190,43,199,136,228,127,62,13,226,33,232,105,101,167,2.0,20.0,2.0,0.1,19.0,1,14.0,0
1,0,1,0,0,0,0,1,0,4194304,196608,6,0,307200,0,1024,143872,8192,1048576,8192,4096,0,8,0.0,8,8,8,8,8,8,0,1,1,1,1,0,0.646,1,6,1.08,0.0,0,-1,-1,-1,3.606,4.65,7.832,232,0,0,0,0,96,232,79,0,0,0,123,66,52,76,201,158,80,37,234,71,132,18,203,80,195,168,63,76,222,95,3,92,25,95,30,126,249,84,195,166,4,39,74,2,102,248,75,250,119,211,168,161,57,108,146,183,245,35,241,103,76,97,207,2.0,20.0,2.0,0.1,19.0,1,14.0,0
1,0,1,0,0,0,0,1,0,4194304,794624,5,1,905216,0,1024,584192,8192,1048576,4096,4096,0,8,0.0,8,8,8,8,8,8,0,1,1,1,1,0,0.646,1,6,1.08,0.0,0,-1,-1,-1,3.341,4.114,7.833,232,0,0,0,0,96,232,79,0,0,0,166,216,15,216,209,215,117,111,105,37,193,218,198,255,56,9,127,52,71,226,229,206,116,200,238,26,27,5,217,100,199,155,168,246,208,21,183,156,25,107,28,223,23,245,176,191,107,225,140,48,74,79,169,2.0,20.0,2.0,0.1,19.0,1,24.0,0
1,0,1,0,0,0,0,1,381551,4194304,4096,5,1,618496,194560,1024,403968,0,1048576,4096,4096,5,1,0.833,0,6,0,0,6,0,1,0,0,1,1,1,0.75,0,5,1.008,0.124,0,7.901,7.62,7.828,3.774,4.756,6.18,96,232,0,0,0,0,93,139,213,129,237,198,43,64,0,43,149,97,52,64,0,129,234,6,0,0,0,137,149,101,52,64,0,131,189,105,52,64,0,0,15,133,188,3,0,0,199,133,105,52,64,0,1,0,0,0,185,136,7,0,0,141,181,24,1.0,4.0,5.0,1.25,-1,0,93.0,0
1,0,1,0,0,0,0,0,7669833,4194304,4096,4,0,19820544,9093120,1536,2285568,0,1048576,8192,4096,8,2,0.8,0,10,0,0,10,0,1,0,0,1,1,1,0.75,0,10,0.989,0.125,0,7.912,7.861,7.688,1.859,3.92,6.238,96,232,0,0,0,0,93,139,213,129,237,198,43,64,0,43,149,97,52,64,0,129,234,6,0,0,0,137,149,101,52,64,0,131,189,105,52,64,0,0,15,133,188,3,0,0,199,133,105,52,64,0,1,0,0,0,185,136,7,0,0,141,181,24,1.0,4.0,5.0,1.25,-1,1,1273.0,0
1,0,1,0,0,0,0,1,155758,4194304,4096,5,1,167936,78848,1024,66048,0,1048576,4096,4096,5,1,0.833,0,6,0,0,6,0,1,0,0,1,1,1,0.75,0,4,1.136,0.16,0,7.893,6.671,3.712,3.772,4.587,6.224,96,232,0,0,0,0,93,139,213,129,237,198,43,64,0,43,149,97,52,64,0,129,234,6,0,0,0,137,149,101,52,64,0,131,189,105,52,64,0,0,15,133,188,3,0,0,199,133,105,52,64,0,1,0,0,0,185,136,7,0,0,141,181,24,1.0,4.0,5.0,1.25,-1,1,14.0,0
1,0,1,0,0,0,0,1,163441,4194304,4096,5,1,241664,150528,1024,74240,0,1048576,4096,4096,5,1,0.833,0,6,0,0,6,0,1,0,0,1,1,1,0.75,0,4,1.136,0.16,0,7.884,6.547,3.62,3.894,4.576,6.206,96,232,0,0,0,0,93,139,213,129,237,198,43,64,0,43,149,97,52,64,0,129,234,6,0,0,0,137,149,101,52,64,0,131,189,105,52,64,0,0,15,133,188,3,0,0,199,133,105,52,64,0,1,0,0,0,185,136,7,0,0,141,181,24,1.0,4.0,5.0,1.25,-1,1,14.0,0
1,0,1,0,0,0,0,1,728422,4194304,4096,6,0,1314816,292864,1024,1001984,0,1048576,4096,4096,5,1,0.833,0,6,0,0,6,0,1,0,0,1,1,1,0.75,0,5,1.004,0.118,0,7.905,7.16,7.867,4.185,4.722,6.213,96,232,0,0,0,0,93,139,213,129,237,198,43,64,0,43,149,97,52,64,0,129,234,6,0,0,0,137,149,101,52,64,0,131,189,105,52,64,0,0,15,133,188,3,0,0,199,133,105,52,64,0,1,0,0,0,185,136,7,0,0,141,181,24,1.0,4.0,5.0,1.25,-1,0,150.0,0
1,0,1,0,0,0,0,1,620389,4194304,4096,5,0,1179648,943616,1024,222208,0,1048576,8192,4096,3,1,0.75,0,4,0,0,4,0,1,0,0,1,1,1,0.75,0,4,0.75,0.133,0,7.91,7.396,7.326,4.471,4.757,6.183,96,232,0,0,0,0,93,139,213,129,237,198,43,64,0,43,149,97,52,64,0,129,234,6,0,0,0,137,149,101,52,64,0,131,189,105,52,64,0,0,15,133,188,3,0,0,199,133,105,52,64,0,1,0,0,0,185,136,7,0,0,141,181,24,1.0,4.0,5.0,1.25,-1,1,438.0,0
1,0,1,0,0,0,0,1,192393,4194304,4096,6,0,241664,146432,1024,75776,0,4096,4096,4096,5,1,0.833,0,6,0,0,6,0,1,0,0,1,1,1,0.75,0,4,1.136,0.163,0,7.897,6.549,3.669,3.879,4.596,6.198,96,232,0,0,0,0,93,139,213,129,237,198,43,64,0,43,149,97,52,64,0,129,234,6,0,0,0,137,149,101,52,64,0,131,189,105,52,64,0,0,15,133,188,3,0,0,199,133,105,52,64,0,1,0,0,0,185,136,7,0,0,141,181,24,1.0,4.0,5.0,1.25,-1,1,14.0,0
1,0,1,0,1,0,0,1,473647,4194304,8192,4,0,761856,448000,1024,274432,0,1048576,4096,8192,4,1,0.8,0,5,0,0,5,0,1,0,0,1,1,1,0.375,0,3,42.667,0.375,0,7.851,-1,2.532,2.924,3.483,6.178,96,232,0,0,0,0,93,139,213,129,237,198,43,64,0,43,149,97,52,64,0,129,234,6,0,0,0,137,149,101,52,64,0,131,189,105,52,64,0,0,15,133,188,3,0,0,199,133,105,52,64,0,1,0,0,0,185,136,7,0,0,141,181,24,1.0,4.0,5.0,1.25,-1,0,26.0,0
1,0,1,0,0,0,0,1,1065932,4194304,4096,5,1,2867200,586240,1024,2263040,0,1048576,4096,4096,5,1,0.833,0,6,0,0,6,0,1,0,0,1,1,1,0.75,0,5,1.002,0.164,0,7.903,7.39,7.907,4.122,3.51,6.212,96,232,0,0,0,0,93,139,213,129,237,198,43,64,0,43,149,97,52,64,0,129,234,6,0,0,0,137,149,101,52,64,0,131,189,105,52,64,0,0,15,133,188,3,0,0,199,133,105,52,64,0,1,0,0,0,185,136,7,0,0,141,181,24,1.0,4.0,5.0,1.25,-1,0,41.0,0
1,0,1,0,0,0,0,1,157801,4194304,4096,5,1,155648,68096,1024,66048,0,1048576,4096,4096,5,1,0.833,0,6,0,0,6,0,1,0,0,1,1,1,0.75,0,4,1.157,0.163,0,7.876,6.541,3.684,3.823,4.514,6.195,96,232,0,0,0,0,93,139,213,129,237,198,43,64,0,43,149,97,52,64,0,129,234,6,0,0,0,137,149,101,52,64,0,131,189,105,52,64,0,0,15,133,188,3,0,0,199,133,105,52,64,0,1,0,0,0,185,136,7,0,0,141,181,24,1.0,4.0,5.0,1.25,-1,1,14.0,0
1,0,1,0,0,0,0,1,102564,4194304,4096,5,1,159744,73216,1024,66560,0,1048576,4096,4096,5,1,0.833,0,6,0,0,6,0,1,0,0,1,1,1,0.75,0,4,1.085,0.163,0,7.881,6.584,3.851,3.854,4.595,6.216,96,232,0,0,0,0,93,139,213,129,237,198,43,64,0,43,149,97,52,64,0,129,234,6,0,0,0,137,149,101,52,64,0,131,189,105,52,64,0,0,15,133,188,3,0,0,199,133,105,52,64,0,1,0,0,0,185,136,7,0,0,141,181,24,1.0,4.0,5.0,1.25,-1,1,14.0,0
1,0,1,0,0,0,0,1,300774,4194304,4096,5,1,389120,215552,1024,158720,0,1048576,4096,4096,5,1,0.833,0,6,0,0,6,0,1,0,0,1,1,1,0.75,0,5,1.005,0.115,0,7.876,7.581,5.056,3.941,4.777,6.19,96,232,0,0,0,0,93,139,213,129,237,198,43,64,0,43,149,97,52,64,0,129,234,6,0,0,0,137,149,101,52,64,0,131,189,105,52,64,0,0,15,133,188,3,0,0,199,133,105,52,64,0,1,0,0,0,185,136,7,0,0,141,181,24,1.0,4.0,5.0,1.25,-1,1,14.0,0
1,0,1,0,0,0,0,1,121402,4194304,4096,5,1,167936,75264,1024,72192,0,1048576,4096,4096,5,1,0.833,0,6,0,0,6,0,1,0,0,1,1,1,0.75,0,4,1.136,0.155,0,7.887,6.959,3.644,3.761,4.64,6.172,96,232,0,0,0,0,93,139,213,129,237,198,43,64,0,43,149,97,52,64,0,129,234,6,0,0,0,137,149,101,52,64,0,131,189,105,52,64,0,0,15,133,188,3,0,0,199,133,105,52,64,0,1,0,0,0,185,136,7,0,0,141,181,24,1.0,4.0,5.0,1.25,-1,1,14.0,0
1,0,1,0,0,0,0,1,131876,4194304,4096,5,0,147456,67584,1024,64000,0,1048576,4096,4096,5,1,0.833,0,6,0,0,6,0,1,0,0,1,1,1,0.75,0,5,1.011,0.076,0,7.864,6.937,5.594,3.666,4.737,6.187,96,232,0,0,0,0,93,139,213,129,237,198,43,64,0,43,149,97,52,64,0,129,234,6,0,0,0,137,149,101,52,64,0,131,189,105,52,64,0,0,15,133,188,3,0,0,199,133,105,52,64,0,1,0,0,0,185,136,7,0,0,141,181,24,1.0,4.0,5.0,1.25,-1,0,52.0,0
1,0,1,0,0,0,0,1,134171,4194304,4096,5,1,159744,71168,1024,69120,0,1048576,4096,4096,5,1,0.833,0,6,0,0,6,0,1,0,0,1,1,1,0.75,0,5,1.007,0.159,0,7.876,6.576,4.069,3.811,4.61,6.198,96,232,0,0,0,0,93,139,213,129,237,198,43,64,0,43,149,97,52,64,0,129,234,6,0,0,0,137,149,101,52,64,0,131,189,105,52,64,0,0,15,133,188,3,0,0,199,133,105,52,64,0,1,0,0,0,185,136,7,0,0,141,181,24,1.0,4.0,5.0,1.25,-1,1,14.0,0
1,0,1,0,0,0,0,1,357288,4194304,4096,5,1,651264,174080,1024,462336,0,1048576,4096,4096,5,1,0.833,0,6,0,0,6,0,1,0,0,1,1,1,0.75,0,5,1.007,0.136,0,7.897,7.492,7.84,3.956,4.763,6.18,96,232,0,0,0,0,93,139,213,129,237,198,43,64,0,43,149,97,52,64,0,129,234,6,0,0,0,137,149,101,52,64,0,131,189,105,52,64,0,0,15,133,188,3,0,0,199,133,105,52,64,0,1,0,0,0,185,136,7,0,0,141,181,24,1.0,4.0,5.0,1.25,-1,0,95.0,0
1,0,1,0,0,0,0,1,228415,4194304,4096,5,1,299008,86016,1024,195584,0,1048576,4096,4096,5,1,0.833,0,6,0,0,6,0,1,0,0,1,1,1,0.75,0,5,1.008,0.145,0,7.89,6.634,7.898,3.805,4.858,6.188,96,232,0,0,0,0,93,139,213,129,237,198,43,64,0,43,149,97,52,64,0,129,234,6,0,0,0,137,149,101,52,64,0,131,189,105,52,64,0,0,15,133,188,3,0,0,199,133,105,52,64,0,1,0,0,0,185,136,7,0,0,141,181,24,1.0,4.0,5.0,1.25,-1,1,18.0,0
1,0,1,0,0,0,0,1,199664,4194304,4096,6,0,270336,141824,1024,106496,0,1048576,4096,4096,5,1,0.833,0,6,0,0,6,0,1,0,0,1,1,1,0.75,0,4,1.085,0.256,0,7.879,7.753,3.853,3.893,4.47,6.193,96,232,0,0,0,0,93,139,213,129,237,198,43,64,0,43,149,97,52,64,0,129,234,6,0,0,0,137,149,101,52,64,0,131,189,105,52,64,0,0,15,133,188,3,0,0,199,133,105,52,64,0,1,0,0,0,185,136,7,0,0,141,181,24,1.0,4.0,5.0,1.25,-1,1,14.0,0
1,0,1,0,0,0,0,1,193103,4194304,4096,5,1,307200,93696,1024,195584,0,1048576,4096,4096,5,1,0.833,0,6,0,0,6,0,1,0,0,1,1,1,0.75,0,5,1.001,0.143,0,7.874,6.583,7.894,3.884,4.843,6.195,96,232,0,0,0,0,93,139,213,129,237,198,43,64,0,43,149,97,52,64,0,129,234,6,0,0,0,137,149,101,52,64,0,131,189,105,52,64,0,0,15,133,188,3,0,0,199,133,105,52,64,0,1,0,0,0,185,136,7,0,0,141,181,24,1.0,4.0,5.0,1.25,-1,1,18.0,0
1,0,1,0,0,0,0,1,248329,4194304,4096,5,1,516096,99840,1024,400896,0,1048576,4096,4096,5,1,0.833,0,6,0,0,6,0,1,0,0,1,1,1,0.75,0,5,1.008,0.011,0,7.878,6.992,7.889,3.893,3.528,6.203,96,232,0,0,0,0,93,139,213,129,237,198,43,64,0,43,149,97,52,64,0,129,234,6,0,0,0,137,149,101,52,64,0,131,189,105,52,64,0,0,15,133,188,3,0,0,199,133,105,52,64,0,1,0,0,0,185,136,7,0,0,141,181,24,1.0,4.0,5.0,1.25,-1,1,23.0,0
1,0,1,0,0,0,0,1,1093624,4194304,4096,5,1,2195456,585216,1024,1594368,0,1048576,4096,4096,5,1,0.833,0,6,0,0,6,0,1,0,0,1,1,1,0.75,0,5,1.001,0.066,0,7.901,7.049,7.812,4.276,4.394,6.211,96,232,0,0,0,0,93,139,213,129,237,198,43,64,0,43,149,97,52,64,0,129,234,6,0,0,0,137,149,101,52,64,0,131,189,105,52,64,0,0,15,133,188,3,0,0,199,133,105,52,64,0,1,0,0,0,185,136,7,0,0,141,181,24,1.0,4.0,5.0,1.25,-1,0,353.0,0
1,0,1,0,0,0,0,1,1353392,4194304,4096,5,1,2875392,763904,1024,1943552,0,1048576,4096,4096,5,1,0.833,0,6,0,0,6,0,1,0,0,1,1,1,0.75,0,5,1.002,0.044,0,7.913,7.681,7.71,4.191,4.319,6.209,96,232,0,0,0,0,93,139,213,129,237,198,43,64,0,43,149,97,52,64,0,129,234,6,0,0,0,137,149,101,52,64,0,131,189,105,52,64,0,0,15,133,188,3,0,0,199,133,105,52,64,0,1,0,0,0,185,136,7,0,0,141,181,24,1.0,4.0,5.0,1.25,-1,0,529.0,0
1,0,1,0,0,0,0,1,392867,4194304,4096,5,1,663552,167424,1024,481280,0,1048576,4096,4096,5,1,0.833,0,6,0,0,6,0,1,0,0,1,1,1,0.75,0,5,1.002,0.103,0,7.897,7.208,7.901,4.042,4.668,6.162,96,232,0,0,0,0,93,139,213,129,237,198,43,64,0,43,149,97,52,64,0,129,234,6,0,0,0,137,149,101,52,64,0,131,189,105,52,64,0,0,15,133,188,3,0,0,199,133,105,52,64,0,1,0,0,0,185,136,7,0,0,141,181,24,1.0,4.0,5.0,1.25,-1,0,18.0,0
1,0,1,0,0,0,0,1,142379,4194304,4096,5,1,151552,66560,1024,65536,0,1048576,4096,4096,5,1,0.833,0,6,0,0,6,0,1,0,0,1,1,1,0.75,0,3,1.097,0.163,0,7.871,6.541,3.768,3.783,4.56,6.202,96,232,0,0,0,0,93,139,213,129,237,198,43,64,0,43,149,97,52,64,0,129,234,6,0,0,0,137,149,101,52,64,0,131,189,105,52,64,0,0,15,133,188,3,0,0,199,133,105,52,64,0,1,0,0,0,185,136,7,0,0,141,181,24,1.0,4.0,5.0,1.25,-1,1,14.0,0
1,0,1,0,0,0,0,1,81322,16777216,4096,6,1,126976,60416,1024,54784,0,262144,8192,4096,4,1,0.8,0,5,0,0,5,0,1,0,0,1,1,1,0.75,0,5,0.921,0.115,0,7.864,7.55,4.133,3.671,3.6,6.168,96,232,0,0,0,0,93,139,213,129,237,198,43,64,0,43,149,97,52,64,0,129,234,6,0,0,0,137,149,101,52,64,0,131,189,105,52,64,0,0,15,133,188,3,0,0,199,133,105,52,64,0,1,0,0,0,185,136,7,0,0,141,181,24,1.0,4.0,5.0,1.25,-1,1,36.0,0
1,0,1,0,0,0,0,1,209979,4194304,4096,5,1,262144,79360,1024,161280,0,1048576,4096,4096,5,1,0.833,0,6,0,0,6,0,1,0,0,1,1,1,0.75,0,5,1.001,0.16,0,7.881,7.043,7.139,3.782,5.386,6.194,96,232,0,0,0,0,93,139,213,129,237,198,43,64,0,43,149,97,52,64,0,129,234,6,0,0,0,137,149,101,52,64,0,131,189,105,52,64,0,0,15,133,188,3,0,0,199,133,105,52,64,0,1,0,0,0,185,136,7,0,0,141,181,24,1.0,4.0,5.0,1.25,-1,1,68.0,0
1,0,1,0,0,0,0,1,218118,4194304,4096,5,1,253952,71680,1024,161792,0,1048576,4096,4096,5,1,0.833,0,6,0,0,6,0,1,0,0,1,1,1,0.75,0,4,1.024,0.158,0,7.892,7.06,7.136,3.815,5.417,6.191,96,232,0,0,0,0,93,139,213,129,237,198,43,64,0,43,149,97,52,64,0,129,234,6,0,0,0,137,149,101,52,64,0,131,189,105,52,64,0,0,15,133,188,3,0,0,199,133,105,52,64,0,1,0,0,0,185,136,7,0,0,141,181,24,1.0,4.0,5.0,1.25,-1,1,68.0,0
1,0,1,0,0,0,0,1,187777,16777216,4096,6,1,200704,43008,1024,140288,0,262144,69632,4096,4,1,0.8,0,5,0,0,5,0,1,0,0,1,1,1,0.75,0,5,0.986,0.06,0,7.841,4.897,7.351,3.686,6.141,6.189,96,232,0,0,0,0,93,139,213,129,237,198,43,64,0,43,149,97,52,64,0,129,234,6,0,0,0,137,149,101,52,64,0,131,189,105,52,64,0,0,15,133,188,3,0,0,199,133,105,52,64,0,1,0,0,0,185,136,7,0,0,141,181,24,1.0,4.0,5.0,1.25,-1,1,85.0,0
1,0,1,0,0,0,0,1,138568,16777216,4096,6,1,380928,247808,1024,116736,0,262144,8192,4096,4,1,0.8,0,5,0,0,5,0,1,0,0,1,1,1,0.75,0,5,0.977,0.17,0,7.863,6.686,4.458,3.872,3.14,6.218,96,232,0,0,0,0,93,139,213,129,237,198,43,64,0,43,149,97,52,64,0,129,234,6,0,0,0,137,149,101,52,64,0,131,189,105,52,64,0,0,15,133,188,3,0,0,199,133,105,52,64,0,1,0,0,0,185,136,7,0,0,141,181,24,1.0,4.0,5.0,1.25,-1,1,20.0,0
1,0,1,0,0,0,0,1,83664,16777216,4096,6,1,69632,45056,1024,13824,0,262144,8192,4096,4,1,0.8,0,5,0,0,5,0,1,0,0,1,1,1,0.75,0,4,1.0,0.071,0,7.851,3.197,4.309,3.669,4.489,6.204,96,232,0,0,0,0,93,139,213,129,237,198,43,64,0,43,149,97,52,64,0,129,234,6,0,0,0,137,149,101,52,64,0,131,189,105,52,64,0,0,15,133,188,3,0,0,199,133,105,52,64,0,1,0,0,0,185,136,7,0,0,141,181,24,1.0,4.0,5.0,1.25,-1,1,20.0,0
1,0,1,0,0,0,0,1,35942,16777216,4096,6,1,90112,38400,1024,31744,0,262144,8192,4096,4,1,0.8,0,5,0,0,5,0,1,0,0,1,1,1,0.75,0,4,1.085,0.042,0,7.852,4.73,4.242,3.725,3.175,6.205,96,232,0,0,0,0,93,139,213,129,237,198,43,64,0,43,149,97,52,64,0,129,234,6,0,0,0,137,149,101,52,64,0,131,189,105,52,64,0,0,15,133,188,3,0,0,199,133,105,52,64,0,1,0,0,0,185,136,7,0,0,141,181,24,1.0,4.0,5.0,1.25,-1,1,14.0,0
1,0,1,0,0,0,0,1,88519,25165824,4096,6,1,114688,37376,1024,61440,0,1048576,524288,4096,4,1,0.8,0,5,0,0,5,0,1,0,0,1,1,1,0.75,0,3,1.183,0.009,0,7.877,5.254,4.318,3.835,2.652,6.193,96,232,0,0,0,0,93,139,213,129,237,198,43,64,0,43,149,97,52,64,0,129,234,6,0,0,0,137,149,101,52,64,0,131,189,105,52,64,0,0,15,133,188,3,0,0,199,133,105,52,64,0,1,0,0,0,185,136,7,0,0,141,181,24,1.0,4.0,5.0,1.25,-1,1,20.0,0
1,0,1,0,0,0,0,1,40905,16777216,4096,6,1,45056,5120,1024,20480,0,262144,8192,4096,4,1,0.8,0,5,0,0,5,0,1,0,0,1,1,1,0.75,0,5,0.964,0.541,0,7.732,0.403,5.282,3.641,3.621,6.173,96,232,0,0,0,0,93,139,213,129,237,198,43,64,0,43,149,97,52,64,0,129,234,6,0,0,0,137,149,101,52,64,0,131,189,105,52,64,0,0,15,133,188,3,0,0,199,133,105,52,64,0,1,0,0,0,185,136,7,0,0,141,181,24,1.0,4.0,5.0,1.25,-1,1,64.0,0
1,0,1,0,0,0,0,1,58960,16777216,4096,6,1,40960,18944,1024,6656,0,262144,8192,4096,4,1,0.8,0,5,0,0,5,0,1,0,0,1,1,1,0.75,0,5,0.985,0.464,0,7.816,1.607,4.464,3.665,3.598,6.153,96,232,0,0,0,0,93,139,213,129,237,198,43,64,0,43,149,97,52,64,0,129,234,6,0,0,0,137,149,101,52,64,0,131,189,105,52,64,0,0,15,133,188,3,0,0,199,133,105,52,64,0,1,0,0,0,185,136,7,0,0,141,181,24,1.0,4.0,5.0,1.25,-1,1,20.0,0
1,0,1,0,0,0,0,1,45632,16777216,4096,6,1,49152,19968,1024,13824,0,262144,8192,4096,4,1,0.8,0,5,0,0,5,0,1,0,0,1,1,1,0.75,0,4,1.157,0.055,0,7.816,2.228,4.431,3.667,3.32,6.137,96,232,0,0,0,0,93,139,213,129,237,198,43,64,0,43,149,97,52,64,0,129,234,6,0,0,0,137,149,101,52,64,0,131,189,105,52,64,0,0,15,133,188,3,0,0,199,133,105,52,64,0,1,0,0,0,185,136,7,0,0,141,181,24,1.0,4.0,5.0,1.25,-1,1,20.0,0
1,0,1,0,0,0,0,1,72349,16777216,4096,6,1,40960,17920,1024,6144,0,262144,8192,4096,4,1,0.8,0,5,0,0,5,0,1,0,0,1,1,1,0.75,0,5,0.985,0.401,0,7.731,0.644,4.394,3.657,3.491,6.159,96,232,0,0,0,0,93,139,213,129,237,198,43,64,0,43,149,97,52,64,0,129,234,6,0,0,0,137,149,101,52,64,0,131,189,105,52,64,0,0,15,133,188,3,0,0,199,133,105,52,64,0,1,0,0,0,185,136,7,0,0,141,181,24,1.0,4.0,5.0,1.25,-1,1,20.0,0
1,0,1,0,0,0,0,1,98682,16777216,4096,6,1,176128,98304,1024,63488,0,524288,65536,4096,4,1,0.8,0,5,0,0,5,0,1,0,0,1,1,1,0.75,0,5,0.976,0.074,0,7.876,7.595,4.734,3.777,3.796,6.193,96,232,0,0,0,0,93,139,213,129,237,198,43,64,0,43,149,97,52,64,0,129,234,6,0,0,0,137,149,101,52,64,0,131,189,105,52,64,0,0,15,133,188,3,0,0,199,133,105,52,64,0,1,0,0,0,185,136,7,0,0,141,181,24,1.0,4.0,5.0,1.25,-1,1,14.0,0
1,0,1,0,0,0,0,1,83013,16777216,4096,6,1,102400,32256,1024,55808,0,524288,65536,4096,4,1,0.8,0,5,0,0,5,0,1,0,0,1,1,1,0.75,0,5,0.906,0.051,0,7.812,7.2,4.749,3.645,2.825,6.18,96,232,0,0,0,0,93,139,213,129,237,198,43,64,0,43,149,97,52,64,0,129,234,6,0,0,0,137,149,101,52,64,0,131,189,105,52,64,0,0,15,133,188,3,0,0,199,133,105,52,64,0,1,0,0,0,185,136,7,0,0,141,181,24,1.0,4.0,5.0,1.25,-1,1,14.0,0
1,0,1,0,0,0,0,1,72302,16777216,4096,6,1,73728,10240,1024,48640,0,262144,8192,4096,4,1,0.8,0,5,0,0,5,0,1,0,0,1,1,1,0.75,0,4,1.277,0.011,0,7.628,0.464,4.571,3.61,1.677,6.177,96,232,0,0,0,0,93,139,213,129,237,198,43,64,0,43,149,97,52,64,0,129,234,6,0,0,0,137,149,101,52,64,0,131,189,105,52,64,0,0,15,133,188,3,0,0,199,133,105,52,64,0,1,0,0,0,185,136,7,0,0,141,181,24,1.0,4.0,5.0,1.25,-1,1,20.0,0
1,0,1,0,0,0,0,1,97947,16777216,4096,6,1,122880,88576,1024,19968,0,262144,8192,4096,4,1,0.8,0,5,0,0,5,0,1,0,0,1,1,1,0.75,0,4,1.008,0.129,0,7.894,6.026,3.445,3.695,4.199,6.207,96,232,0,0,0,0,93,139,213,129,237,198,43,64,0,43,149,97,52,64,0,129,234,6,0,0,0,137,149,101,52,64,0,131,189,105,52,64,0,0,15,133,188,3,0,0,199,133,105,52,64,0,1,0,0,0,185,136,7,0,0,141,181,24,1.0,4.0,5.0,1.25,-1,1,8.0,0
1,0,1,0,0,0,0,1,46967,16777216,4096,6,1,86016,60928,1024,10240,0,262144,8192,4096,4,1,0.8,0,5,0,0,5,0,1,0,0,1,1,1,0.75,0,5,0.838,0.316,0,7.834,1.19,5.106,3.681,3.825,6.218,96,232,0,0,0,0,93,139,213,129,237,198,43,64,0,43,149,97,52,64,0,129,234,6,0,0,0,137,149,101,52,64,0,131,189,105,52,64,0,0,15,133,188,3,0,0,199,133,105,52,64,0,1,0,0,0,185,136,7,0,0,141,181,24,1.0,4.0,5.0,1.25,-1,1,14.0,0
1,0,1,0,0,0,0,1,89291,4194304,4096,6,1,167936,114688,1024,41984,0,262144,8192,4096,4,1,0.8,0,5,0,0,5,0,1,0,0,1,1,1,0.75,0,4,1.016,0.016,0,7.898,3.564,4.335,3.92,3.552,6.198,96,232,0,0,0,0,93,139,213,129,237,198,43,64,0,43,149,97,52,64,0,129,234,6,0,0,0,137,149,101,52,64,0,131,189,105,52,64,0,0,15,133,188,3,0,0,199,133,105,52,64,0,1,0,0,0,185,136,7,0,0,141,181,24,1.0,4.0,5.0,1.25,-1,1,20.0,0
1,0,1,0,0,0,0,1,126576,4194304,4096,5,1,147456,65536,1024,65024,0,1048576,4096,4096,5,1,0.833,0,6,0,0,6,0,1,0,0,1,1,1,0.75,0,3,1.129,0.163,0,7.873,6.541,3.638,3.804,4.614,6.175,96,232,0,0,0,0,93,139,213,129,237,198,43,64,0,43,149,97,52,64,0,129,234,6,0,0,0,137,149,101,52,64,0,131,189,105,52,64,0,0,15,133,188,3,0,0,199,133,105,52,64,0,1,0,0,0,185,136,7,0,0,141,181,24,1.0,4.0,5.0,1.25,-1,1,14.0,0
1,0,0,0,0,0,0,1,682997,16777216,4096,6,1,1417216,998912,1024,402432,0,262144,81200,4096,4,1,0.8,0,5,0,0,5,0,1,0,0,1,1,1,0.75,0,5,0.75,0.175,0,7.919,7.806,7.087,4.035,4.335,6.204,96,232,0,0,0,0,93,139,213,129,237,198,43,64,0,43,149,97,52,64,0,129,234,6,0,0,0,137,149,101,52,64,0,131,189,105,52,64,0,0,15,133,188,3,0,0,199,133,105,52,64,0,1,0,0,0,185,136,7,0,0,141,181,24,1.0,4.0,5.0,1.25,-1,1,200.0,0
1,0,1,0,0,0,0,1,153841,4194304,4096,5,1,233472,80384,1024,135680,0,1048576,4096,4096,5,1,0.833,0,6,0,0,6,0,1,0,0,1,1,1,0.75,0,5,1.004,0.158,0,7.883,6.766,7.819,3.862,4.775,6.196,96,232,0,0,0,0,93,139,213,129,237,198,43,64,0,43,149,97,52,64,0,129,234,6,0,0,0,137,149,101,52,64,0,131,189,105,52,64,0,0,15,133,188,3,0,0,199,133,105,52,64,0,1,0,0,0,185,136,7,0,0,141,181,24,1.0,4.0,5.0,1.25,-1,1,22.0,0
1,0,1,0,0,0,0,1,141157,4194304,4096,5,1,208896,92160,1024,99840,0,1048576,4096,4096,5,1,0.833,0,6,0,0,6,0,1,0,0,1,1,1,0.75,0,5,1.004,0.05,0,7.875,6.533,3.422,3.768,4.133,6.225,96,232,0,0,0,0,93,139,213,129,237,198,43,64,0,43,149,97,52,64,0,129,234,6,0,0,0,137,149,101,52,64,0,131,189,105,52,64,0,0,15,133,188,3,0,0,199,133,105,52,64,0,1,0,0,0,185,136,7,0,0,141,181,24,1.0,4.0,5.0,1.25,-1,1,30.0,0
1,0,1,0,0,0,0,1,104512,4194304,4096,5,1,176128,64512,1024,95744,0,1048576,4096,4096,5,1,0.833,0,6,0,0,6,0,1,0,0,1,1,1,0.75,0,5,1.003,0.05,0,7.878,6.549,3.476,3.795,4.1,6.192,96,232,0,0,0,0,93,139,213,129,237,198,43,64,0,43,149,97,52,64,0,129,234,6,0,0,0,137,149,101,52,64,0,131,189,105,52,64,0,0,15,133,188,3,0,0,199,133,105,52,64,0,1,0,0,0,185,136,7,0,0,141,181,24,1.0,4.0,5.0,1.25,-1,1,30.0,0
1,0,1,0,0,0,0,1,364814,4194304,4096,5,1,647168,90112,1024,542720,0,1048576,4096,4096,5,1,0.833,0,6,0,0,6,0,1,0,0,1,1,1,0.75,0,5,1.001,0.132,0,7.881,7.092,7.898,3.759,4.681,6.218,96,232,0,0,0,0,93,139,213,129,237,198,43,64,0,43,149,97,52,64,0,129,234,6,0,0,0,137,149,101,52,64,0,131,189,105,52,64,0,0,15,133,188,3,0,0,199,133,105,52,64,0,1,0,0,0,185,136,7,0,0,141,181,24,1.0,4.0,5.0,1.25,-1,1,27.0,0
1,0,1,0,0,0,0,1,261386,4194304,4096,5,1,434176,113664,1024,302592,0,1048576,4096,4096,5,1,0.833,0,6,0,0,6,0,1,0,0,1,1,1,0.75,0,5,1.005,0.17,0,7.874,7.111,7.88,3.841,4.829,6.189,96,232,0,0,0,0,93,139,213,129,237,198,43,64,0,43,149,97,52,64,0,129,234,6,0,0,0,137,149,101,52,64,0,131,189,105,52,64,0,0,15,133,188,3,0,0,199,133,105,52,64,0,1,0,0,0,185,136,7,0,0,141,181,24,1.0,4.0,5.0,1.25,-1,1,18.0,0
1,0,1,0,0,0,0,1,71403,16777216,4096,6,1,77824,34304,1024,27136,0,262144,8192,4096,4,1,0.8,0,5,0,0,5,0,1,0,0,1,1,1,0.75,0,4,1.032,0.025,0,7.834,6.937,4.362,3.694,3.394,6.223,96,232,0,0,0,0,93,139,213,129,237,198,43,64,0,43,149,97,52,64,0,129,234,6,0,0,0,137,149,101,52,64,0,131,189,105,52,64,0,0,15,133,188,3,0,0,199,133,105,52,64,0,1,0,0,0,185,136,7,0,0,141,181,24,1.0,4.0,5.0,1.25,-1,1,20.0,0
1,0,1,0,0,0,0,1,167145,16777216,4096,6,1,233472,39936,1024,179712,0,262144,8192,4096,4,1,0.8,0,5,0,0,5,0,1,0,0,1,1,1,0.75,0,5,0.804,0.472,0,7.872,2.17,6.401,3.698,4.534,6.181,96,232,0,0,0,0,93,139,213,129,237,198,43,64,0,43,149,97,52,64,0,129,234,6,0,0,0,137,149,101,52,64,0,131,189,105,52,64,0,0,15,133,188,3,0,0,199,133,105,52,64,0,1,0,0,0,185,136,7,0,0,141,181,24,1.0,4.0,5.0,1.25,-1,1,153.0,0
1,0,1,0,0,0,0,1,55012,16777216,4096,6,1,32768,9216,1024,3584,0,262144,8192,4096,4,1,0.8,0,5,0,0,5,0,1,0,0,1,1,1,0.75,0,3,1.076,0.582,0,7.642,0.394,4.322,3.651,2.898,6.164,96,232,0,0,0,0,93,139,213,129,237,198,43,64,0,43,149,97,52,64,0,129,234,6,0,0,0,137,149,101,52,64,0,131,189,105,52,64,0,0,15,133,188,3,0,0,199,133,105,52,64,0,1,0,0,0,185,136,7,0,0,141,181,24,1.0,4.0,5.0,1.25,-1,1,20.0,0
1,0,1,0,0,0,0,1,47460,16777216,4096,6,1,36864,15360,1024,4096,0,262144,8192,4096,4,1,0.8,0,5,0,0,5,0,1,0,0,1,1,1,0.75,0,3,1.106,0.505,0,7.796,0.654,4.311,3.658,3.358,6.156,96,232,0,0,0,0,93,139,213,129,237,198,43,64,0,43,149,97,52,64,0,129,234,6,0,0,0,137,149,101,52,64,0,131,189,105,52,64,0,0,15,133,188,3,0,0,199,133,105,52,64,0,1,0,0,0,185,136,7,0,0,141,181,24,1.0,4.0,5.0,1.25,-1,1,20.0,0
1,0,1,0,0,0,0,1,88446,16777216,4096,6,1,69632,40448,1024,18944,0,262144,8192,4096,4,1,0.8,0,5,0,0,5,0,1,0,0,1,1,1,0.75,0,5,0.81,0.128,0,7.817,6.379,6.379,3.87,4.337,6.172,96,232,0,0,0,0,93,139,213,129,237,198,43,64,0,43,149,97,52,64,0,129,234,6,0,0,0,137,149,101,52,64,0,131,189,105,52,64,0,0,15,133,188,3,0,0,199,133,105,52,64,0,1,0,0,0,185,136,7,0,0,141,181,24,1.0,4.0,5.0,1.25,-1,1,34.0,0
1,0,1,0,0,0,0,1,27428,16777216,4096,6,1,53248,29184,1024,6144,0,262144,8192,4096,4,1,0.8,0,5,0,0,5,0,1,0,0,1,1,1,0.75,0,5,0.952,0.416,0,7.828,1.199,4.593,3.656,4.052,6.165,96,232,0,0,0,0,93,139,213,129,237,198,43,64,0,43,149,97,52,64,0,129,234,6,0,0,0,137,149,101,52,64,0,131,189,105,52,64,0,0,15,133,188,3,0,0,199,133,105,52,64,0,1,0,0,0,185,136,7,0,0,141,181,24,1.0,4.0,5.0,1.25,-1,1,20.0,0
1,0,1,0,0,0,0,1,118485,16777216,4096,6,1,94208,4096,1024,72192,0,262144,8192,4096,4,1,0.8,0,5,0,0,5,0,1,0,0,1,1,1,0.75,0,5,0.991,0.577,0,7.586,0.358,7.147,3.683,6.135,6.185,96,232,0,0,0,0,93,139,213,129,237,198,43,64,0,43,149,97,52,64,0,129,234,6,0,0,0,137,149,101,52,64,0,131,189,105,52,64,0,0,15,133,188,3,0,0,199,133,105,52,64,0,1,0,0,0,185,136,7,0,0,141,181,24,1.0,4.0,5.0,1.25,-1,1,68.0,0
1,0,1,0,0,0,0,1,127105,4194304,4096,6,0,331776,220672,1024,34304,0,262144,8192,4096,4,1,0.8,0,5,0,0,5,0,1,0,0,1,1,1,0.75,0,4,1.091,0.065,0,7.904,7.272,3.41,3.712,3.836,6.205,96,232,0,0,0,0,93,139,213,129,237,198,43,64,0,43,149,97,52,64,0,129,234,6,0,0,0,137,149,101,52,64,0,131,189,105,52,64,0,0,15,133,188,3,0,0,199,133,105,52,64,0,1,0,0,0,185,136,7,0,0,141,181,24,1.0,4.0,5.0,1.25,-1,1,26.0,0
1,0,1,0,0,0,0,1,186282,16777216,4096,6,1,192512,43008,1024,133120,0,262144,8192,4096,4,1,0.8,0,5,0,0,5,0,1,0,0,1,1,1,0.75,0,4,1.003,0.372,0,7.864,0.467,7.375,3.758,6.487,6.184,96,232,0,0,0,0,93,139,213,129,237,198,43,64,0,43,149,97,52,64,0,129,234,6,0,0,0,137,149,101,52,64,0,131,189,105,52,64,0,0,15,133,188,3,0,0,199,133,105,52,64,0,1,0,0,0,185,136,7,0,0,141,181,24,1.0,4.0,5.0,1.25,-1,1,62.0,0
1,0,1,0,0,0,0,1,39367,16777216,4096,6,1,61440,36864,1024,13312,0,262144,8192,4096,4,1,0.8,0,5,0,0,5,0,1,0,0,1,1,1,0.75,0,5,0.977,0.152,0,7.839,6.724,4.542,3.682,4.34,6.164,96,232,0,0,0,0,93,139,213,129,237,198,43,64,0,43,149,97,52,64,0,129,234,6,0,0,0,137,149,101,52,64,0,131,189,105,52,64,0,0,15,133,188,3,0,0,199,133,105,52,64,0,1,0,0,0,185,136,7,0,0,141,181,24,1.0,4.0,5.0,1.25,-1,1,20.0,0
1,0,1,0,0,0,0,1,146422,16777216,4096,6,1,131072,9728,1024,102912,0,262144,8192,4096,4,1,0.8,0,5,0,0,5,0,1,0,0,1,1,1,0.75,0,5,0.994,0.577,0,7.712,0.358,6.629,3.697,5.915,6.194,96,232,0,0,0,0,93,139,213,129,237,198,43,64,0,43,149,97,52,64,0,129,234,6,0,0,0,137,149,101,52,64,0,131,189,105,52,64,0,0,15,133,188,3,0,0,199,133,105,52,64,0,1,0,0,0,185,136,7,0,0,141,181,24,1.0,4.0,5.0,1.25,-1,1,86.0,0
1,0,1,0,0,0,0,1,46241,16777216,4096,6,1,45056,24576,1024,5120,0,262144,8192,4096,4,1,0.8,0,5,0,0,5,0,1,0,0,1,1,1,0.75,0,3,1.012,0.427,0,7.861,0.485,4.428,3.623,4.073,6.184,96,232,0,0,0,0,93,139,213,129,237,198,43,64,0,43,149,97,52,64,0,129,234,6,0,0,0,137,149,101,52,64,0,131,189,105,52,64,0,0,15,133,188,3,0,0,199,133,105,52,64,0,1,0,0,0,185,136,7,0,0,141,181,24,1.0,4.0,5.0,1.25,-1,1,20.0,0
1,0,1,0,0,0,0,1,43297,16777216,4096,6,1,32768,11776,1024,4608,0,262144,8192,4096,4,1,0.8,0,5,0,0,5,0,1,0,0,1,1,1,0.75,0,4,1.177,0.495,0,7.787,0.358,4.763,3.675,3.189,6.165,96,232,0,0,0,0,93,139,213,129,237,198,43,64,0,43,149,97,52,64,0,129,234,6,0,0,0,137,149,101,52,64,0,131,189,105,52,64,0,0,15,133,188,3,0,0,199,133,105,52,64,0,1,0,0,0,185,136,7,0,0,141,181,24,1.0,4.0,5.0,1.25,-1,1,20.0,0
1,0,1,0,0,0,0,1,19587,16777216,4096,6,1,32768,11776,1024,4096,0,262144,8192,4096,4,1,0.8,0,5,0,0,5,0,1,0,0,1,1,1,0.75,0,3,1.225,0.493,0,7.779,0.403,4.313,3.627,3.129,6.156,96,232,0,0,0,0,93,139,213,129,237,198,43,64,0,43,149,97,52,64,0,129,234,6,0,0,0,137,149,101,52,64,0,131,189,105,52,64,0,0,15,133,188,3,0,0,199,133,105,52,64,0,1,0,0,0,185,136,7,0,0,141,181,24,1.0,4.0,5.0,1.25,-1,1,20.0,0
1,0,1,0,0,0,0,1,21923,16777216,4096,6,1,40960,14848,1024,10752,0,262144,8192,4096,4,1,0.8,0,5,0,0,5,0,1,0,0,1,1,1,0.75,0,5,0.988,0.162,0,7.751,5.657,4.404,3.638,3.291,6.16,96,232,0,0,0,0,93,139,213,129,237,198,43,64,0,43,149,97,52,64,0,129,234,6,0,0,0,137,149,101,52,64,0,131,189,105,52,64,0,0,15,133,188,3,0,0,199,133,105,52,64,0,1,0,0,0,185,136,7,0,0,141,181,24,1.0,4.0,5.0,1.25,-1,1,20.0,0
1,0,1,0,0,0,0,1,61579,16777216,4096,6,1,45056,16896,1024,10240,0,262144,8192,4096,4,1,0.8,0,5,0,0,5,0,1,0,0,1,1,1,0.75,0,4,1.004,0.164,0,7.72,5.566,4.406,3.607,3.321,6.143,96,232,0,0,0,0,93,139,213,129,237,198,43,64,0,43,149,97,52,64,0,129,234,6,0,0,0,137,149,101,52,64,0,131,189,105,52,64,0,0,15,133,188,3,0,0,199,133,105,52,64,0,1,0,0,0,185,136,7,0,0,141,181,24,1.0,4.0,5.0,1.25,-1,1,20.0,0
1,0,1,0,0,0,0,1,58898,16777216,4096,6,1,40960,16384,1024,9728,0,262144,8192,4096,4,1,0.8,0,5,0,0,5,0,1,0,0,1,1,1,0.75,0,4,1.0,0.178,0,7.72,5.609,4.409,3.625,3.508,6.178,96,232,0,0,0,0,93,139,213,129,237,198,43,64,0,43,149,97,52,64,0,129,234,6,0,0,0,137,149,101,52,64,0,131,189,105,52,64,0,0,15,133,188,3,0,0,199,133,105,52,64,0,1,0,0,0,185,136,7,0,0,141,181,24,1.0,4.0,5.0,1.25,-1,1,20.0,0
1,0,1,0,0,0,0,1,389304,16777216,4096,6,1,790528,339456,1024,435712,0,262144,8192,4096,4,1,0.8,0,5,0,0,5,0,1,0,0,1,1,1,0.75,0,5,0.878,0.124,0,7.894,7.236,7.202,3.622,4.406,6.212,96,232,0,0,0,0,93,139,213,129,237,198,43,64,0,43,149,97,52,64,0,129,234,6,0,0,0,137,149,101,52,64,0,131,189,105,52,64,0,0,15,133,188,3,0,0,199,133,105,52,64,0,1,0,0,0,185,136,7,0,0,141,181,24,1.0,4.0,5.0,1.25,-1,1,338.0,0
1,0,1,0,0,0,0,1,347645,4194304,4096,5,1,798720,116224,1024,667136,0,1048576,4096,4096,5,1,0.833,0,6,0,0,6,0,1,0,0,1,1,1,0.75,0,5,1.005,0.03,0,7.891,7.667,7.896,3.582,3.321,6.207,96,232,0,0,0,0,93,139,213,129,237,198,43,64,0,43,149,97,52,64,0,129,234,6,0,0,0,137,149,101,52,64,0,131,189,105,52,64,0,0,15,133,188,3,0,0,199,133,105,52,64,0,1,0,0,0,185,136,7,0,0,141,181,24,1.0,4.0,5.0,1.25,-1,1,21.0,0
1,0,1,0,0,0,0,1,0,4194304,4096,5,1,1040384,194560,1024,403968,0,1048576,4096,4096,0,3,0.0,0,3,0,0,3,0,0,0,1,1,1,1,0.125,1,3,0.992,0.0,0,-1,-1,-1,2.436,3.52,4.483,187,208,1,64,0,191,0,16,64,0,190,217,222,77,0,83,232,10,0,0,0,2,210,117,5,138,22,70,18,210,195,252,178,128,164,106,2,91,255,20,36,115,247,51,201,255,20,36,115,24,51,192,255,20,36,115,33,179,2,65,176,16,255,20,1.0,1.0,2.0,2.0,-1,1,92.0,0
1,0,1,0,0,0,0,1,0,4194304,4096,5,1,221184,78848,1024,66048,0,1048576,4096,4096,0,3,0.0,0,3,0,0,3,0,0,0,1,1,1,1,0.125,1,3,0.989,0.0,0,-1,-1,-1,2.244,3.019,4.496,187,208,1,64,0,191,0,16,64,0,190,29,98,66,0,83,232,10,0,0,0,2,210,117,5,138,22,70,18,210,195,252,178,128,164,106,2,91,255,20,36,115,247,51,201,255,20,36,115,24,51,192,255,20,36,115,33,179,2,65,176,16,255,20,1.0,1.0,2.0,2.0,-1,1,13.0,0
1,0,1,0,0,0,0,1,0,4194304,4096,5,1,327680,150528,1024,74240,0,1048576,4096,4096,0,3,0.0,0,3,0,0,3,0,0,0,1,1,1,1,0.125,1,3,0.968,0.0,0,-1,-1,-1,2.34,3.048,4.501,187,208,1,64,0,191,0,16,64,0,190,29,130,67,0,83,232,10,0,0,0,2,210,117,5,138,22,70,18,210,195,252,178,128,164,106,2,91,255,20,36,115,247,51,201,255,20,36,115,24,51,192,255,20,36,115,33,179,2,65,176,16,255,20,1.0,1.0,2.0,2.0,-1,1,13.0,0
1,0,1,0,0,0,0,1,0,4194304,4096,6,0,2342912,292864,1024,1001984,0,1048576,4096,4096,0,3,0.0,0,3,0,0,3,0,0,0,1,1,1,1,0.125,1,3,0.999,0.0,0,-1,-1,-1,2.429,3.541,4.515,187,208,1,64,0,191,0,16,64,0,190,140,164,96,0,83,232,10,0,0,0,2,210,117,5,138,22,70,18,210,195,252,178,128,164,106,2,91,255,20,36,115,247,51,201,255,20,36,115,24,51,192,255,20,36,115,33,179,2,65,176,16,255,20,1.0,1.0,2.0,2.0,-1,1,145.0,0
1,0,1,0,0,0,0,1,0,4194304,4096,5,0,1744896,943616,1024,222208,0,1048576,8192,4096,0,3,0.0,0,3,0,0,3,0,0,0,1,1,1,1,0.125,1,3,0.997,0.0,0,-1,-1,-1,2.424,3.435,4.506,187,208,1,64,0,191,0,16,64,0,190,168,11,82,0,83,232,10,0,0,0,2,210,117,5,138,22,70,18,210,195,252,178,128,164,106,2,91,255,20,36,115,247,51,201,255,20,36,115,24,51,192,255,20,36,115,33,179,2,65,176,16,255,20,1.0,1.0,2.0,2.0,-1,1,402.0,0
1,0,1,0,0,0,0,1,0,4194304,4096,6,0,327680,146432,1024,75776,0,4096,4096,4096,0,3,0.0,0,3,0,0,3,0,0,0,1,1,1,1,0.125,1,3,0.963,0.0,0,-1,-1,-1,2.37,3.035,4.494,187,208,1,64,0,191,0,16,64,0,190,29,130,67,0,83,232,10,0,0,0,2,210,117,5,138,22,70,18,210,195,252,178,128,164,106,2,91,255,20,36,115,247,51,201,255,20,36,115,24,51,192,255,20,36,115,33,179,2,65,176,16,255,20,1.0,1.0,2.0,2.0,-1,1,13.0,0
1,0,1,0,1,0,0,1,0,4194304,8192,4,0,1208320,448000,1024,274432,0,1048576,4096,8192,0,3,0.0,0,3,0,0,3,0,0,0,1,1,1,1,0.125,1,3,0.996,0.0,0,-1,-1,-1,2.217,2.303,4.482,187,208,1,64,0,191,0,16,64,0,190,70,134,79,0,83,232,10,0,0,0,2,210,117,5,138,22,70,18,210,195,252,178,128,164,106,2,91,255,20,36,115,247,51,201,255,20,36,115,24,51,192,255,20,36,115,33,179,2,65,176,16,255,20,1.0,1.0,2.0,2.0,-1,1,25.0,0
1,0,1,0,0,0,0,1,0,4194304,4096,5,1,204800,68096,1024,66048,0,1048576,4096,4096,0,3,0.0,0,3,0,0,3,0,0,0,1,1,1,1,0.125,1,3,0.948,0.0,0,-1,-1,-1,2.24,2.93,4.518,187,208,1,64,0,191,0,16,64,0,190,29,50,66,0,83,232,10,0,0,0,2,210,117,5,138,22,70,18,210,195,252,178,128,164,106,2,91,255,20,36,115,247,51,201,255,20,36,115,24,51,192,255,20,36,115,33,179,2,65,176,16,255,20,1.0,1.0,2.0,2.0,-1,1,13.0,0
1,0,1,0,0,0,0,1,0,4194304,4096,5,1,208896,73216,1024,66560,0,1048576,4096,4096,0,3,0.0,0,3,0,0,3,0,0,0,1,1,1,1,0.125,1,3,0.999,0.0,0,-1,-1,-1,2.269,3.012,4.5,187,208,1,64,0,191,0,16,64,0,190,29,66,66,0,83,232,10,0,0,0,2,210,117,5,138,22,70,18,210,195,252,178,128,164,106,2,91,255,20,36,115,247,51,201,255,20,36,115,24,51,192,255,20,36,115,33,179,2,65,176,16,255,20,1.0,1.0,2.0,2.0,-1,1,13.0,0
1,0,1,0,0,0,0,1,0,4194304,4096,5,1,524288,215552,1024,158720,0,1048576,4096,4096,0,3,0.0,0,3,0,0,3,0,0,0,1,1,1,1,0.125,1,3,0.984,0.0,0,-1,-1,-1,2.319,3.101,4.508,187,208,1,64,0,191,0,16,64,0,190,31,167,69,0,83,232,10,0,0,0,2,210,117,5,138,22,70,18,210,195,252,178,128,164,106,2,91,255,20,36,115,247,51,201,255,20,36,115,24,51,192,255,20,36,115,33,179,2,65,176,16,255,20,1.0,1.0,2.0,2.0,-1,1,13.0,0
1,0,1,0,0,0,0,1,0,4194304,4096,5,1,225280,75264,1024,72192,0,1048576,4096,4096,0,3,0.0,0,3,0,0,3,0,0,0,1,1,1,1,0.125,1,3,0.939,0.0,0,-1,-1,-1,2.27,3.001,4.498,187,208,1,64,0,191,0,16,64,0,190,29,98,66,0,83,232,10,0,0,0,2,210,117,5,138,22,70,18,210,195,252,178,128,164,106,2,91,255,20,36,115,247,51,201,255,20,36,115,24,51,192,255,20,36,115,33,179,2,65,176,16,255,20,1.0,1.0,2.0,2.0,-1,1,13.0,0
1,0,1,0,0,0,0,1,0,4194304,4096,5,0,200704,67584,1024,64000,0,1048576,4096,4096,0,3,0.0,0,3,0,0,3,0,0,0,1,1,1,1,0.125,1,3,0.995,0.0,0,-1,-1,-1,2.165,3.191,4.502,187,208,1,64,0,191,0,16,64,0,190,137,38,66,0,83,232,10,0,0,0,2,210,117,5,138,22,70,18,210,195,252,178,128,164,106,2,91,255,20,36,115,247,51,201,255,20,36,115,24,51,192,255,20,36,115,33,179,2,65,176,16,255,20,1.0,1.0,2.0,2.0,-1,1,45.0,0
1,0,1,0,0,0,0,1,0,4194304,4096,5,1,212992,71168,1024,69120,0,1048576,4096,4096,0,3,0.0,0,3,0,0,3,0,0,0,1,1,1,1,0.125,1,3,0.944,0.0,0,-1,-1,-1,2.26,2.994,4.514,187,208,1,64,0,191,0,16,64,0,190,29,66,66,0,83,232,10,0,0,0,2,210,117,5,138,22,70,18,210,195,252,178,128,164,106,2,91,255,20,36,115,247,51,201,255,20,36,115,24,51,192,255,20,36,115,33,179,2,65,176,16,255,20,1.0,1.0,2.0,2.0,-1,1,13.0,0
1,0,1,0,0,0,0,1,0,4194304,4096,5,1,1118208,174080,1024,462336,0,1048576,4096,4096,0,3,0.0,0,3,0,0,3,0,0,0,1,1,1,1,0.125,1,3,0.997,0.0,0,-1,-1,-1,2.405,3.517,4.494,187,208,1,64,0,191,0,16,64,0,190,196,20,79,0,83,232,10,0,0,0,2,210,117,5,138,22,70,18,210,195,252,178,128,164,106,2,91,255,20,36,115,247,51,201,255,20,36,115,24,51,192,255,20,36,115,33,179,2,65,176,16,255,20,1.0,1.0,2.0,2.0,-1,1,92.0,0
1,0,1,0,0,0,0,1,0,4194304,4096,5,1,483328,86016,1024,195584,0,1048576,4096,4096,0,3,0.0,0,3,0,0,3,0,0,0,1,1,1,1,0.125,1,3,0.986,0.0,0,-1,-1,-1,2.368,3.429,4.487,187,208,1,64,0,191,0,16,64,0,190,53,69,70,0,83,232,10,0,0,0,2,210,117,5,138,22,70,18,210,195,252,178,128,164,106,2,91,255,20,36,115,247,51,201,255,20,36,115,24,51,192,255,20,36,115,33,179,2,65,176,16,255,20,1.0,1.0,2.0,2.0,-1,1,19.0,0
1,0,1,0,0,0,0,1,0,4194304,4096,6,0,360448,141824,1024,106496,0,1048576,4096,4096,0,3,0.0,0,3,0,0,3,0,0,0,1,1,1,1,0.125,1,3,0.973,0.0,0,-1,-1,-1,2.436,3.03,4.501,187,208,1,64,0,191,0,16,64,0,190,29,226,67,0,83,232,10,0,0,0,2,210,117,5,138,22,70,18,210,195,252,178,128,164,106,2,91,255,20,36,115,247,51,201,255,20,36,115,24,51,192,255,20,36,115,33,179,2,65,176,16,255,20,1.0,1.0,2.0,2.0,-1,1,13.0,0
1,0,1,0,0,0,0,1,0,4194304,4096,5,1,495616,93696,1024,195584,0,1048576,4096,4096,0,3,0.0,0,3,0,0,3,0,0,0,1,1,1,1,0.125,1,3,0.982,0.0,0,-1,-1,-1,2.408,3.413,4.501,187,208,1,64,0,191,0,16,64,0,190,29,99,70,0,83,232,10,0,0,0,2,210,117,5,138,22,70,18,210,195,252,178,128,164,106,2,91,255,20,36,115,247,51,201,255,20,36,115,24,51,192,255,20,36,115,33,179,2,65,176,16,255,20,1.0,1.0,2.0,2.0,-1,1,19.0,0
1,0,1,0,0,0,0,1,0,4194304,4096,5,1,733184,99840,1024,400896,0,1048576,4096,4096,0,3,0.0,0,3,0,0,3,0,0,0,1,1,1,1,0.125,1,3,0.99,0.0,0,-1,-1,-1,2.439,2.76,4.493,187,208,1,64,0,191,0,16,64,0,190,109,235,73,0,83,232,10,0,0,0,2,210,117,5,138,22,70,18,210,195,252,178,128,164,106,2,91,255,20,36,115,247,51,201,255,20,36,115,24,51,192,255,20,36,115,33,179,2,65,176,16,255,20,1.0,1.0,2.0,2.0,-1,1,24.0,0
1,0,1,0,0,0,0,1,0,4194304,4096,5,1,3772416,585216,1024,1594368,0,1048576,4096,4096,0,3,0.0,0,3,0,0,3,0,0,0,1,1,1,1,0.125,1,3,0.998,0.0,0,-1,-1,-1,2.424,3.428,4.52,187,208,1,64,0,191,0,16,64,0,190,216,58,116,0,83,232,10,0,0,0,2,210,117,5,138,22,70,18,210,195,252,178,128,164,106,2,91,255,20,36,115,247,51,201,255,20,36,115,24,51,192,255,20,36,115,33,179,2,65,176,16,255,20,1.0,1.0,2.0,2.0,-1,1,321.0,0
1,0,1,0,0,0,0,1,0,4194304,4096,5,1,1118208,167424,1024,481280,0,1048576,4096,4096,0,3,0.0,0,3,0,0,3,0,0,0,1,1,1,1,0.125,1,3,0.994,0.0,0,-1,-1,-1,2.393,3.375,4.486,187,208,1,64,0,191,0,16,64,0,190,53,25,79,0,83,232,10,0,0,0,2,210,117,5,138,22,70,18,210,195,252,178,128,164,106,2,91,255,20,36,115,247,51,201,255,20,36,115,24,51,192,255,20,36,115,33,179,2,65,176,16,255,20,1.0,1.0,2.0,2.0,-1,1,19.0,0
1,0,1,0,0,0,0,1,0,4194304,4096,5,1,1261568,116224,1024,558592,0,1048576,4096,4096,0,3,0.0,0,3,0,0,3,0,0,0,1,1,1,1,0.125,1,3,0.995,0.0,0,-1,-1,-1,2.332,3.718,4.489,187,208,1,64,0,191,0,16,64,0,190,237,194,81,0,83,232,10,0,0,0,2,210,117,5,138,22,70,18,210,195,252,178,128,164,106,2,91,255,20,36,115,247,51,201,255,20,36,115,24,51,192,255,20,36,115,33,179,2,65,176,16,255,20,1.0,1.0,2.0,2.0,-1,1,89.0,0
1,0,1,0,0,0,0,1,0,4194304,4096,5,1,204800,66560,1024,65536,0,1048576,4096,4096,0,3,0.0,0,3,0,0,3,0,0,0,1,1,1,1,0.125,1,3,0.937,0.0,0,-1,-1,-1,2.236,2.902,4.51,187,208,1,64,0,191,0,16,64,0,190,29,50,66,0,83,232,10,0,0,0,2,210,117,5,138,22,70,18,210,195,252,178,128,164,106,2,91,255,20,36,115,247,51,201,255,20,36,115,24,51,192,255,20,36,115,33,179,2,65,176,16,255,20,1.0,1.0,2.0,2.0,-1,1,13.0,0
1,0,1,0,0,0,0,1,0,4194304,4096,5,1,393216,79360,1024,161280,0,1048576,4096,4096,0,3,0.0,0,3,0,0,3,0,0,0,1,1,1,1,0.125,1,3,0.997,0.0,0,-1,-1,-1,2.311,3.553,4.502,187,208,1,64,0,191,0,16,64,0,190,85,64,68,0,83,232,10,0,0,0,2,210,117,5,138,22,70,18,210,195,252,178,128,164,106,2,91,255,20,36,115,247,51,201,255,20,36,115,24,51,192,255,20,36,115,33,179,2,65,176,16,255,20,1.0,1.0,2.0,2.0,-1,1,63.0,0
1,0,1,0,0,0,0,1,0,4194304,4096,5,1,385024,71680,1024,161792,0,1048576,4096,4096,0,3,0.0,0,3,0,0,3,0,0,0,1,1,1,1,0.125,1,3,0.977,0.0,0,-1,-1,-1,2.33,3.551,4.504,187,208,1,64,0,191,0,16,64,0,190,93,32,68,0,83,232,10,0,0,0,2,210,117,5,138,22,70,18,210,195,252,178,128,164,106,2,91,255,20,36,115,247,51,201,255,20,36,115,24,51,192,255,20,36,115,33,179,2,65,176,16,255,20,1.0,1.0,2.0,2.0,-1,1,63.0,0
1,0,1,0,0,0,0,1,0,4194304,4096,5,1,196608,65536,1024,65024,0,1048576,4096,4096,0,3,0.0,0,3,0,0,3,0,0,0,1,1,1,1,0.125,1,3,0.996,0.0,0,-1,-1,-1,2.212,2.972,4.484,187,208,1,64,0,191,0,16,64,0,190,29,34,66,0,83,232,10,0,0,0,2,210,117,5,138,22,70,18,210,195,252,178,128,164,106,2,91,255,20,36,115,247,51,201,255,20,36,115,24,51,192,255,20,36,115,33,179,2,65,176,16,255,20,1.0,1.0,2.0,2.0,-1,1,13.0,0
1,0,1,0,0,0,0,1,0,4194304,4096,5,1,356352,80384,1024,135680,0,1048576,4096,4096,0,3,0.0,0,3,0,0,3,0,0,0,1,1,1,1,0.125,1,3,0.978,0.0,0,-1,-1,-1,2.27,3.349,4.481,187,208,1,64,0,191,0,16,64,0,190,157,85,68,0,83,232,10,0,0,0,2,210,117,5,138,22,70,18,210,195,252,178,128,164,106,2,91,255,20,36,115,247,51,201,255,20,36,115,24,51,192,255,20,36,115,33,179,2,65,176,16,255,20,1.0,1.0,2.0,2.0,-1,1,23.0,0
1,0,1,0,0,0,0,1,0,4194304,4096,5,1,270336,92160,1024,99840,0,1048576,4096,4096,0,3,0.0,0,3,0,0,3,0,0,0,1,1,1,1,0.125,1,3,0.981,0.0,0,-1,-1,-1,2.254,2.782,4.491,187,208,1,64,0,191,0,16,64,0,190,233,5,67,0,83,232,10,0,0,0,2,210,117,5,138,22,70,18,210,195,252,178,128,164,106,2,91,255,20,36,115,247,51,201,255,20,36,115,24,51,192,255,20,36,115,33,179,2,65,176,16,255,20,1.0,1.0,2.0,2.0,-1,1,28.0,0
1,0,1,0,0,0,0,1,0,4194304,4096,5,1,225280,64512,1024,95744,0,1048576,4096,4096,0,3,0.0,0,3,0,0,3,0,0,0,1,1,1,1,0.125,1,3,0.96,0.0,0,-1,-1,-1,2.264,2.7,4.502,187,208,1,64,0,191,0,16,64,0,190,233,133,66,0,83,232,10,0,0,0,2,210,117,5,138,22,70,18,210,195,252,178,128,164,106,2,91,255,20,36,115,247,51,201,255,20,36,115,24,51,192,255,20,36,115,33,179,2,65,176,16,255,20,1.0,1.0,2.0,2.0,-1,1,28.0,0
1,0,1,0,0,0,0,1,0,4194304,4096,5,1,733184,113664,1024,302592,0,1048576,4096,4096,0,3,0.0,0,3,0,0,3,0,0,0,1,1,1,1,0.125,1,3,0.995,0.0,0,-1,-1,-1,2.35,3.479,4.496,187,208,1,64,0,191,0,16,64,0,190,51,208,73,0,83,232,10,0,0,0,2,210,117,5,138,22,70,18,210,195,252,178,128,164,106,2,91,255,20,36,115,247,51,201,255,20,36,115,24,51,192,255,20,36,115,33,179,2,65,176,16,255,20,1.0,1.0,2.0,2.0,-1,1,19.0,0
1,0,1,0,0,0,0,1,0,4194304,4096,5,1,217088,74752,1024,66048,0,1048576,4096,4096,0,3,0.0,0,3,0,0,3,0,0,0,1,1,1,1,0.125,1,3,0.945,0.0,0,-1,-1,-1,2.215,2.946,4.482,187,208,1,64,0,191,0,16,64,0,190,29,82,66,0,83,232,10,0,0,0,2,210,117,5,138,22,70,18,210,195,252,178,128,164,106,2,91,255,20,36,115,247,51,201,255,20,36,115,24,51,192,255,20,36,115,33,179,2,65,176,16,255,20,1.0,1.0,2.0,2.0,-1,1,13.0,0
1,0,1,0,0,0,0,1,0,4194304,4096,10,0,118784,54272,1024,16896,0,262144,8192,4096,0,3,0.0,0,3,0,0,3,0,0,0,1,1,1,1,0.125,1,3,0.963,0.0,0,-1,-1,-1,2.288,2.94,4.47,187,208,1,64,0,191,0,16,64,0,190,96,64,65,0,83,232,10,0,0,0,2,210,117,5,138,22,70,18,210,195,252,178,128,164,106,2,91,255,20,36,115,247,51,201,255,20,36,115,24,51,192,255,20,36,115,33,179,2,65,176,16,255,20,1.0,1.0,2.0,2.0,-1,1,7.0,0
1,0,1,0,0,0,0,1,0,16777216,4096,6,1,94208,34304,1024,27136,0,262144,8192,4096,0,3,0.0,0,3,0,0,3,0,0,0,1,1,1,1,0.125,1,3,0.913,0.0,0,-1,-1,-1,2.281,2.278,4.474,187,208,1,64,0,191,0,16,64,0,190,53,20,1,1,83,232,10,0,0,0,2,210,117,5,138,22,70,18,210,195,252,178,128,164,106,2,91,255,20,36,115,247,51,201,255,20,36,115,24,51,192,255,20,36,115,33,179,2,65,176,16,255,20,1.0,1.0,2.0,2.0,-1,1,19.0,0
1,0,1,0,0,0,0,1,0,4194304,4096,5,1,241664,82432,1024,77824,0,1048576,4096,4096,0,3,0.0,0,3,0,0,3,0,0,0,1,1,1,1,0.125,1,3,0.99,0.0,0,-1,-1,-1,2.286,3.11,4.52,187,208,1,64,0,191,0,16,64,0,190,29,146,66,0,83,232,10,0,0,0,2,210,117,5,138,22,70,18,210,195,252,178,128,164,106,2,91,255,20,36,115,247,51,201,255,20,36,115,24,51,192,255,20,36,115,33,179,2,65,176,16,255,20,1.0,1.0,2.0,2.0,-1,1,13.0,0
1,0,1,0,0,0,0,1,0,4194304,4096,5,1,204800,67584,1024,66048,0,1048576,4096,4096,0,3,0.0,0,3,0,0,3,0,0,0,1,1,1,1,0.125,1,3,0.948,0.0,0,-1,-1,-1,2.222,2.931,4.512,187,208,1,64,0,191,0,16,64,0,190,29,50,66,0,83,232,10,0,0,0,2,210,117,5,138,22,70,18,210,195,252,178,128,164,106,2,91,255,20,36,115,247,51,201,255,20,36,115,24,51,192,255,20,36,115,33,179,2,65,176,16,255,20,1.0,1.0,2.0,2.0,-1,1,13.0,0
1,0,1,0,0,0,0,1,0,16777216,4096,6,1,974848,99328,1024,487424,0,262144,8192,4096,0,3,0.0,0,3,0,0,3,0,0,0,1,1,1,1,0.125,1,3,0.991,0.0,0,-1,-1,-1,2.382,3.894,4.785,187,208,1,64,0,191,0,16,64,0,190,118,109,9,1,83,232,10,0,0,0,2,210,117,5,138,22,70,18,210,195,252,178,128,164,106,2,91,255,20,36,115,247,51,201,255,20,36,115,24,51,192,255,20,36,115,33,179,2,65,176,16,255,20,1.0,1.0,2.0,2.0,-1,1,178.0,0
1,0,1,0,0,0,0,1,0,4194304,4096,5,0,180224,66048,1024,43008,0,1048576,4096,4096,0,3,0.0,0,3,0,0,3,0,0,0,1,1,1,1,0.125,1,3,0.949,0.0,0,-1,-1,-1,2.319,3.034,4.482,187,208,1,64,0,191,0,16,64,0,190,164,231,65,0,83,232,10,0,0,0,2,210,117,5,138,22,70,18,210,195,252,178,128,164,106,2,91,255,20,36,115,247,51,201,255,20,36,115,24,51,192,255,20,36,115,33,179,2,65,176,16,255,20,1.0,1.0,2.0,2.0,-1,1,63.0,0
1,0,1,0,0,0,0,1,0,4194304,4096,6,0,221184,125952,1024,13312,0,1048576,8192,4096,0,3,0.0,0,3,0,0,3,0,0,0,1,1,1,1,0.125,1,3,0.996,0.0,0,-1,-1,-1,2.294,3.365,4.498,187,208,1,64,0,191,0,16,64,0,190,126,67,66,0,83,232,10,0,0,0,2,210,117,5,138,22,70,18,210,195,252,178,128,164,106,2,91,255,20,36,115,247,51,201,255,20,36,115,24,51,192,255,20,36,115,33,179,2,65,176,16,255,20,1.0,1.0,2.0,2.0,-1,1,13.0,0
1,0,1,0,0,0,0,1,0,4194304,4096,5,1,1449984,92672,1024,799744,0,1048576,4096,4096,0,3,0.0,0,3,0,0,3,0,0,0,1,1,1,1,0.125,1,3,0.997,0.0,0,-1,-1,-1,2.416,1.9,4.502,187,208,1,64,0,191,0,16,64,0,190,219,234,84,0,83,232,10,0,0,0,2,210,117,5,138,22,70,18,210,195,252,178,128,164,106,2,91,255,20,36,115,247,51,201,255,20,36,115,24,51,192,255,20,36,115,33,179,2,65,176,16,255,20,1.0,1.0,2.0,2.0,-1,1,23.0,0
1,0,0,0,0,0,0,1,0,4194304,4096,5,1,3399680,581632,1024,1533440,0,4194304,4096,4096,0,3,0.0,0,3,0,0,3,0,0,0,1,1,1,1,0.125,1,3,0.998,0.0,0,-1,-1,-1,2.371,3.804,4.486,187,208,1,64,0,191,0,16,64,0,190,29,112,96,0,83,232,10,0,0,0,2,210,117,5,138,22,70,18,210,195,252,178,128,164,106,2,91,255,20,36,115,247,51,201,255,20,36,115,24,51,192,255,20,36,115,33,179,2,65,176,16,255,20,1.0,1.0,2.0,2.0,-1,1,928.0,0
1,0,1,0,0,0,0,1,0,1255145472,4096,6,1,401408,142848,1024,158720,0,1048576,1036288,4096,0,3,0.0,0,3,0,0,3,0,0,0,1,1,1,1,0.125,1,3,0.99,0.0,0,-1,-1,-1,2.528,2.572,4.53,187,208,1,64,0,191,0,16,64,0,190,36,174,212,74,83,232,10,0,0,0,2,210,117,5,138,22,70,18,210,195,252,178,128,164,106,2,91,255,20,36,115,247,51,201,255,20,36,115,24,51,192,255,20,36,115,33,179,2,65,176,16,255,20,1.0,1.0,2.0,2.0,-1,1,58.0,0
1,0,1,0,0,0,0,1,0,4194304,4096,5,1,196608,65536,1024,65024,0,1048576,4096,4096,0,3,0.0,0,3,0,0,3,0,0,0,1,1,1,1,0.125,1,3,0.992,0.0,0,-1,-1,-1,2.211,2.962,4.492,187,208,1,64,0,191,0,16,64,0,190,29,34,66,0,83,232,10,0,0,0,2,210,117,5,138,22,70,18,210,195,252,178,128,164,106,2,91,255,20,36,115,247,51,201,255,20,36,115,24,51,192,255,20,36,115,33,179,2,65,176,16,255,20,1.0,1.0,2.0,2.0,-1,1,13.0,0
1,0,1,0,0,0,0,1,0,16777216,4096,6,1,1306624,339456,1024,435712,0,262144,8192,4096,0,3,0.0,0,3,0,0,3,0,0,0,1,1,1,1,0.125,1,3,0.997,0.0,0,-1,-1,-1,2.572,4.032,5.435,187,208,1,64,0,191,0,16,64,0,190,232,82,16,1,83,232,10,0,0,0,2,210,117,5,138,22,70,18,210,195,252,178,128,164,106,2,91,255,20,36,115,247,51,201,255,20,36,115,24,51,192,255,20,36,115,33,179,2,65,176,16,255,20,1.0,1.0,2.0,2.0,-1,1,364.0,0
1,0,1,0,0,0,0,1,0,4194304,4096,5,1,4218880,2148864,1024,899072,0,1048576,4096,4096,0,3,0.0,0,3,0,0,3,0,0,0,1,1,1,1,0.125,1,3,0.997,0.0,0,-1,-1,-1,2.425,3.38,4.479,187,208,1,64,0,191,0,16,64,0,190,218,93,108,0,83,232,10,0,0,0,2,210,117,5,138,22,70,18,210,195,252,178,128,164,106,2,91,255,20,36,115,247,51,201,255,20,36,115,24,51,192,255,20,36,115,33,179,2,65,176,16,255,20,1.0,1.0,2.0,2.0,-1,1,148.0,0
1,0,1,0,0,0,0,1,0,4194304,4096,5,1,884736,352768,1024,291328,0,1048576,4096,4096,0,3,0.0,0,3,0,0,3,0,0,0,1,1,1,1,0.125,1,3,0.986,0.0,0,-1,-1,-1,2.408,2.937,4.524,187,208,1,64,0,191,0,16,64,0,190,156,220,73,0,83,232,10,0,0,0,2,210,117,5,138,22,70,18,210,195,252,178,128,164,106,2,91,255,20,36,115,247,51,201,255,20,36,115,24,51,192,255,20,36,115,33,179,2,65,176,16,255,20,1.0,1.0,2.0,2.0,-1,1,486.0,0
1,0,1,0,0,0,0,1,0,4194304,4096,5,1,999424,424960,1024,303616,0,1048576,4096,4096,0,3,0.0,0,3,0,0,3,0,0,0,1,1,1,1,0.125,1,3,0.993,0.0,0,-1,-1,-1,2.438,3.009,4.492,187,208,1,64,0,191,0,16,64,0,190,156,12,75,0,83,232,10,0,0,0,2,210,117,5,138,22,70,18,210,195,252,178,128,164,106,2,91,255,20,36,115,247,51,201,255,20,36,115,24,51,192,255,20,36,115,33,179,2,65,176,16,255,20,1.0,1.0,2.0,2.0,-1,1,486.0,0
1,0,1,0,0,0,0,1,0,4194304,4096,5,1,192512,60928,1024,68608,0,1048576,4096,4096,0,3,0.0,0,3,0,0,3,0,0,0,1,1,1,1,0.125,1,3,0.993,0.0,0,-1,-1,-1,2.184,3.012,4.488,187,208,1,64,0,191,0,16,64,0,190,67,20,66,0,83,232,10,0,0,0,2,210,117,5,138,22,70,18,210,195,252,178,128,164,106,2,91,255,20,36,115,247,51,201,255,20,36,115,24,51,192,255,20,36,115,33,179,2,65,176,16,255,20,1.0,1.0,2.0,2.0,-1,1,21.0,0
1,0,1,0,0,0,0,1,0,4194304,4096,5,0,131072,53248,1024,26112,0,1048576,4096,4096,0,3,0.0,0,3,0,0,3,0,0,0,1,1,1,1,0.125,1,3,0.998,0.0,0,-1,-1,-1,2.247,3.074,4.485,187,208,1,64,0,191,0,16,64,0,190,250,97,65,0,83,232,10,0,0,0,2,210,117,5,138,22,70,18,210,195,252,178,128,164,106,2,91,255,20,36,115,247,51,201,255,20,36,115,24,51,192,255,20,36,115,33,179,2,65,176,16,255,20,1.0,1.0,2.0,2.0,-1,1,13.0,0
1,0,1,0,0,0,0,1,0,4194304,4096,6,0,278528,152064,1024,29696,0,1048576,8192,4096,0,3,0.0,0,3,0,0,3,0,0,0,1,1,1,1,0.125,1,3,0.972,0.0,0,-1,-1,-1,2.437,3.245,4.491,187,208,1,64,0,191,0,16,64,0,190,52,226,66,0,83,232,10,0,0,0,2,210,117,5,138,22,70,18,210,195,252,178,128,164,106,2,91,255,20,36,115,247,51,201,255,20,36,115,24,51,192,255,20,36,115,33,179,2,65,176,16,255,20,1.0,1.0,2.0,2.0,-1,1,13.0,0
1,0,1,0,0,0,0,1,0,4194304,4096,6,2,385024,69120,1024,148480,0,262144,8192,4096,0,3,0.0,0,3,0,0,3,0,0,0,1,1,1,1,0.125,1,3,0.976,0.0,0,-1,-1,-1,2.374,4.017,4.498,187,208,1,64,0,191,0,16,64,0,190,96,112,67,0,83,232,10,0,0,0,2,210,117,5,138,22,70,18,210,195,252,178,128,164,106,2,91,255,20,36,115,247,51,201,255,20,36,115,24,51,192,255,20,36,115,33,179,2,65,176,16,255,20,1.0,1.0,2.0,2.0,-1,1,7.0,0
1,0,1,0,0,0,0,1,0,4194304,4096,5,1,1314816,116224,1024,667136,0,1048576,4096,4096,0,3,0.0,0,3,0,0,3,0,0,0,1,1,1,1,0.125,1,3,0.997,0.0,0,-1,-1,-1,2.277,2.58,4.477,187,208,1,64,0,191,0,16,64,0,190,171,152,82,0,83,232,10,0,0,0,2,210,117,5,138,22,70,18,210,195,252,178,128,164,106,2,91,255,20,36,115,247,51,201,255,20,36,115,24,51,192,255,20,36,115,33,179,2,65,176,16,255,20,1.0,1.0,2.0,2.0,-1,1,23.0,0
1,0,1,0,0,0,0,1,30981,4194304,4096,5,1,40960,13312,1024,15872,1536,1048576,4096,4096,5,1,0.833,1,3,0,1,3,0,1,1,0,1,1,0,0.831,3,4,1.001,0.0,0,0.0,0.0,4.852,2.436,4.839,6.995,59,192,116,2,129,131,85,59,192,116,2,129,131,83,59,201,116,1,188,86,59,210,116,2,129,133,87,232,0,0,0,0,59,219,116,1,190,93,139,213,129,237,236,58,64,0,59,228,116,2,129,135,43,149,253,59,64,0,129,234,44,0,0,0,6.0,11.0,2.0,0.182,2.0,0,14.0,0
1,0,1,0,1,0,0,1,0,4194304,8192,4,0,73728,35328,512,24576,1536,1048576,4096,8192,3,1,0.75,1,2,0,1,2,0,1,1,0,1,1,0,0.911,2,4,0.911,0.0,0,0.0,-1,3.757,2.232,2.273,7.028,59,192,116,2,129,131,85,59,192,116,2,129,131,83,59,201,116,1,188,86,59,210,116,2,129,133,87,232,0,0,0,0,59,219,116,1,190,93,139,213,129,237,236,58,64,0,59,228,116,2,129,135,43,149,253,59,64,0,129,234,44,0,0,0,2.0,3.0,2.0,0.667,2.0,1,26.0,0
1,0,1,0,0,0,0,1,80275,4194304,4096,5,0,49152,20480,1024,24064,1536,1048576,4096,4096,5,1,0.833,1,4,0,1,4,0,1,1,0,1,1,0,0.895,4,5,1.0,0.0,0,0.0,0.0,4.484,2.275,2.934,7.12,59,192,116,2,129,131,85,59,192,116,2,129,131,83,59,201,116,1,188,86,59,210,116,2,129,133,87,232,0,0,0,0,59,219,116,1,190,93,139,213,129,237,236,58,64,0,59,228,116,2,129,135,43,149,253,59,64,0,129,234,44,0,0,0,5.0,9.0,2.0,0.222,2.0,1,14.0,0
1,0,1,0,0,0,0,0,59473,4194304,4096,4,0,90112,33792,1024,53760,12800,2097152,4096,4096,7,2,0.778,1,7,0,1,7,0,1,1,0,1,1,0,0.663,6,9,0.75,0.0,0,0.0,0.0,3.154,2.228,2.585,7.783,59,192,116,2,129,131,85,59,192,116,2,129,131,83,59,201,116,1,188,86,59,210,116,2,129,133,87,232,0,0,0,0,59,219,116,1,190,93,139,213,129,237,236,58,64,0,59,228,116,2,129,135,43,149,253,59,64,0,129,234,44,0,0,0,7.0,13.0,2.0,0.154,2.0,1,54.0,0
1,0,1,0,1,0,0,0,94897,16777216,4096,6,1,61440,37376,512,20480,1536,262144,8192,4096,4,1,0.8,1,3,0,1,3,0,1,1,0,1,1,0,0.92,3,5,0.991,0.0,0,0.0,0.0,3.269,2.364,4.021,7.206,59,192,116,2,129,131,85,59,192,116,2,129,131,83,59,201,116,1,188,86,59,210,116,2,129,133,87,232,0,0,0,0,59,219,116,1,190,93,139,213,129,237,236,58,64,0,59,228,116,2,129,135,43,149,253,59,64,0,129,234,44,0,0,0,2.0,3.0,2.0,0.667,2.0,1,8.0,0
1,0,1,0,1,0,0,0,82589,4194304,8192,4,0,65536,38400,512,22016,1536,1048576,4096,8192,3,1,0.75,1,2,0,1,2,0,1,1,0,1,1,0,0.906,2,4,0.996,0.0,0,0.0,-1,3.413,2.321,3.103,7.032,59,192,116,2,129,131,85,59,192,116,2,129,131,83,59,201,116,1,188,86,59,210,116,2,129,133,87,232,0,0,0,0,59,219,116,1,190,93,139,213,129,237,236,58,64,0,59,228,116,2,129,135,43,149,253,59,64,0,129,234,44,0,0,0,2.0,3.0,2.0,0.667,2.0,1,8.0,0
1,0,1,0,0,0,0,1,34930,4194304,4096,5,1,32768,9216,1024,12288,1536,1048576,4096,4096,5,1,0.833,1,4,0,1,4,0,1,1,0,1,1,0,0.807,4,5,1.0,0.0,0,0.0,0.0,5.003,2.288,2.634,6.895,59,192,116,2,129,131,85,59,192,116,2,129,131,83,59,201,116,1,188,86,59,210,116,2,129,133,87,232,0,0,0,0,59,219,116,1,190,93,139,213,129,237,236,58,64,0,59,228,116,2,129,135,43,149,253,59,64,0,129,234,44,0,0,0,4.0,7.0,2.0,0.286,2.0,1,14.0,0
1,0,1,0,0,0,0,1,0,4194304,4096,5,1,61440,29696,1024,34304,1536,1048576,4096,4096,5,1,0.833,1,4,0,1,4,0,1,1,0,1,1,0,0.926,4,6,0.926,0.0,0,0.0,0.0,4.943,2.301,3.327,7.109,59,192,116,2,129,131,85,59,192,116,2,129,131,83,59,201,116,1,188,86,59,210,116,2,129,133,87,232,0,0,0,0,59,219,116,1,190,93,139,213,129,237,236,58,64,0,59,228,116,2,129,135,43,149,253,59,64,0,129,234,44,0,0,0,4.0,7.0,2.0,0.286,2.0,1,26.0,0
1,0,1,0,0,0,0,1,0,4194304,4096,5,1,61440,28672,1024,33792,1536,1048576,4096,4096,5,1,0.833,1,4,0,1,4,0,1,1,0,1,1,0,0.923,4,6,0.923,0.0,0,0.0,0.0,4.945,2.318,3.282,7.102,59,192,116,2,129,131,85,59,192,116,2,129,131,83,59,201,116,1,188,86,59,210,116,2,129,133,87,232,0,0,0,0,59,219,116,1,190,93,139,213,129,237,236,58,64,0,59,228,116,2,129,135,43,149,253,59,64,0,129,234,44,0,0,0,4.0,7.0,2.0,0.286,2.0,1,26.0,0
1,0,1,0,1,0,0,1,46090,4194304,8192,4,0,57344,8704,512,22016,1536,1048576,4096,8192,3,1,0.75,1,2,0,1,2,0,1,1,0,1,1,0,0.761,2,4,1.0,0.0,0,0.0,-1,5.632,2.298,3.995,6.756,59,192,116,2,129,131,85,59,192,116,2,129,131,83,59,201,116,1,188,86,59,210,116,2,129,133,87,232,0,0,0,0,59,219,116,1,190,93,139,213,129,237,236,58,64,0,59,228,116,2,129,135,43,149,253,59,64,0,129,234,44,0,0,0,2.0,3.0,2.0,0.667,2.0,1,34.0,0
1,0,1,0,1,0,0,1,0,4194304,8192,4,0,90112,47616,512,25600,9728,1048576,4096,8192,3,1,0.75,1,2,0,1,2,0,1,1,0,1,1,0,0.668,2,4,0.668,0.0,0,0.0,-1,2.393,2.22,2.564,7.817,59,192,116,2,129,131,85,59,192,116,2,129,131,83,59,201,116,1,188,86,59,210,116,2,129,133,87,232,0,0,0,0,59,219,116,1,190,93,139,213,129,237,236,58,64,0,59,228,116,2,129,135,43,149,253,59,64,0,129,234,44,0,0,0,2.0,3.0,2.0,0.667,2.0,1,23.0,0
1,0,1,0,0,0,0,1,56991,4194304,4096,5,1,49152,12288,1024,15872,1536,1048576,4096,4096,5,2,0.714,1,4,0,1,4,0,1,1,0,1,1,0,0.83,4,6,1.0,0.0,0,0.0,0.0,5.376,2.461,5.072,6.954,59,192,116,2,129,131,85,59,192,116,2,129,131,83,59,201,116,1,188,86,59,210,116,2,129,133,87,232,0,0,0,0,59,219,116,1,190,93,139,213,129,237,236,58,64,0,59,228,116,2,129,135,43,149,253,59,64,0,129,234,44,0,0,0,9.0,17.0,2.0,0.118,2.0,0,8.0,0
1,0,1,0,1,0,0,1,62108,4194304,8192,4,0,81920,46080,512,22016,1536,1048576,4096,8192,3,1,0.75,1,2,0,1,2,0,1,1,0,1,1,0,0.932,2,4,0.997,0.0,0,0.0,-1,4.311,2.265,2.581,7.021,59,192,116,2,129,131,85,59,192,116,2,129,131,83,59,201,116,1,188,86,59,210,116,2,129,133,87,232,0,0,0,0,59,219,116,1,190,93,139,213,129,237,236,58,64,0,59,228,116,2,129,135,43,149,253,59,64,0,129,234,44,0,0,0,2.0,3.0,2.0,0.667,2.0,1,14.0,0
1,0,1,0,0,0,0,1,42859,4194304,4096,6,3,61440,32256,1024,24576,1536,262144,8192,4096,5,1,0.833,1,4,0,1,4,0,1,1,0,1,1,0,0.914,4,6,0.998,0.0,0,0.0,0.0,4.588,2.37,2.969,7.203,59,192,116,2,129,131,85,59,192,116,2,129,131,83,59,201,116,1,188,86,59,210,116,2,129,133,87,232,0,0,0,0,59,219,116,1,190,93,139,213,129,237,236,58,64,0,59,228,116,2,129,135,43,149,253,59,64,0,129,234,44,0,0,0,7.0,13.0,2.0,0.154,2.0,1,14.0,0
1,0,1,0,1,0,0,1,73049,4194304,4096,5,0,4296704,40960,1024,4254208,9728,16384,16384,4096,5,1,0.833,1,4,0,1,4,0,1,1,0,1,1,0,0.703,4,6,0.998,0.0,0,0.0,0.0,4.603,2.464,0.106,7.838,59,192,116,2,129,131,85,59,192,116,2,129,131,83,59,201,116,1,188,86,59,210,116,2,129,133,87,232,0,0,0,0,59,219,116,1,190,93,139,213,129,237,236,58,64,0,59,228,116,2,129,135,43,149,253,59,64,0,129,234,44,0,0,0,11.0,21.0,2.0,0.095,2.0,1,14.0,0
1,0,1,0,1,0,0,0,97444,4194304,4096,4,0,110592,32256,1024,37888,37888,2097152,4096,4096,6,1,0.857,1,5,0,1,5,0,1,1,0,1,1,0,0.917,5,7,0.971,0.0,0,0.0,0.0,3.98,2.202,2.385,7.212,59,192,116,2,129,131,85,59,192,116,2,129,131,83,59,201,116,1,188,86,59,210,116,2,129,133,87,232,0,0,0,0,59,219,116,1,190,93,139,213,129,237,236,58,64,0,59,228,116,2,129,135,43,149,253,59,64,0,129,234,44,0,0,0,5.0,9.0,2.0,0.222,2.0,1,84.0,0
1,0,1,0,1,0,0,0,63312,4194304,4096,4,0,110592,32256,1024,37888,37888,2097152,4096,4096,6,1,0.857,1,5,0,1,5,0,1,1,0,1,1,0,0.917,5,7,0.971,0.0,0,0.0,0.0,3.982,2.188,2.387,7.214,59,192,116,2,129,131,85,59,192,116,2,129,131,83,59,201,116,1,188,86,59,210,116,2,129,133,87,232,0,0,0,0,59,219,116,1,190,93,139,213,129,237,236,58,64,0,59,228,116,2,129,135,43,149,253,59,64,0,129,234,44,0,0,0,5.0,9.0,2.0,0.222,2.0,1,84.0,0
1,0,1,0,1,0,0,0,99212,4194304,4096,4,0,110592,32256,1024,37888,37888,2097152,4096,4096,6,1,0.857,1,5,0,1,5,0,1,1,0,1,1,0,0.917,5,7,0.971,0.0,0,0.0,0.0,3.979,2.193,2.385,7.213,59,192,116,2,129,131,85,59,192,116,2,129,131,83,59,201,116,1,188,86,59,210,116,2,129,133,87,232,0,0,0,0,59,219,116,1,190,93,139,213,129,237,236,58,64,0,59,228,116,2,129,135,43,149,253,59,64,0,129,234,44,0,0,0,5.0,9.0,2.0,0.222,2.0,1,84.0,0
1,0,1,0,1,0,0,0,97444,4194304,4096,4,0,110592,32256,1024,37888,37888,2097152,4096,4096,6,1,0.857,1,5,0,1,5,0,1,1,0,1,1,0,0.917,5,7,0.971,0.0,0,0.0,0.0,3.98,2.202,2.385,7.212,59,192,116,2,129,131,85,59,192,116,2,129,131,83,59,201,116,1,188,86,59,210,116,2,129,133,87,232,0,0,0,0,59,219,116,1,190,93,139,213,129,237,236,58,64,0,59,228,116,2,129,135,43,149,253,59,64,0,129,234,44,0,0,0,5.0,9.0,2.0,0.222,2.0,1,84.0,0
1,0,1,0,1,0,0,0,63188,4194304,4096,4,0,110592,32256,1024,37888,37888,2097152,4096,4096,6,1,0.857,1,5,0,1,5,0,1,1,0,1,1,0,0.917,5,7,0.971,0.0,0,0.0,0.0,3.989,2.197,2.388,7.214,59,192,116,2,129,131,85,59,192,116,2,129,131,83,59,201,116,1,188,86,59,210,116,2,129,133,87,232,0,0,0,0,59,219,116,1,190,93,139,213,129,237,236,58,64,0,59,228,116,2,129,135,43,149,253,59,64,0,129,234,44,0,0,0,5.0,9.0,2.0,0.222,2.0,1,84.0,0
1,0,1,0,1,0,0,0,97654,4194304,4096,4,0,110592,32256,1024,37888,37888,2097152,4096,4096,6,1,0.857,1,5,0,1,5,0,1,1,0,1,1,0,0.917,5,7,0.971,0.0,0,0.0,0.0,3.979,2.202,2.385,7.213,59,192,116,2,129,131,85,59,192,116,2,129,131,83,59,201,116,1,188,86,59,210,116,2,129,133,87,232,0,0,0,0,59,219,116,1,190,93,139,213,129,237,236,58,64,0,59,228,116,2,129,135,43,149,253,59,64,0,129,234,44,0,0,0,5.0,9.0,2.0,0.222,2.0,1,84.0,0
1,0,1,0,1,0,0,0,62997,4194304,4096,4,0,110592,32256,1024,37888,37888,2097152,4096,4096,6,1,0.857,1,5,0,1,5,0,1,1,0,1,1,0,0.917,5,7,0.971,0.0,0,0.0,0.0,3.99,2.2,2.387,7.214,59,192,116,2,129,131,85,59,192,116,2,129,131,83,59,201,116,1,188,86,59,210,116,2,129,133,87,232,0,0,0,0,59,219,116,1,190,93,139,213,129,237,236,58,64,0,59,228,116,2,129,135,43,149,253,59,64,0,129,234,44,0,0,0,5.0,9.0,2.0,0.222,2.0,1,84.0,0
1,0,1,0,1,0,0,0,45830,4194304,4096,4,0,110592,32256,1024,37888,37888,2097152,4096,4096,6,1,0.857,1,5,0,1,5,0,1,1,0,1,1,0,0.917,5,7,0.971,0.0,0,0.0,0.0,3.968,2.168,2.383,7.213,59,192,116,2,129,131,85,59,192,116,2,129,131,83,59,201,116,1,188,86,59,210,116,2,129,133,87,232,0,0,0,0,59,219,116,1,190,93,139,213,129,237,236,58,64,0,59,228,116,2,129,135,43,149,253,59,64,0,129,234,44,0,0,0,5.0,9.0,2.0,0.222,2.0,1,84.0,0
1,0,1,0,1,0,0,0,93754,4194304,8192,4,0,122880,78848,512,33792,9728,1048576,4096,8192,3,1,0.75,1,2,0,1,2,0,1,1,0,1,1,0,0.729,2,4,0.998,0.0,0,0.0,-1,4.274,2.391,3.016,7.871,59,192,116,2,129,131,85,59,192,116,2,129,131,83,59,201,116,1,188,86,59,210,116,2,129,133,87,232,0,0,0,0,59,219,116,1,190,93,139,213,129,237,236,58,64,0,59,228,116,2,129,135,43,149,253,59,64,0,129,234,44,0,0,0,2.0,3.0,2.0,0.667,2.0,1,14.0,0
1,0,1,0,1,0,0,1,0,4194304,8192,4,0,81920,50176,512,28672,1536,1048576,4096,8192,3,1,0.75,1,2,0,1,2,0,1,1,0,1,1,0,0.94,2,4,0.94,0.0,0,0.0,-1,4.653,2.226,2.83,7.298,59,192,116,2,129,131,85,59,192,116,2,129,131,83,59,201,116,1,188,86,59,210,116,2,129,133,87,232,0,0,0,0,59,219,116,1,190,93,139,213,129,237,236,58,64,0,59,228,116,2,129,135,43,149,253,59,64,0,129,234,44,0,0,0,2.0,3.0,2.0,0.667,2.0,1,23.0,0
1,0,1,0,0,0,0,1,34982,16777216,4096,6,1,40960,17408,512,11776,1536,262144,8192,4096,4,1,0.8,1,3,0,1,3,0,1,1,0,1,1,0,0.849,3,5,0.989,0.0,0,0.0,0.0,3.438,2.323,2.331,7.02,59,192,116,2,129,131,85,59,192,116,2,129,131,83,59,201,116,1,188,86,59,210,116,2,129,133,87,232,0,0,0,0,59,219,116,1,190,93,139,213,129,237,236,58,64,0,59,228,116,2,129,135,43,149,253,59,64,0,129,234,44,0,0,0,3.0,5.0,2.0,0.4,2.0,1,8.0,0
1,0,1,0,0,0,0,0,73540,4194304,4096,4,0,102400,59904,1024,69120,13824,2097152,4096,4096,6,2,0.75,1,7,0,1,7,0,1,1,0,1,1,0,0.742,6,8,0.75,0.0,0,0.0,0.0,-1,2.154,2.971,7.879,59,192,116,2,129,131,85,59,192,116,2,129,131,83,59,201,116,1,188,86,59,210,116,2,129,133,87,232,0,0,0,0,59,219,116,1,190,93,139,213,129,237,236,58,64,0,59,228,116,2,129,135,43,149,253,59,64,0,129,234,44,0,0,0,2.0,3.0,2.0,0.667,2.0,1,-1,0
1,0,1,0,1,0,0,0,73608,4194304,8192,4,0,65536,31744,512,19456,1536,1048576,4096,8192,3,1,0.75,1,2,0,1,2,0,1,1,0,1,1,0,0.884,2,3,1.003,0.0,0,0.0,-1,4.062,2.33,2.86,7.041,59,192,116,2,129,131,85,59,192,116,2,129,131,83,59,201,116,1,188,86,59,210,116,2,129,133,87,232,0,0,0,0,59,219,116,1,190,93,139,213,129,237,236,58,64,0,59,228,116,2,129,135,43,149,253,59,64,0,129,234,44,0,0,0,2.0,3.0,2.0,0.667,2.0,1,14.0,0
1,0,1,0,1,0,0,0,92853,4194304,8192,4,0,65536,31744,512,19456,1536,1048576,4096,8192,3,1,0.75,1,2,0,1,2,0,1,1,0,1,1,0,0.885,2,3,1.003,0.0,0,0.0,-1,4.046,2.325,2.922,7.027,59,192,116,2,129,131,85,59,192,116,2,129,131,83,59,201,116,1,188,86,59,210,116,2,129,133,87,232,0,0,0,0,59,219,116,1,190,93,139,213,129,237,236,58,64,0,59,228,116,2,129,135,43,149,253,59,64,0,129,234,44,0,0,0,2.0,3.0,2.0,0.667,2.0,1,14.0,0
1,0,1,0,1,0,0,0,70158,4194304,8192,4,0,65536,31744,512,19456,1536,1048576,4096,8192,3,1,0.75,1,2,0,1,2,0,1,1,0,1,1,0,0.885,2,3,1.003,0.0,0,0.0,-1,4.046,2.304,2.918,7.015,59,192,116,2,129,131,85,59,192,116,2,129,131,83,59,201,116,1,188,86,59,210,116,2,129,133,87,232,0,0,0,0,59,219,116,1,190,93,139,213,129,237,236,58,64,0,59,228,116,2,129,135,43,149,253,59,64,0,129,234,44,0,0,0,2.0,3.0,2.0,0.667,2.0,1,14.0,0
1,0,1,0,0,0,0,1,189022,4194304,4096,5,1,217088,68096,1024,66048,0,1048576,4096,4096,4,1,0.8,2,4,2,2,4,2,0,1,0,1,1,0,1.001,3,3,1.157,0.0,0,0.0,0.0,3.746,3.953,4.189,7.91,96,104,0,48,66,0,232,23,252,255,255,137,69,252,97,255,101,252,0,0,0,0,0,0,0,0,0,0,0,0,0,0,0,0,0,0,0,0,0,0,0,0,0,0,0,0,0,0,0,0,0,0,0,0,0,0,0,0,0,0,0,0,0,0,1.0,3.0,4.0,1.333,5.0,1,14.0,0
1,0,1,0,0,0,0,1,213969,4194304,4096,5,1,225280,73216,1024,66560,0,1048576,4096,4096,4,1,0.8,2,4,2,2,4,2,0,1,0,1,1,0,1.003,3,3,1.085,0.0,0,0.0,0.0,3.903,3.932,4.218,7.912,96,104,0,64,66,0,232,23,252,255,255,137,69,252,97,255,101,252,0,0,0,0,0,0,0,0,0,0,0,0,0,0,0,0,0,0,0,0,0,0,0,0,0,0,0,0,0,0,0,0,0,0,0,0,0,0,0,0,0,0,0,0,0,0,1.0,3.0,4.0,1.333,5.0,1,14.0,0
1,0,1,0,0,0,0,1,75530,4194304,4096,5,0,45056,3584,1024,26112,0,1048576,4096,4096,4,1,0.8,2,4,2,2,4,2,0,1,0,1,1,0,1.071,3,3,1.071,0.0,0,0.0,0.0,4.965,3.798,6.276,7.125,96,104,0,144,64,0,232,23,252,255,255,137,69,252,97,255,101,252,0,0,0,0,0,0,0,0,0,0,0,0,0,0,0,0,0,0,0,0,0,0,0,0,0,0,0,0,0,0,0,0,0,0,0,0,0,0,0,0,0,0,0,0,0,0,1.0,3.0,4.0,1.333,5.0,1,44.0,0
1,0,1,0,1,0,0,1,0,4194304,8192,4,0,278528,122368,512,37376,0,1048576,4096,8192,2,1,0.667,2,2,2,2,2,2,0,1,0,1,1,0,1.004,1,1,1.004,0.0,0,0.0,-1,6.644,2.708,4.715,7.916,96,104,0,160,66,0,232,23,252,255,255,137,69,252,97,255,101,252,0,0,0,0,0,0,0,0,0,0,0,0,0,0,0,0,0,0,0,0,0,0,0,0,0,0,0,0,0,0,0,0,0,0,0,0,0,0,0,0,0,0,0,0,0,0,1.0,3.0,4.0,1.333,2.0,1,38.0,0
1,0,1,0,0,0,0,1,397800,4194304,4096,5,1,569344,215552,1024,158720,0,1048576,4096,4096,4,1,0.8,2,4,2,2,4,2,0,1,0,1,1,0,1.002,3,3,1.153,0.0,0,0.0,0.0,4.409,4.035,3.932,7.937,96,104,0,160,69,0,232,23,252,255,255,137,69,252,97,255,101,252,0,0,0,0,0,0,0,0,0,0,0,0,0,0,0,0,0,0,0,0,0,0,0,0,0,0,0,0,0,0,0,0,0,0,0,0,0,0,0,0,0,0,0,0,0,0,1.0,3.0,4.0,1.333,5.0,1,14.0,0
1,0,1,0,0,0,0,1,209923,4194304,4096,5,1,241664,75264,1024,72192,0,1048576,4096,4096,4,1,0.8,2,4,2,2,4,2,0,1,0,1,1,0,1.005,3,3,1.136,0.0,0,0.0,0.0,3.773,3.802,4.209,7.912,96,104,0,96,66,0,232,23,252,255,255,137,69,252,97,255,101,252,0,0,0,0,0,0,0,0,0,0,0,0,0,0,0,0,0,0,0,0,0,0,0,0,0,0,0,0,0,0,0,0,0,0,0,0,0,0,0,0,0,0,0,0,0,0,1.0,3.0,4.0,1.333,5.0,1,14.0,0
1,0,1,0,0,0,0,1,51033,4194304,4096,5,0,45056,3584,1024,26112,0,1048576,4096,4096,4,1,0.8,2,4,2,2,4,2,0,1,0,1,1,0,1.061,3,3,1.061,0.0,0,0.0,0.0,3.692,3.932,5.809,7.189,96,104,0,144,64,0,232,23,252,255,255,137,69,252,97,255,101,252,0,0,0,0,0,0,0,0,0,0,0,0,0,0,0,0,0,0,0,0,0,0,0,0,0,0,0,0,0,0,0,0,0,0,0,0,0,0,0,0,0,0,0,0,0,0,1.0,3.0,4.0,1.333,5.0,1,44.0,0
1,0,1,0,0,0,0,1,188498,4194304,4096,5,1,225280,71168,1024,69120,0,1048576,4096,4096,4,1,0.8,2,4,2,2,4,2,0,1,0,1,1,0,1.005,3,3,1.326,0.0,0,0.0,0.0,3.294,3.938,4.238,7.904,96,104,0,64,66,0,232,23,252,255,255,137,69,252,97,255,101,252,0,0,0,0,0,0,0,0,0,0,0,0,0,0,0,0,0,0,0,0,0,0,0,0,0,0,0,0,0,0,0,0,0,0,0,0,0,0,0,0,0,0,0,0,0,0,1.0,3.0,4.0,1.333,5.0,1,14.0,0
1,0,1,0,0,0,0,1,684753,4194304,4096,5,1,802816,174080,1024,462336,0,1048576,4096,4096,4,1,0.8,2,4,2,2,4,2,0,1,0,1,1,0,1.001,3,3,1.001,0.0,0,0.0,0.0,5.99,4.093,5.212,7.93,96,104,0,176,73,0,232,23,252,255,255,137,69,252,97,255,101,252,0,0,0,0,0,0,0,0,0,0,0,0,0,0,0,0,0,0,0,0,0,0,0,0,0,0,0,0,0,0,0,0,0,0,0,0,0,0,0,0,0,0,0,0,0,0,1.0,3.0,4.0,1.333,5.0,1,110.0,0
1,0,1,0,0,0,0,1,334620,4194304,4096,5,1,376832,86016,1024,195584,0,1048576,4096,4096,4,1,0.8,2,4,2,2,4,2,0,1,0,1,1,0,1.002,3,3,1.003,0.0,0,0.0,0.0,6.212,3.87,5.043,7.92,96,104,0,96,68,0,232,23,252,255,255,137,69,252,97,255,101,252,0,0,0,0,0,0,0,0,0,0,0,0,0,0,0,0,0,0,0,0,0,0,0,0,0,0,0,0,0,0,0,0,0,0,0,0,0,0,0,0,0,0,0,0,0,0,1.0,3.0,4.0,1.333,5.0,1,20.0,0
1,0,1,0,0,0,0,1,266350,4194304,4096,6,0,389120,141824,1024,106496,0,1048576,4096,4096,4,1,0.8,2,4,2,2,4,2,0,1,0,1,1,0,1.001,3,3,1.085,0.0,0,0.0,0.0,3.893,3.918,3.989,7.927,96,104,0,224,67,0,232,23,252,255,255,137,69,252,97,255,101,252,0,0,0,0,0,0,0,0,0,0,0,0,0,0,0,0,0,0,0,0,0,0,0,0,0,0,0,0,0,0,0,0,0,0,0,0,0,0,0,0,0,0,0,0,0,0,1.0,3.0,4.0,1.333,5.0,1,14.0,0
1,0,1,0,0,0,0,1,358026,4194304,4096,5,1,393216,93696,1024,195584,0,1048576,4096,4096,4,1,0.8,2,4,2,2,4,2,0,1,0,1,1,0,1.005,3,3,1.005,0.0,0,0.0,0.0,6.194,3.885,5.005,7.918,96,104,0,128,68,0,232,23,252,255,255,137,69,252,97,255,101,252,0,0,0,0,0,0,0,0,0,0,0,0,0,0,0,0,0,0,0,0,0,0,0,0,0,0,0,0,0,0,0,0,0,0,0,0,0,0,0,0,0,0,0,0,0,0,1.0,3.0,4.0,1.333,5.0,1,20.0,0
1,0,1,0,0,0,0,1,2736720,4194304,4096,5,1,3362816,763904,1024,1943552,0,1048576,4096,4096,4,1,0.8,2,4,2,2,4,2,0,1,0,1,1,0,1.0,3,3,1.0,0.0,0,0.0,0.0,5.832,4.23,4.843,7.94,96,104,0,0,107,0,232,23,252,255,255,137,69,252,97,255,101,252,0,0,0,0,0,0,0,0,0,0,0,0,0,0,0,0,0,0,0,0,0,0,0,0,0,0,0,0,0,0,0,0,0,0,0,0,0,0,0,0,0,0,0,0,0,0,1.0,3.0,4.0,1.333,5.0,1,638.0,0
1,0,1,0,1,0,0,1,69956,4194304,8192,4,0,57344,8192,512,27648,0,1048576,4096,8192,2,1,0.667,2,2,2,2,2,2,0,1,0,1,1,0,1.053,1,1,1.053,0.0,0,0.0,-1,5.831,2.693,4.395,7.305,96,104,0,192,64,0,232,23,252,255,255,137,69,252,97,255,101,252,0,0,0,0,0,0,0,0,0,0,0,0,0,0,0,0,0,0,0,0,0,0,0,0,0,0,0,0,0,0,0,0,0,0,0,0,0,0,0,0,0,0,0,0,0,0,1.0,3.0,4.0,1.333,2.0,1,58.0,0
1,0,1,0,0,0,0,1,110763,16777216,4096,6,1,163840,60416,1024,54784,0,262144,8192,4096,3,1,0.75,2,3,2,2,3,2,0,1,0,1,1,0,1.001,2,2,1.074,0.0,0,0.0,0.0,3.761,3.787,3.23,7.889,96,104,0,192,1,1,232,23,252,255,255,137,69,252,97,255,101,252,0,0,0,0,0,0,0,0,0,0,0,0,0,0,0,0,0,0,0,0,0,0,0,0,0,0,0,0,0,0,0,0,0,0,0,0,0,0,0,0,0,0,0,0,0,0,1.0,3.0,4.0,1.333,5.0,1,36.0,0
1,0,1,0,0,0,0,1,304493,4194304,4096,5,1,335872,79360,1024,161280,0,1048576,4096,4096,4,1,0.8,2,4,2,2,4,2,0,1,0,1,1,0,1.005,3,3,1.005,0.0,0,0.0,0.0,6.847,3.828,5.063,7.909,96,104,0,208,67,0,232,23,252,255,255,137,69,252,97,255,101,252,0,0,0,0,0,0,0,0,0,0,0,0,0,0,0,0,0,0,0,0,0,0,0,0,0,0,0,0,0,0,0,0,0,0,0,0,0,0,0,0,0,0,0,0,0,0,1.0,3.0,4.0,1.333,5.0,1,74.0,0
1,0,1,0,0,0,0,1,235329,16777216,4096,6,1,229376,43008,1024,140288,0,262144,69632,4096,3,1,0.75,2,3,2,2,3,2,0,1,0,1,1,0,1.006,2,2,1.006,0.0,0,0.0,0.0,7.105,3.794,5.783,7.834,96,104,0,240,2,1,232,23,252,255,255,137,69,252,97,255,101,252,0,0,0,0,0,0,0,0,0,0,0,0,0,0,0,0,0,0,0,0,0,0,0,0,0,0,0,0,0,0,0,0,0,0,0,0,0,0,0,0,0,0,0,0,0,0,1.0,3.0,4.0,1.333,5.0,1,86.0,0
1,0,1,0,0,0,0,1,338665,16777216,4096,6,1,495616,247808,1024,116736,0,262144,8192,4096,3,1,0.75,2,3,2,2,3,2,0,1,0,1,1,0,1.003,2,2,1.221,0.0,0,0.0,0.0,3.796,3.984,3.02,7.881,96,104,0,112,5,1,232,23,252,255,255,137,69,252,97,255,101,252,0,0,0,0,0,0,0,0,0,0,0,0,0,0,0,0,0,0,0,0,0,0,0,0,0,0,0,0,0,0,0,0,0,0,0,0,0,0,0,0,0,0,0,0,0,0,1.0,3.0,4.0,1.333,5.0,1,20.0,0
1,0,1,0,0,0,0,1,64472,16777216,4096,6,1,106496,38400,1024,31744,0,262144,8192,4096,3,1,0.75,2,3,2,2,3,2,0,1,0,1,1,0,1.004,2,2,1.085,0.0,0,0.0,0.0,4.279,3.816,2.946,7.844,96,104,0,48,1,1,232,23,252,255,255,137,69,252,97,255,101,252,0,0,0,0,0,0,0,0,0,0,0,0,0,0,0,0,0,0,0,0,0,0,0,0,0,0,0,0,0,0,0,0,0,0,0,0,0,0,0,0,0,0,0,0,0,0,1.0,3.0,4.0,1.333,5.0,1,14.0,0
1,0,1,0,0,0,0,1,101292,25165824,4096,6,1,139264,37376,1024,61440,0,1048576,524288,4096,3,1,0.75,2,3,2,2,3,2,0,1,0,1,1,0,1.009,2,2,1.016,0.0,0,0.0,0.0,4.368,3.958,2.61,7.83,96,104,0,160,129,1,232,23,252,255,255,137,69,252,97,255,101,252,0,0,0,0,0,0,0,0,0,0,0,0,0,0,0,0,0,0,0,0,0,0,0,0,0,0,0,0,0,0,0,0,0,0,0,0,0,0,0,0,0,0,0,0,0,0,1.0,3.0,4.0,1.333,5.0,1,20.0,0
1,0,1,0,0,0,0,1,201864,16777216,4096,6,1,241664,98304,1024,63488,0,524288,65536,4096,3,1,0.75,2,3,2,2,3,2,0,1,0,1,1,0,1.005,2,2,1.191,0.0,0,0.0,0.0,3.943,3.849,3.428,7.902,96,104,0,128,2,1,232,23,252,255,255,137,69,252,97,255,101,252,0,0,0,0,0,0,0,0,0,0,0,0,0,0,0,0,0,0,0,0,0,0,0,0,0,0,0,0,0,0,0,0,0,0,0,0,0,0,0,0,0,0,0,0,0,0,1.0,3.0,4.0,1.333,5.0,1,14.0,0
1,0,1,0,0,0,0,1,111495,16777216,4096,6,1,172032,88576,1024,19968,0,262144,8192,4096,3,1,0.75,2,3,2,2,3,2,0,1,0,1,1,0,1.007,2,2,1.008,0.0,0,0.0,0.0,3.41,3.823,3.688,7.887,96,104,0,176,1,1,232,23,252,255,255,137,69,252,97,255,101,252,0,0,0,0,0,0,0,0,0,0,0,0,0,0,0,0,0,0,0,0,0,0,0,0,0,0,0,0,0,0,0,0,0,0,0,0,0,0,0,0,0,0,0,0,0,0,1.0,3.0,4.0,1.333,5.0,1,8.0,0
1,0,1,0,0,0,0,1,198807,4194304,4096,5,1,212992,65536,1024,65024,0,1048576,4096,4096,4,1,0.8,2,4,2,2,4,2,0,1,0,1,1,0,1.003,3,3,1.129,0.0,0,0.0,0.0,3.77,3.934,4.212,7.896,96,104,0,32,66,0,232,23,252,255,255,137,69,252,97,255,101,252,0,0,0,0,0,0,0,0,0,0,0,0,0,0,0,0,0,0,0,0,0,0,0,0,0,0,0,0,0,0,0,0,0,0,0,0,0,0,0,0,0,0,0,0,0,0,1.0,3.0,4.0,1.333,5.0,1,14.0,0
1,0,1,0,1,0,0,1,0,4194304,8192,4,0,73728,28160,512,6144,0,1048576,4096,8192,2,1,0.667,2,2,2,2,2,2,0,1,0,1,1,0,1.028,1,1,1.098,0.0,0,0.0,-1,4.677,2.668,3.376,7.7,96,104,0,192,64,0,232,23,252,255,255,137,69,252,97,255,101,252,0,0,0,0,0,0,0,0,0,0,0,0,0,0,0,0,0,0,0,0,0,0,0,0,0,0,0,0,0,0,0,0,0,0,0,0,0,0,0,0,0,0,0,0,0,0,1.0,3.0,4.0,1.333,2.0,1,26.0,0
1,0,1,0,0,0,0,1,243861,4194304,4096,5,1,311296,80384,1024,135680,0,1048576,4096,4096,4,1,0.8,2,4,2,2,4,2,0,1,0,1,1,0,1.001,3,3,1.004,0.0,0,0.0,0.0,6.238,3.933,4.791,7.922,96,104,0,96,67,0,232,23,252,255,255,137,69,252,97,255,101,252,0,0,0,0,0,0,0,0,0,0,0,0,0,0,0,0,0,0,0,0,0,0,0,0,0,0,0,0,0,0,0,0,0,0,0,0,0,0,0,0,0,0,0,0,0,0,1.0,3.0,4.0,1.333,5.0,1,24.0,0
1,0,1,0,0,0,0,1,218619,4194304,4096,5,1,290816,92160,1024,99840,0,1048576,4096,4096,4,1,0.8,2,4,2,2,4,2,0,1,0,1,1,0,1.005,3,3,1.167,0.0,0,0.0,0.0,3.117,3.842,3.874,7.915,96,104,0,0,67,0,232,23,252,255,255,137,69,252,97,255,101,252,0,0,0,0,0,0,0,0,0,0,0,0,0,0,0,0,0,0,0,0,0,0,0,0,0,0,0,0,0,0,0,0,0,0,0,0,0,0,0,0,0,0,0,0,0,0,1.0,3.0,4.0,1.333,5.0,1,30.0,0
1,0,1,0,0,0,0,1,157809,4194304,4096,5,1,237568,64512,1024,95744,0,1048576,4096,4096,4,1,0.8,2,4,2,2,4,2,0,1,0,1,1,0,1.002,3,3,1.167,0.0,0,0.0,0.0,3.11,3.884,3.884,7.903,96,104,0,128,66,0,232,23,252,255,255,137,69,252,97,255,101,252,0,0,0,0,0,0,0,0,0,0,0,0,0,0,0,0,0,0,0,0,0,0,0,0,0,0,0,0,0,0,0,0,0,0,0,0,0,0,0,0,0,0,0,0,0,0,1.0,3.0,4.0,1.333,5.0,1,30.0,0
1,0,1,0,0,0,0,1,56991,4194304,4096,5,1,45056,5120,1024,8704,0,1048576,4096,4096,4,2,0.667,2,5,2,2,5,2,0,1,0,1,1,0,1.04,4,4,1.113,0.0,0,0.0,0.0,5.109,3.692,5.289,7.413,96,104,0,128,64,0,232,23,252,255,255,137,69,252,97,255,101,252,0,0,0,0,0,0,0,0,0,0,0,0,0,0,0,0,0,0,0,0,0,0,0,0,0,0,0,0,0,0,0,0,0,0,0,0,0,0,0,0,0,0,0,0,0,0,1.0,3.0,4.0,1.333,5.0,1,8.0,0
1,0,1,0,0,0,0,1,121485,4194304,4096,5,0,86016,19968,1024,36864,0,1048576,4096,4096,4,1,0.8,2,4,2,2,4,2,0,1,0,1,1,0,1.023,3,3,1.023,0.0,0,0.0,0.0,3.947,3.943,4.867,7.718,96,104,0,0,65,0,232,23,252,255,255,137,69,252,97,255,101,252,0,0,0,0,0,0,0,0,0,0,0,0,0,0,0,0,0,0,0,0,0,0,0,0,0,0,0,0,0,0,0,0,0,0,0,0,0,0,0,0,0,0,0,0,0,0,1.0,3.0,4.0,1.333,5.0,1,44.0,0
1,0,1,0,1,0,0,1,62108,4194304,8192,4,0,73728,26624,512,2560,0,1048576,4096,8192,2,1,0.667,2,2,2,2,2,2,0,1,0,1,1,0,1.022,1,1,1.326,0.0,0,0.0,-1,3.5,2.713,2.999,7.73,96,104,0,192,64,0,232,23,252,255,255,137,69,252,97,255,101,252,0,0,0,0,0,0,0,0,0,0,0,0,0,0,0,0,0,0,0,0,0,0,0,0,0,0,0,0,0,0,0,0,0,0,0,0,0,0,0,0,0,0,0,0,0,0,1.0,3.0,4.0,1.333,2.0,1,14.0,0
1,0,1,0,0,0,0,1,1174185,4194304,4096,6,0,1605632,822784,1024,321536,0,1048576,4096,4096,4,1,0.8,2,3,2,2,3,2,0,1,0,1,1,0,1.001,2,2,1.002,0.0,0,0.0,0.0,3.044,4.499,3.957,7.938,96,104,0,16,81,0,232,23,252,255,255,137,69,252,97,255,101,252,0,0,0,0,0,0,0,0,0,0,0,0,0,0,0,0,0,0,0,0,0,0,0,0,0,0,0,0,0,0,0,0,0,0,0,0,0,0,0,0,0,0,0,0,0,0,1.0,3.0,4.0,1.333,7.0,1,116.0,0
1,0,1,0,0,0,0,0,36955,4194304,4096,4,0,53248,10240,1024,15872,1024,2097152,4096,4096,6,2,0.75,2,8,2,2,8,2,0,1,0,1,1,0,1.048,6,6,16.0,0.0,0,0.0,0.0,-1,2.515,3.499,7.499,96,104,0,160,64,0,232,23,252,255,255,137,69,252,97,255,101,252,0,0,0,0,0,0,0,0,0,0,0,0,0,0,0,0,0,0,0,0,0,0,0,0,0,0,0,0,0,0,0,0,0,0,0,0,0,0,0,0,0,0,0,0,0,0,1.0,3.0,4.0,1.333,-1,1,-1,0
1,0,1,0,0,0,0,1,107858,16777216,4096,6,1,98304,34304,1024,27136,0,262144,8192,4096,3,1,0.75,2,3,2,2,3,2,0,1,0,1,1,0,1.005,2,2,1.032,0.0,0,0.0,0.0,4.312,3.762,3.044,7.835,96,104,0,16,1,1,232,23,252,255,255,137,69,252,97,255,101,252,0,0,0,0,0,0,0,0,0,0,0,0,0,0,0,0,0,0,0,0,0,0,0,0,0,0,0,0,0,0,0,0,0,0,0,0,0,0,0,0,0,0,0,0,0,0,1.0,3.0,4.0,1.333,5.0,1,20.0,0
1,0,1,0,0,0,0,1,68214,16777216,4096,6,1,32768,9216,1024,3584,0,262144,8192,4096,3,1,0.75,2,3,2,2,3,2,0,1,0,1,1,0,1.032,2,2,1.032,0.0,0,0.0,0.0,4.385,3.755,2.919,7.429,96,104,0,96,0,1,232,23,252,255,255,137,69,252,97,255,101,252,0,0,0,0,0,0,0,0,0,0,0,0,0,0,0,0,0,0,0,0,0,0,0,0,0,0,0,0,0,0,0,0,0,0,0,0,0,0,0,0,0,0,0,0,0,0,1.0,3.0,4.0,1.333,5.0,1,20.0,0
1,0,1,0,0,0,0,1,84117,4194304,4096,5,1,118784,38400,1024,24064,0,1048576,4096,4096,4,1,0.8,2,4,2,2,4,2,0,1,0,1,1,0,1.002,3,3,1.171,0.0,0,0.0,0.0,4.463,3.563,3.506,7.868,96,104,0,48,65,0,232,23,252,255,255,137,69,252,97,255,101,252,0,0,0,0,0,0,0,0,0,0,0,0,0,0,0,0,0,0,0,0,0,0,0,0,0,0,0,0,0,0,0,0,0,0,0,0,0,0,0,0,0,0,0,0,0,0,1.0,3.0,4.0,1.333,5.0,1,14.0,0
1,0,1,0,0,0,0,1,38236,16777216,4096,6,1,40960,15360,1024,4096,0,262144,8192,4096,3,1,0.75,2,3,2,2,3,2,0,1,0,1,1,0,1.025,2,2,1.025,0.0,0,0.0,0.0,4.372,3.741,3.269,7.601,96,104,0,112,0,1,232,23,252,255,255,137,69,252,97,255,101,252,0,0,0,0,0,0,0,0,0,0,0,0,0,0,0,0,0,0,0,0,0,0,0,0,0,0,0,0,0,0,0,0,0,0,0,0,0,0,0,0,0,0,0,0,0,0,1.0,3.0,4.0,1.333,5.0,1,20.0,0
1,0,1,0,1,0,0,0,97654,4194304,4096,4,0,106496,16384,1024,22016,36352,2097152,4096,4096,6,1,0.857,2,7,2,2,7,2,0,1,0,1,1,0,1.019,5,5,1.021,0.0,0,0.0,0.0,4.062,2.598,2.429,7.695,96,104,0,96,65,0,232,23,252,255,255,137,69,252,97,255,101,252,0,0,0,0,0,0,0,0,0,0,0,0,0,0,0,0,0,0,0,0,0,0,0,0,0,0,0,0,0,0,0,0,0,0,0,0,0,0,0,0,0,0,0,0,0,0,1.0,3.0,4.0,1.333,-1,1,84.0,0
1,0,1,0,1,0,0,1,71814,4194304,8192,4,0,57344,8192,512,27648,0,1048576,4096,8192,2,1,0.667,2,2,2,2,2,2,0,1,0,1,1,0,1.066,1,1,1.066,0.0,0,0.0,-1,5.793,2.696,4.372,7.247,96,104,0,192,64,0,232,23,252,255,255,137,69,252,97,255,101,252,0,0,0,0,0,0,0,0,0,0,0,0,0,0,0,0,0,0,0,0,0,0,0,0,0,0,0,0,0,0,0,0,0,0,0,0,0,0,0,0,0,0,0,0,0,0,1.0,3.0,4.0,1.333,2.0,1,58.0,0
1,0,1,0,0,0,0,1,47805,4194304,4096,5,0,45056,3072,1024,26112,0,1048576,4096,4096,4,1,0.8,2,4,2,2,4,2,0,1,0,1,1,0,1.034,3,3,1.034,0.0,0,0.0,0.0,4.611,3.878,6.169,7.258,96,104,0,144,64,0,232,23,252,255,255,137,69,252,97,255,101,252,0,0,0,0,0,0,0,0,0,0,0,0,0,0,0,0,0,0,0,0,0,0,0,0,0,0,0,0,0,0,0,0,0,0,0,0,0,0,0,0,0,0,0,0,0,0,1.0,3.0,4.0,1.333,5.0,1,44.0,0
1,0,1,0,0,0,0,1,7198898,4194304,4096,5,0,7434240,248832,1024,6877696,0,1048576,4096,4096,4,1,0.8,2,4,2,2,4,2,0,1,0,1,1,0,1.001,3,3,1.001,0.0,0,0.0,0.0,2.104,3.683,1.967,5.778,96,104,0,144,172,0,232,23,252,255,255,137,69,252,97,255,101,252,0,0,0,0,0,0,0,0,0,0,0,0,0,0,0,0,0,0,0,0,0,0,0,0,0,0,0,0,0,0,0,0,0,0,0,0,0,0,0,0,0,0,0,0,0,0,1.0,3.0,4.0,1.333,5.0,1,82.0,0
1,0,1,0,1,0,0,0,93754,4194304,8192,4,0,106496,53248,4096,8192,0,1048576,4096,8192,2,1,0.667,2,2,2,2,2,2,0,1,0,1,1,0,1.106,1,1,2.522,0.0,0,0.0,-1,2.088,2.778,3.432,7.459,96,104,0,32,65,0,232,23,252,255,255,137,69,252,97,255,101,252,0,0,0,0,0,0,0,0,0,0,0,0,0,0,0,0,0,0,0,0,0,0,0,0,0,0,0,0,0,0,0,0,0,0,0,0,0,0,0,0,0,0,0,0,0,0,1.0,3.0,4.0,1.333,2.0,1,14.0,0
1,0,1,0,1,0,0,1,0,4194304,8192,4,0,73728,27648,512,6144,0,1048576,4096,8192,2,1,0.667,2,2,2,2,2,2,0,1,0,1,1,0,1.023,1,1,1.026,0.0,0,0.0,-1,5.281,2.674,3.692,7.763,96,104,0,192,64,0,232,23,252,255,255,137,69,252,97,255,101,252,0,0,0,0,0,0,0,0,0,0,0,0,0,0,0,0,0,0,0,0,0,0,0,0,0,0,0,0,0,0,0,0,0,0,0,0,0,0,0,0,0,0,0,0,0,0,1.0,3.0,4.0,1.333,2.0,1,26.0,0
1,0,1,0,0,0,0,1,126863,16777216,4096,6,1,135168,9728,1024,102912,0,262144,8192,4096,3,1,0.75,2,3,2,2,3,2,0,1,0,1,1,0,1.017,2,2,1.017,0.0,0,0.0,0.0,6.621,3.772,5.921,7.507,96,104,0,224,1,1,232,23,252,255,255,137,69,252,97,255,101,252,0,0,0,0,0,0,0,0,0,0,0,0,0,0,0,0,0,0,0,0,0,0,0,0,0,0,0,0,0,0,0,0,0,0,0,0,0,0,0,0,0,0,0,0,0,0,1.0,3.0,4.0,1.333,5.0,1,86.0,0
1,0,1,0,0,0,0,1,359229,1255145472,4096,6,1,430080,142848,1024,158720,0,1048576,1036288,4096,3,1,0.75,2,3,2,2,3,2,0,1,0,1,1,0,1.0,2,2,1.013,0.0,0,0.0,0.0,4.001,3.944,3.353,7.818,96,104,0,160,212,74,232,23,252,255,255,137,69,252,97,255,101,252,0,0,0,0,0,0,0,0,0,0,0,0,0,0,0,0,0,0,0,0,0,0,0,0,0,0,0,0,0,0,0,0,0,0,0,0,0,0,0,0,0,0,0,0,0,0,1.0,3.0,4.0,1.333,5.0,1,68.0,0
1,0,1,0,0,0,0,1,34982,16777216,4096,6,1,32768,9216,1024,3584,0,262144,8192,4096,3,1,0.75,2,3,2,2,3,2,0,1,0,1,1,0,1.029,2,2,1.391,0.0,0,0.0,0.0,2.637,3.653,2.505,7.383,96,104,0,96,0,1,232,23,252,255,255,137,69,252,97,255,101,252,0,0,0,0,0,0,0,0,0,0,0,0,0,0,0,0,0,0,0,0,0,0,0,0,0,0,0,0,0,0,0,0,0,0,0,0,0,0,0,0,0,0,0,0,0,0,1.0,3.0,4.0,1.333,5.0,1,8.0,0
1,0,1,0,0,0,0,1,834864,16777216,4096,6,1,999424,339456,1024,435712,0,262144,8192,4096,3,1,0.75,2,3,2,2,3,2,0,1,0,1,1,0,1.001,2,2,1.001,0.0,0,0.0,0.0,7.379,3.684,5.548,7.939,96,104,0,192,11,1,232,23,252,255,255,137,69,252,97,255,101,252,0,0,0,0,0,0,0,0,0,0,0,0,0,0,0,0,0,0,0,0,0,0,0,0,0,0,0,0,0,0,0,0,0,0,0,0,0,0,0,0,0,0,0,0,0,0,1.0,3.0,4.0,1.333,5.0,1,382.0,0
1,0,1,0,0,0,0,1,3027784,4194304,4096,5,1,4456448,2148864,1024,899072,0,1048576,4096,4096,4,1,0.8,2,4,2,2,4,2,0,1,0,1,1,0,1.0,3,3,1.005,0.0,0,0.0,0.0,4.852,4.162,3.807,7.945,96,104,0,240,107,0,232,23,252,255,255,137,69,252,97,255,101,252,0,0,0,0,0,0,0,0,0,0,0,0,0,0,0,0,0,0,0,0,0,0,0,0,0,0,0,0,0,0,0,0,0,0,0,0,0,0,0,0,0,0,0,0,0,0,1.0,3.0,4.0,1.333,5.0,1,182.0,0
1,0,1,0,0,0,0,1,0,4194304,4096,5,1,29343744,10805760,4096,8640000,0,1048576,4096,4096,5,2,0.714,2,6,2,2,6,2,0,1,0,1,1,0,1.0,5,5,1.0,0.0,0,0.0,0.0,7.826,3.992,4.003,7.917,96,104,0,0,105,1,232,23,252,255,255,137,69,252,97,255,101,252,0,0,0,0,0,0,0,0,0,0,0,0,0,0,0,0,0,0,0,0,0,0,0,0,208,54,0,0,0,2,2,0,48,130,54,191,6,9,42,134,72,134,247,13,1,7,1.0,3.0,4.0,1.333,-1,1,56.0,0
1,0,1,0,1,0,0,0,73608,4194304,8192,4,0,57344,20480,4096,8192,0,1048576,4096,8192,2,1,0.667,2,2,2,2,2,2,0,1,0,1,1,0,1.318,1,1,2.681,0.0,0,0.0,-1,1.892,2.74,3.283,6.418,96,104,0,160,64,0,232,23,252,255,255,137,69,252,97,255,101,252,0,0,0,0,0,0,0,0,0,0,0,0,0,0,0,0,0,0,0,0,0,0,0,0,0,0,0,0,0,0,0,0,0,0,0,0,0,0,0,0,0,0,0,0,0,0,1.0,3.0,4.0,1.333,2.0,1,14.0,0
1,0,1,0,0,0,0,1,111737,4194304,4096,5,0,356352,11264,4096,45056,0,2097152,8192,4096,5,2,0.714,3,3,2,3,3,2,0,1,0,0,0,0,1.022,0,1,29.0,0.322,0,5.693,3.91,5.227,3.673,6.937,5.693,232,141,4,0,0,233,55,253,255,255,59,13,40,96,64,0,117,2,243,195,233,15,5,0,0,139,255,85,139,236,246,69,8,2,87,139,249,116,37,86,104,100,55,64,0,141,119,252,255,54,106,12,87,232,137,0,0,0,246,69,8,1,116,7,18.0,200.0,23.0,0.115,1.0,0,80.0,0
1,0,1,0,0,0,0,1,2883154,4194304,4096,5,1,3149824,586240,4096,2263040,0,2097152,8192,4096,5,2,0.714,3,3,2,3,3,2,0,1,0,0,0,0,1.001,0,1,29.0,0.656,0,6.369,3.413,5.688,4.041,6.063,6.369,232,244,202,0,0,233,53,254,255,255,233,87,1,0,0,85,139,236,255,117,24,255,117,20,255,117,16,255,117,12,255,117,8,232,150,1,0,0,204,85,139,236,129,236,40,3,0,0,161,0,84,76,0,51,197,137,69,252,131,125,8,255,87,116,18.0,200.0,23.0,0.115,47.0,0,48.0,0
1,0,1,0,0,0,0,1,189022,4194304,4096,5,1,438272,68096,4096,66048,0,2097152,8192,4096,5,2,0.714,3,3,2,3,3,2,0,1,0,0,0,0,1.007,0,1,29.0,0.407,0,6.285,3.233,3.746,3.718,6.817,6.285,232,161,89,0,0,233,123,254,255,255,106,16,104,88,202,65,0,232,44,13,0,0,51,255,137,125,228,106,1,232,133,0,0,0,89,33,125,252,106,3,94,137,117,224,59,53,36,17,66,0,125,83,161,32,17,66,0,139,4,176,133,192,116,68,18.0,200.0,23.0,0.115,6.0,1,14.0,0
1,0,1,0,0,0,0,1,213969,4194304,4096,5,1,442368,73216,4096,66560,0,2097152,8192,4096,5,2,0.714,3,3,2,3,3,2,0,1,0,0,0,0,1.005,0,1,29.0,0.407,0,6.285,3.258,3.903,3.758,6.819,6.285,232,61,102,0,0,233,123,254,255,255,106,16,104,8,220,65,0,232,52,13,0,0,51,255,137,125,228,106,1,232,133,0,0,0,89,33,125,252,106,3,94,137,117,224,59,53,36,33,66,0,125,83,161,32,33,66,0,139,4,176,133,192,116,68,18.0,200.0,23.0,0.115,7.0,1,14.0,0
1,0,1,0,0,0,0,1,397800,4194304,4096,5,1,671744,215552,4096,158720,0,2097152,8192,4096,5,2,0.714,3,3,2,3,3,2,0,1,0,0,0,0,1.002,0,1,29.0,0.635,0,6.321,2.276,4.409,3.825,6.589,6.321,232,246,203,0,0,233,123,254,255,255,204,204,204,204,204,204,204,204,204,204,204,81,141,76,36,8,43,200,131,225,15,3,193,27,201,11,193,89,233,154,177,255,255,81,141,76,36,8,43,200,131,225,7,3,193,27,201,11,193,89,233,132,177,255,18.0,200.0,23.0,0.115,20.0,1,14.0,0
1,0,1,0,0,0,0,1,209923,4194304,4096,5,1,450560,75264,4096,72192,0,2097152,8192,4096,5,2,0.714,3,3,2,3,3,2,0,1,0,0,0,0,1.001,0,1,29.0,0.388,0,6.335,3.466,3.773,3.667,6.804,6.335,232,70,107,0,0,233,123,254,255,255,106,16,104,88,253,65,0,232,43,13,0,0,51,255,137,125,228,106,1,232,133,0,0,0,89,33,125,252,106,3,94,137,117,224,59,53,132,67,66,0,125,83,161,128,67,66,0,139,4,176,133,192,116,68,18.0,200.0,23.0,0.115,7.0,1,14.0,0
1,0,1,0,0,0,0,1,188498,4194304,4096,5,1,442368,71168,4096,69120,0,2097152,8192,4096,5,2,0.714,3,3,2,3,3,2,0,1,0,0,0,0,1.007,0,1,29.0,0.398,0,6.299,3.265,3.294,3.724,6.807,6.299,232,253,95,0,0,233,123,254,255,255,106,16,104,152,225,65,0,232,52,13,0,0,51,255,137,125,228,106,1,232,133,0,0,0,89,33,125,252,106,3,94,137,117,224,59,53,68,34,66,0,125,83,161,64,34,66,0,139,4,176,133,192,116,68,18.0,200.0,23.0,0.115,19.0,1,14.0,0
1,0,1,0,0,0,0,1,684753,4194304,4096,5,1,933888,174080,4096,462336,0,2097152,8192,4096,5,2,0.714,3,3,2,3,3,2,0,1,0,0,0,0,1.001,0,1,29.0,0.373,0,6.32,3.797,5.99,3.878,6.528,6.32,232,132,147,0,0,233,0,0,0,0,106,20,104,16,190,67,0,232,43,11,0,0,232,22,91,0,0,15,183,240,106,2,232,23,147,0,0,89,184,77,90,0,0,102,57,5,0,0,64,0,116,4,51,219,235,51,161,60,0,64,0,129,184,0,18.0,200.0,23.0,0.115,19.0,0,110.0,0
1,0,1,0,0,1,0,1,566313,4194304,143360,5,1,827392,359936,4096,142336,0,2097152,8192,4096,8,4,0.667,3,5,2,3,5,2,0,1,0,0,0,0,1.001,1,1,128.0,0.0,0,6.334,2.276,3.691,2.538,6.694,6.334,232,138,2,0,0,233,142,254,255,255,85,139,236,161,124,225,65,0,131,224,31,106,32,89,43,200,139,69,8,211,200,51,5,124,225,65,0,93,195,85,139,236,139,69,8,86,139,72,60,3,200,15,183,65,20,141,81,24,3,208,15,183,65,6,18.0,200.0,23.0,0.115,46.0,1,92.0,0
1,0,1,0,0,0,0,1,334620,4194304,4096,5,1,581632,86016,4096,195584,0,2097152,8192,4096,5,2,0.714,3,3,2,3,3,2,0,1,0,0,0,0,1.001,0,1,29.0,0.363,0,6.314,3.337,6.212,3.695,6.725,6.314,232,130,105,0,0,233,123,254,255,255,85,139,236,129,236,40,3,0,0,161,208,48,66,0,51,197,137,69,252,131,125,8,255,87,116,9,255,117,8,232,166,98,0,0,89,131,165,224,252,255,255,0,141,133,228,252,255,255,106,76,106,0,80,232,18.0,200.0,23.0,0.115,18.0,1,20.0,0
1,0,1,0,0,0,0,1,266350,4194304,4096,6,0,552960,141824,4096,106496,0,2097152,8192,4096,5,2,0.714,3,3,2,3,3,2,0,1,0,0,0,0,1.003,0,1,29.0,0.79,0,6.27,4.113,3.893,3.802,6.673,6.27,232,238,130,0,0,233,123,254,255,255,85,139,236,255,21,104,65,66,0,106,1,163,164,159,67,0,232,205,131,0,0,255,117,8,232,3,59,0,0,131,61,164,159,67,0,0,89,89,117,8,106,1,232,179,131,0,0,89,104,9,4,0,192,232,18.0,200.0,23.0,0.115,6.0,0,14.0,0
1,0,1,0,0,0,0,1,358026,4194304,4096,5,1,589824,93696,4096,195584,0,2097152,8192,4096,5,2,0.714,3,3,2,3,3,2,0,1,0,0,0,0,1.004,0,1,29.0,0.357,0,6.277,3.343,6.194,3.779,6.716,6.277,232,89,144,0,0,233,123,254,255,255,85,139,236,129,236,40,3,0,0,161,208,80,66,0,51,197,137,69,252,131,125,8,255,87,116,9,255,117,8,232,19,138,0,0,89,131,165,224,252,255,255,0,141,133,228,252,255,255,106,76,106,0,80,232,18.0,200.0,23.0,0.115,27.0,1,20.0,0
1,0,1,0,0,0,0,1,381312,4194304,4096,5,1,798720,99840,4096,400896,0,2097152,8192,4096,5,2,0.714,3,3,2,3,3,2,0,1,0,0,0,0,1.003,0,1,29.0,0.049,0,6.277,2.136,6.198,3.774,6.154,6.277,232,21,119,0,0,233,123,254,255,255,85,139,236,129,236,40,3,0,0,161,48,161,66,0,51,197,137,69,252,131,125,8,255,87,116,9,255,117,8,232,123,91,0,0,89,131,165,224,252,255,255,0,141,133,228,252,255,255,106,76,106,0,80,232,18.0,200.0,23.0,0.115,43.0,1,26.0,0
1,0,1,0,0,0,0,1,2229709,4194304,4096,5,1,2478080,585216,4096,1594368,0,2097152,8192,4096,5,2,0.714,3,3,2,3,3,2,0,1,0,0,0,0,1.001,0,1,29.0,0.172,0,6.227,3.718,5.938,4.011,6.23,6.227,232,180,175,0,0,233,127,254,255,255,204,204,204,204,204,204,204,204,204,204,204,139,76,36,4,247,193,3,0,0,0,116,36,138,1,131,193,1,132,192,116,78,247,193,3,0,0,0,117,239,5,0,0,0,0,141,164,36,0,0,0,0,141,164,18.0,200.0,23.0,0.115,26.0,0,410.0,0
1,0,1,0,0,0,0,1,2736720,4194304,4096,5,1,3158016,763904,4096,1943552,0,2097152,8192,4096,5,2,0.714,3,3,2,3,3,2,0,1,0,0,0,0,1.0,0,1,29.0,0.2,0,6.154,2.644,5.832,3.909,6.071,6.154,232,59,238,0,0,233,127,254,255,255,204,204,204,204,204,204,204,204,204,204,204,204,204,204,81,141,76,36,8,43,200,131,225,15,3,193,27,201,11,193,89,233,90,205,255,255,81,141,76,36,8,43,200,131,225,7,3,193,27,201,11,193,89,233,18.0,200.0,23.0,0.115,75.0,0,638.0,0
1,0,1,0,0,0,0,1,676564,4194304,4096,5,1,946176,167424,4096,481280,0,2097152,8192,4096,5,2,0.714,3,3,2,3,3,2,0,1,0,0,0,0,1.001,0,1,29.0,0.283,0,6.285,3.704,5.915,3.941,6.437,6.285,232,173,171,0,0,233,123,254,255,255,204,204,204,204,204,204,204,204,204,204,204,204,204,204,204,87,86,139,116,36,16,139,76,36,20,139,124,36,12,139,193,139,209,3,198,59,254,118,8,59,248,15,130,104,3,0,0,15,186,37,24,105,68,0,18.0,200.0,23.0,0.115,15.0,0,20.0,0
1,0,1,0,0,0,0,1,725100,4194304,4096,5,1,983040,116224,4096,558592,0,2097152,8192,4096,5,2,0.714,3,3,2,3,3,2,0,1,0,0,0,0,1.0,0,1,29.0,0.364,0,6.263,3.194,6.193,3.516,6.538,6.263,232,184,90,0,0,233,137,254,255,255,139,255,85,139,236,141,69,24,80,106,0,255,117,20,255,117,16,255,117,12,255,117,8,232,40,92,0,0,131,196,24,93,195,139,255,85,139,236,83,139,93,20,86,139,117,8,87,133,219,117,16,133,246,117,18.0,200.0,23.0,0.115,16.0,1,106.0,0
1,0,1,0,0,0,0,1,179878,4194304,4096,5,1,434176,66560,4096,65536,0,2097152,8192,4096,5,2,0.714,3,3,2,3,3,2,0,1,0,0,0,0,1.006,0,1,29.0,0.408,0,6.292,3.226,3.858,3.684,6.825,6.292,232,160,92,0,0,233,123,254,255,255,106,16,104,8,202,65,0,232,40,13,0,0,51,255,137,125,228,106,1,232,133,0,0,0,89,33,125,252,106,3,94,137,117,224,59,53,4,17,66,0,125,83,161,0,17,66,0,139,4,176,133,192,116,68,18.0,200.0,23.0,0.115,7.0,1,14.0,0
1,0,1,0,0,0,0,1,110763,16777216,4096,6,1,409600,60416,4096,54784,0,524288,16384,4096,4,2,0.667,3,3,2,3,3,2,0,1,0,0,0,0,1.002,0,1,29.0,0.6,0,6.337,2.391,3.761,3.531,6.809,6.337,232,119,3,0,0,233,195,253,255,255,204,204,204,204,204,255,37,120,17,0,1,204,204,204,204,204,59,13,120,77,1,1,117,3,194,0,0,233,232,3,0,0,204,204,204,204,204,255,37,100,17,0,1,204,204,204,204,204,204,255,37,92,17,0,18.0,200.0,23.0,0.115,1.0,0,36.0,0
1,0,1,0,0,0,0,1,304493,4194304,4096,5,1,544768,79360,4096,161280,0,2097152,8192,4096,5,2,0.714,3,3,2,3,3,2,0,1,0,0,0,0,1.006,0,1,29.0,0.401,0,6.303,3.555,6.847,3.68,6.866,6.303,232,249,101,0,0,233,123,254,255,255,106,16,104,112,255,65,0,232,42,13,0,0,51,255,137,125,228,106,1,232,133,0,0,0,89,33,125,252,106,3,94,137,117,224,59,53,228,65,66,0,125,83,161,224,65,66,0,139,4,176,133,192,116,68,18.0,200.0,23.0,0.115,14.0,1,74.0,0
1,0,1,0,0,0,0,1,279762,4194304,4096,5,1,536576,71680,4096,161792,0,2097152,8192,4096,5,2,0.714,3,3,2,3,3,2,0,1,0,0,0,0,1.003,0,1,29.0,0.396,0,6.331,3.49,6.847,3.694,6.869,6.331,232,228,93,0,0,233,0,0,0,0,106,20,104,96,223,65,0,232,165,14,0,0,232,178,34,0,0,15,183,240,106,2,232,119,93,0,0,89,184,77,90,0,0,102,57,5,0,0,64,0,116,4,51,219,235,51,161,60,0,64,0,129,184,0,18.0,200.0,23.0,0.115,13.0,1,74.0,0
1,0,1,0,0,0,0,1,198807,4194304,4096,5,1,430080,65536,4096,65024,0,2097152,8192,4096,5,2,0.714,3,3,2,3,3,2,0,1,0,0,0,0,1.007,0,1,29.0,0.408,0,6.297,3.244,3.77,3.704,6.832,6.297,232,52,91,0,0,233,123,254,255,255,106,16,104,88,185,65,0,232,47,13,0,0,51,255,137,125,228,106,1,232,133,0,0,0,89,33,125,252,106,3,94,137,117,224,59,53,4,1,66,0,125,83,161,0,1,66,0,139,4,176,133,192,116,68,18.0,200.0,23.0,0.115,6.0,1,14.0,0
1,0,1,0,0,0,0,1,243861,4194304,4096,5,1,516096,80384,4096,135680,0,2097152,8192,4096,5,2,0.714,3,3,2,3,3,2,0,1,0,0,0,0,1.001,0,1,29.0,0.394,0,6.33,3.422,6.238,3.736,6.735,6.33,232,149,134,0,0,233,123,254,255,255,85,139,236,129,236,40,3,0,0,161,208,32,66,0,51,197,137,69,252,131,125,8,255,87,116,9,255,117,8,232,103,135,0,0,89,131,165,224,252,255,255,0,141,133,228,252,255,255,106,76,106,0,80,232,18.0,200.0,23.0,0.115,12.0,1,24.0,0
1,0,1,0,0,0,0,1,218619,4194304,4096,5,1,491520,92160,4096,99840,0,2097152,8192,4096,5,2,0.714,3,3,2,3,3,2,0,1,0,0,0,0,1.001,0,1,29.0,0.126,0,6.282,3.244,3.117,3.666,6.765,6.282,232,188,114,0,0,233,123,254,255,255,85,139,236,129,236,40,3,0,0,161,208,80,66,0,51,197,137,69,252,131,125,8,255,87,116,9,255,117,8,232,190,115,0,0,89,131,165,224,252,255,255,0,141,133,228,252,255,255,106,76,106,0,80,232,18.0,200.0,23.0,0.115,8.0,1,30.0,0
1,0,1,0,0,0,0,1,157809,4194304,4096,5,1,458752,64512,4096,95744,0,2097152,8192,4096,5,2,0.714,3,3,2,3,3,2,0,1,0,0,0,0,1.004,0,1,29.0,0.126,0,6.326,3.247,3.11,3.672,6.799,6.326,232,10,90,0,0,233,0,0,0,0,106,20,104,24,185,65,0,232,38,53,0,0,232,253,71,0,0,15,183,240,106,2,232,157,89,0,0,89,184,77,90,0,0,102,57,5,0,0,64,0,116,4,51,219,235,51,161,60,0,64,0,129,184,0,18.0,200.0,23.0,0.115,8.0,1,30.0,0
1,0,1,0,0,0,0,1,664956,4194304,4096,5,1,929792,90112,4096,542720,0,2097152,8192,4096,5,2,0.714,3,3,2,3,3,2,0,1,0,0,0,0,1.002,0,1,29.0,0.461,0,6.319,2.714,6.261,3.656,6.598,6.319,232,70,102,0,0,233,123,254,255,255,85,139,236,129,236,40,3,0,0,161,240,105,66,0,51,197,137,69,252,131,125,8,255,87,116,9,255,117,8,232,72,103,0,0,89,131,165,224,252,255,255,0,141,133,228,252,255,255,106,76,106,0,80,232,18.0,200.0,23.0,0.115,16.0,1,30.0,0
1,0,1,0,0,0,0,1,450058,4194304,4096,5,1,716800,113664,4096,302592,0,2097152,8192,4096,5,2,0.714,3,3,2,3,3,2,0,1,0,0,0,0,1.004,0,1,29.0,0.511,0,6.327,3.212,6.096,3.755,6.641,6.327,232,152,178,0,0,233,123,254,255,255,81,141,76,36,8,43,200,131,225,15,3,193,27,201,11,193,89,233,58,254,255,255,81,141,76,36,8,43,200,131,225,7,3,193,27,201,11,193,89,233,36,254,255,255,204,204,204,204,85,139,236,131,236,24,18.0,200.0,23.0,0.115,10.0,1,20.0,0
1,0,1,0,0,0,0,1,182227,4194304,4096,5,1,446464,74752,4096,66048,0,2097152,8192,4096,5,2,0.714,3,3,2,3,3,2,0,1,0,0,0,0,1.004,0,1,29.0,0.409,0,6.281,3.259,3.83,3.706,6.811,6.281,232,13,112,0,0,233,123,254,255,255,85,139,236,129,236,40,3,0,0,161,208,0,66,0,51,197,137,69,252,131,125,8,255,87,116,9,255,117,8,232,15,113,0,0,89,131,165,224,252,255,255,0,141,133,228,252,255,255,106,76,106,0,80,232,18.0,200.0,23.0,0.115,6.0,1,14.0,0
1,0,1,0,0,0,0,1,1174185,4194304,4096,6,0,1441792,822784,4096,321536,0,2097152,8192,4096,5,2,0.714,3,3,2,3,3,2,0,1,0,0,0,0,1.0,0,1,29.0,0.719,0,6.342,4.552,3.044,4.161,6.374,6.342,232,136,6,0,0,233,122,254,255,255,139,77,244,100,137,13,0,0,0,0,89,95,95,94,91,139,229,93,81,242,195,139,77,240,51,205,242,232,147,245,255,255,242,233,218,255,255,255,139,77,236,51,205,242,232,130,245,255,255,242,233,201,255,255,18.0,200.0,23.0,0.115,7.0,0,116.0,0
1,0,1,0,0,0,0,1,107858,16777216,4096,6,1,360448,34304,4096,27136,0,524288,16384,4096,4,2,0.667,3,3,2,3,3,2,0,1,0,0,0,0,1.013,0,1,29.0,0.049,0,6.061,3.896,4.312,3.636,6.983,6.061,232,47,3,0,0,233,195,253,255,255,204,204,204,204,204,59,13,112,163,0,1,117,3,194,0,0,233,171,3,0,0,204,204,204,204,204,204,255,37,232,17,0,1,204,204,204,204,204,204,255,37,252,17,0,1,204,204,204,204,204,204,204,204,204,18.0,200.0,23.0,0.115,4.0,0,20.0,0
1,0,1,0,0,0,0,1,180060,4194304,4096,5,1,462848,82432,4096,77824,0,2097152,8192,4096,5,2,0.714,3,3,2,3,3,2,0,1,0,0,0,0,1.001,0,1,29.0,0.411,0,6.362,3.655,3.776,3.829,6.804,6.362,232,34,125,0,0,233,123,254,255,255,85,139,236,129,236,40,3,0,0,161,0,65,66,0,51,197,137,69,252,131,125,8,255,87,116,9,255,117,8,232,48,83,0,0,89,131,165,224,252,255,255,0,141,133,228,252,255,255,106,76,106,0,80,232,18.0,200.0,23.0,0.115,6.0,1,14.0,0
1,0,1,0,0,0,0,1,182879,4194304,4096,5,1,438272,67584,4096,66048,0,2097152,8192,4096,5,2,0.714,3,3,2,3,3,2,0,1,0,0,0,0,1.004,0,1,29.0,0.408,0,6.295,3.225,3.776,3.698,6.818,6.295,232,209,91,0,0,233,123,254,255,255,85,139,236,129,236,40,3,0,0,161,208,224,65,0,51,197,137,69,252,131,125,8,255,87,116,9,255,117,8,232,115,84,0,0,89,131,165,224,252,255,255,0,141,133,228,252,255,255,106,76,106,0,80,232,18.0,200.0,23.0,0.115,6.0,1,14.0,0
1,0,1,0,0,0,0,1,7198898,4194304,4096,5,0,7434240,248832,4096,6877696,0,2097152,8192,4096,5,2,0.714,3,3,2,3,3,2,0,1,0,0,0,0,1.001,0,1,29.0,0.75,0,6.012,4.999,2.104,3.506,2.375,6.012,232,24,126,0,0,233,120,254,255,255,139,255,85,139,236,129,236,40,3,0,0,163,240,120,85,0,137,13,236,120,85,0,137,21,232,120,85,0,137,29,228,120,85,0,137,53,224,120,85,0,137,61,220,120,85,0,102,140,21,8,121,85,0,102,18.0,200.0,23.0,0.115,13.0,0,82.0,0
1,0,1,0,0,0,0,1,594129,16777216,4096,6,1,884736,99328,4096,487424,0,524288,16384,4096,4,2,0.667,3,3,2,3,3,2,0,1,0,0,0,0,1.003,0,1,29.0,0.846,0,6.711,3.297,6.15,3.783,6.659,6.711,232,34,3,0,0,233,77,253,255,255,204,204,204,204,204,204,255,37,28,19,0,1,204,204,204,204,204,59,13,184,178,1,1,117,3,194,0,0,233,146,3,0,0,204,204,204,204,204,255,37,184,18,0,1,204,204,204,204,204,204,255,37,200,18,18.0,200.0,23.0,0.115,20.0,0,226.0,0
1,0,1,0,0,0,0,1,154549,4194304,4096,5,0,417792,66048,4096,43008,0,2097152,8192,4096,5,2,0.714,3,3,2,3,3,2,0,1,0,0,0,0,1.003,0,1,29.0,0.418,0,6.376,3.252,3.691,3.595,6.884,6.376,232,249,66,0,0,233,120,254,255,255,139,255,85,139,236,129,236,40,3,0,0,163,88,148,65,0,137,13,84,148,65,0,137,21,80,148,65,0,137,29,76,148,65,0,137,53,72,148,65,0,137,61,68,148,65,0,102,140,21,112,148,65,0,102,18.0,200.0,23.0,0.115,11.0,0,76.0,0
1,0,1,0,0,0,0,1,892335,4194304,4096,5,1,1187840,92672,4096,799744,0,2097152,8192,4096,5,2,0.714,3,3,2,3,3,2,0,1,0,0,0,0,1.004,0,1,29.0,0.971,0,6.381,0.293,3.453,3.773,4.467,6.381,232,181,122,0,0,233,123,254,255,255,85,139,236,129,236,40,3,0,0,161,128,50,66,0,51,197,137,69,252,131,125,8,255,87,116,9,255,117,8,232,70,104,0,0,89,131,165,224,252,255,255,0,141,133,228,252,255,255,106,76,106,0,80,232,18.0,200.0,23.0,0.115,9.0,0,24.0,0
1,0,0,0,0,0,0,1,1627718,4194304,4096,5,1,2428928,581632,4096,1533440,0,8388608,8192,4096,5,2,0.714,3,3,2,3,3,2,0,1,0,0,0,0,1.0,0,1,29.0,0.572,0,6.424,1.175,6.517,4.011,6.66,6.424,232,200,208,0,0,233,127,254,255,255,204,204,204,204,204,204,204,204,204,204,204,204,87,86,139,116,36,16,139,76,36,20,139,124,36,12,139,193,139,209,3,198,59,254,118,8,59,248,15,130,104,3,0,0,15,186,37,252,65,76,0,1,115,7,18.0,200.0,23.0,0.115,33.0,0,1230.0,0
1,0,1,0,0,0,0,1,359229,1255145472,4096,6,1,598016,142848,4096,158720,0,2097152,2072576,4096,4,2,0.667,3,3,2,3,3,2,0,1,0,0,0,0,1.003,0,0,29.0,1.0,0,6.266,0.174,4.001,3.752,5.942,6.266,232,234,249,255,255,106,16,104,136,131,208,74,232,159,163,255,255,51,219,137,93,252,100,161,24,0,0,0,139,112,4,137,93,228,191,4,66,210,74,83,86,87,255,21,116,17,208,74,59,195,15,133,210,0,0,0,51,246,70,161,0,66,210,74,18.0,200.0,23.0,0.115,68.0,0,68.0,0
1,0,1,0,0,0,0,1,154163,4194304,4096,5,1,430080,65536,4096,65024,0,2097152,8192,4096,5,2,0.714,3,3,2,3,3,2,0,1,0,0,0,0,1.006,0,1,29.0,0.408,0,6.304,3.239,3.683,3.631,6.831,6.304,232,34,101,0,0,233,123,254,255,255,106,16,104,232,184,65,0,232,40,13,0,0,51,255,137,125,228,106,1,232,133,0,0,0,89,33,125,252,106,3,94,137,117,224,59,53,4,1,66,0,125,83,161,0,1,66,0,139,4,176,133,192,116,68,18.0,200.0,23.0,0.115,6.0,1,14.0,0
1,0,1,0,0,0,0,1,834864,16777216,4096,6,1,1073152,339456,4096,435712,0,524288,16384,4096,4,2,0.667,3,3,2,3,3,2,0,1,0,0,0,0,1.001,0,0,29.0,1.0,0,6.073,1.19,7.379,3.604,6.996,6.073,232,75,253,255,255,106,88,104,232,46,1,1,232,235,153,255,255,51,219,137,93,228,137,93,252,141,69,152,80,255,21,76,17,0,1,199,69,252,254,255,255,255,199,69,252,1,0,0,0,100,161,24,0,0,0,139,112,4,191,104,74,5,1,106,18.0,200.0,23.0,0.115,5.0,0,382.0,0
1,0,1,0,0,0,0,1,3027784,4194304,4096,5,1,3350528,2148864,4096,899072,0,2097152,8192,4096,5,2,0.714,3,3,2,3,3,2,0,1,0,0,0,0,1.0,0,1,29.0,0.405,0,6.271,4.745,4.852,3.896,6.38,6.271,232,191,233,0,0,233,57,254,255,255,86,106,4,106,32,232,150,241,0,0,89,89,139,240,86,255,21,104,229,96,0,163,208,25,107,0,163,204,25,107,0,133,246,117,5,106,24,88,94,195,131,38,0,51,192,94,195,106,12,104,144,96,105,0,18.0,200.0,23.0,0.115,48.0,0,182.0,0
1,0,1,0,0,0,0,1,682666,4194304,4096,5,1,946176,352768,4096,291328,0,2097152,8192,4096,5,2,0.714,3,3,2,3,3,2,0,1,0,0,0,0,1.001,0,1,29.0,0.507,0,6.099,2.413,4.566,4.053,6.333,6.099,232,172,168,0,0,233,123,254,255,255,85,139,236,129,236,40,3,0,0,161,160,165,71,0,51,197,137,69,252,131,125,8,255,87,116,9,255,117,8,232,164,55,0,0,89,131,165,224,252,255,255,0,141,133,228,252,255,255,106,76,106,0,80,232,18.0,200.0,23.0,0.115,38.0,0,636.0,0
1,0,1,0,0,0,0,1,776609,4194304,4096,5,1,1028096,424960,4096,303616,0,2097152,8192,4096,5,2,0.714,3,3,2,3,3,2,0,1,0,0,0,0,1.0,0,1,29.0,0.458,0,6.099,2.738,4.566,4.207,6.345,6.099,232,34,166,0,0,233,127,254,255,255,85,139,236,129,236,40,3,0,0,161,240,204,72,0,51,197,137,69,252,131,125,8,255,87,116,9,255,117,8,232,39,55,0,0,89,131,165,224,252,255,255,0,141,133,228,252,255,255,106,76,106,0,80,232,18.0,200.0,23.0,0.115,43.0,0,636.0,0
1,0,1,0,0,0,0,1,177326,4194304,4096,5,1,430080,60928,4096,68608,0,2097152,8192,4096,5,2,0.714,3,3,2,3,3,2,0,1,0,0,0,0,1.006,0,1,29.0,0.406,0,6.29,3.378,3.918,3.539,6.819,6.29,232,11,75,0,0,233,0,0,0,0,106,20,104,0,172,65,0,232,202,31,0,0,232,18,20,0,0,15,183,240,106,2,232,158,74,0,0,89,184,77,90,0,0,102,57,5,0,0,64,0,116,4,51,219,235,51,161,60,0,64,0,129,184,0,18.0,200.0,23.0,0.115,14.0,1,24.0,0
1,0,1,0,0,0,0,1,0,4194304,4096,5,1,19750912,10805760,4096,8640000,0,2097152,8192,4096,5,3,0.625,3,3,2,3,3,2,0,1,0,0,0,0,1.0,0,1,29.0,0.516,0,6.405,5.541,7.826,4.031,6.708,6.405,232,169,205,0,0,233,123,254,255,255,59,13,0,117,70,1,117,2,243,195,233,66,41,0,0,85,139,236,131,236,16,235,13,255,117,8,232,227,208,0,0,89,133,192,116,17,255,117,8,232,253,56,0,0,89,133,192,116,230,139,229,93,195,106,18.0,200.0,23.0,0.115,-1,1,56.0,0
1,0,1,0,0,0,0,1,2470825,4194304,4096,5,1,4636672,301056,4096,4031488,0,2097152,8192,4096,5,2,0.714,3,3,2,3,3,2,0,1,0,0,0,0,1.002,0,1,29.0,0.043,0,6.249,1.658,5.741,3.87,4.171,6.249,232,39,175,0,0,233,0,0,0,0,106,20,104,88,17,70,0,232,238,57,0,0,232,212,105,0,0,15,183,240,106,2,232,186,174,0,0,89,184,77,90,0,0,102,57,5,0,0,64,0,116,4,51,219,235,51,161,60,0,64,0,129,184,0,18.0,200.0,23.0,0.115,17.0,0,326.0,0
1,0,1,0,0,0,0,1,814043,4194304,4096,5,1,1081344,116224,4096,667136,0,2097152,8192,4096,5,2,0.714,3,3,2,3,3,2,0,1,0,0,0,0,1.004,0,1,29.0,0.949,0,6.284,0.589,4.702,3.526,5.405,6.284,232,166,134,0,0,233,123,254,255,255,85,139,236,129,236,40,3,0,0,161,128,29,69,0,51,197,137,69,252,131,125,8,255,87,116,9,255,117,8,232,16,83,0,0,89,131,165,224,252,255,255,0,141,133,228,252,255,255,106,76,106,0,80,232,18.0,200.0,23.0,0.115,56.0,1,24.0,0
1,0,1,0,0,0,0,1,0,4194304,4096,5,1,3559424,586240,512,2263040,0,1048576,16384,4096,0,3,0.0,2,3,2,2,3,2,0,1,1,1,1,0,1.001,1,2,1.001,0.0,0,-1,-1,-1,2.46,2.201,7.967,96,104,129,251,9,0,104,0,16,64,0,104,227,180,107,0,232,52,4,0,0,252,190,0,16,64,0,185,4,0,0,0,43,206,129,254,172,0,73,0,119,30,172,4,24,44,2,114,13,60,37,117,237,138,6,36,240,60,128,117,229,70,141,60,1.0,1.0,2.0,2.0,-1,1,42.0,0
1,0,1,0,0,0,0,1,0,4194304,4096,5,1,241664,68096,512,66048,0,1048576,16384,4096,0,3,0.0,2,3,2,2,3,2,0,1,1,1,1,0,1.009,1,2,1.009,0.0,0,-1,-1,-1,2.331,3.06,7.941,96,104,100,195,0,0,104,0,16,64,0,104,227,84,66,0,232,52,4,0,0,252,190,0,16,64,0,185,4,0,0,0,43,206,129,254,13,24,65,0,119,30,172,4,24,44,2,114,13,60,37,117,237,138,6,36,240,60,128,117,229,70,141,60,1.0,1.0,2.0,2.0,-1,1,14.0,0
1,0,1,0,0,0,0,1,0,4194304,4096,5,1,249856,73216,512,66560,0,1048576,16384,4096,0,3,0.0,2,3,2,2,3,2,0,1,1,1,1,0,1.0,1,2,1.0,0.0,0,-1,-1,-1,2.352,3.07,7.956,96,104,8,205,0,0,104,0,16,64,0,104,227,100,66,0,232,52,4,0,0,252,190,0,16,64,0,185,4,0,0,0,43,206,129,254,109,44,65,0,119,30,172,4,24,44,2,114,13,60,37,117,237,138,6,36,240,60,128,117,229,70,141,60,1.0,1.0,2.0,2.0,-1,1,14.0,0
1,0,1,0,1,0,0,1,0,4194304,8192,4,0,323584,122368,512,37376,0,1048576,16384,4096,0,3,0.0,2,3,2,2,3,2,0,1,1,1,1,0,1.001,1,2,1.001,0.0,0,-1,-1,-1,2.351,3.594,7.962,96,104,187,86,1,0,104,0,32,64,0,104,227,180,66,0,232,52,4,0,0,252,190,0,32,64,0,185,4,0,0,0,43,206,129,254,157,253,65,0,119,30,172,4,24,44,2,114,13,60,37,117,237,138,6,36,240,60,128,117,229,70,141,60,1.0,1.0,2.0,2.0,-1,1,35.0,0
1,0,1,0,0,0,0,1,0,4194304,4096,5,1,557056,215552,512,158720,0,1048576,16384,4096,0,3,0.0,2,3,2,2,3,2,0,1,1,1,1,0,1.003,1,2,1.003,0.0,0,-1,-1,-1,2.399,2.988,7.961,96,104,143,3,2,0,104,0,16,64,0,104,227,228,69,0,232,52,4,0,0,252,190,0,16,64,0,185,4,0,0,0,43,206,129,254,150,88,67,0,119,30,172,4,24,44,2,114,13,60,37,117,237,138,6,36,240,60,128,117,229,70,141,60,1.0,1.0,2.0,2.0,-1,1,14.0,0
1,0,1,0,0,0,0,1,0,4194304,4096,5,1,262144,75264,512,72192,0,1048576,16384,4096,0,3,0.0,2,3,2,2,3,2,0,1,1,1,1,0,1.003,1,2,1.003,0.0,0,-1,-1,-1,2.312,3.087,7.954,96,104,137,220,0,0,104,0,16,64,0,104,227,132,66,0,232,52,4,0,0,252,190,0,16,64,0,185,4,0,0,0,43,206,129,254,185,53,65,0,119,30,172,4,24,44,2,114,13,60,37,117,237,138,6,36,240,60,128,117,229,70,141,60,1.0,1.0,2.0,2.0,-1,1,14.0,0
1,0,1,0,0,0,0,1,0,4194304,4096,5,1,249856,71168,512,69120,0,1048576,16384,4096,0,3,0.0,2,3,2,2,3,2,0,1,1,1,1,0,1.001,1,2,1.001,0.0,0,-1,-1,-1,2.35,3.091,7.957,96,104,214,206,0,0,104,0,16,64,0,104,227,100,66,0,232,52,4,0,0,252,190,0,16,64,0,185,4,0,0,0,43,206,129,254,29,36,65,0,119,30,172,4,24,44,2,114,13,60,37,117,237,138,6,36,240,60,128,117,229,70,141,60,1.0,1.0,2.0,2.0,-1,1,14.0,0
1,0,1,0,0,0,0,1,0,4194304,4096,5,1,921600,174080,512,462336,0,1048576,16384,4096,0,3,0.0,2,3,2,2,3,2,0,1,1,1,1,0,1.001,1,2,1.001,0.0,0,-1,-1,-1,2.421,3.02,7.966,96,104,237,143,3,0,104,0,16,64,0,104,227,228,73,0,232,52,4,0,0,252,190,0,16,64,0,185,4,0,0,0,43,206,129,254,113,183,66,0,119,30,172,4,24,44,2,114,13,60,37,117,237,138,6,36,240,60,128,117,229,70,141,60,1.0,1.0,2.0,2.0,-1,1,92.0,0
1,0,1,0,0,1,0,1,0,4194304,143360,5,1,790528,359936,512,142336,0,1048576,16384,4096,0,3,0.0,2,3,2,2,3,2,0,1,1,1,1,0,1.002,1,2,1.002,0.0,0,-1,-1,-1,2.343,3.116,7.965,96,104,46,51,3,0,104,0,16,64,0,104,227,68,72,0,232,52,4,0,0,252,190,0,48,66,0,185,4,0,0,0,43,206,129,254,151,172,71,0,119,30,172,4,24,44,2,114,13,60,37,117,237,138,6,36,240,60,128,117,229,70,141,60,1.0,1.0,2.0,2.0,-1,1,76.0,0
1,0,1,0,0,0,0,1,0,4194304,4096,5,1,417792,86016,512,195584,0,1048576,16384,4096,0,3,0.0,2,3,2,2,3,2,0,1,1,1,1,0,1.0,1,2,1.0,0.0,0,-1,-1,-1,2.401,2.731,7.962,96,104,25,73,1,0,104,0,16,64,0,104,227,132,68,0,232,52,4,0,0,252,190,0,16,64,0,185,4,0,0,0,43,206,129,254,141,95,65,0,119,30,172,4,24,44,2,114,13,60,37,117,237,138,6,36,240,60,128,117,229,70,141,60,1.0,1.0,2.0,2.0,-1,1,19.0,0
1,0,1,0,0,0,0,1,0,4194304,4096,6,0,397312,141824,512,106496,0,1048576,16384,4096,0,3,0.0,2,3,2,2,3,2,0,1,1,1,1,0,1.001,1,2,1.001,0.0,0,-1,-1,-1,2.355,2.968,7.96,96,104,172,92,1,0,104,0,16,64,0,104,227,20,68,0,232,52,4,0,0,252,190,0,16,64,0,185,4,0,0,0,43,206,129,254,113,56,66,0,119,30,172,4,24,44,2,114,13,60,37,117,237,138,6,36,240,60,128,117,229,70,141,60,1.0,1.0,2.0,2.0,-1,1,14.0,0
1,0,1,0,0,0,0,1,0,4194304,4096,5,1,430080,93696,512,195584,0,1048576,16384,4096,0,3,0.0,2,3,2,2,3,2,0,1,1,1,1,0,1.001,1,2,1.001,0.0,0,-1,-1,-1,2.368,2.729,7.961,96,104,206,84,1,0,104,0,16,64,0,104,227,164,68,0,232,52,4,0,0,252,190,0,16,64,0,185,4,0,0,0,43,206,129,254,125,124,65,0,119,30,172,4,24,44,2,114,13,60,37,117,237,138,6,36,240,60,128,117,229,70,141,60,1.0,1.0,2.0,2.0,-1,1,19.0,0
1,0,1,0,0,0,0,1,0,4194304,4096,5,1,655360,99840,512,400896,0,1048576,16384,4096,0,3,0.0,2,3,2,2,3,2,0,1,1,1,1,0,1.003,1,2,1.003,0.0,0,-1,-1,-1,2.424,2.118,7.96,96,104,184,139,1,0,104,0,16,64,0,104,227,212,71,0,232,52,4,0,0,252,190,0,16,64,0,185,4,0,0,0,43,206,129,254,189,148,65,0,119,30,172,4,24,44,2,114,13,60,37,117,237,138,6,36,240,60,128,117,229,70,141,60,1.0,1.0,2.0,2.0,-1,1,24.0,0
1,0,1,0,0,0,0,1,0,4194304,4096,5,1,2920448,585216,512,1594368,0,1048576,16384,4096,0,3,0.0,2,3,2,2,3,2,0,1,1,1,1,0,1.0,1,2,1.0,0.0,0,-1,-1,-1,2.469,2.699,7.968,96,104,104,90,10,0,104,0,16,64,0,104,227,116,97,0,232,52,4,0,0,252,190,0,16,64,0,185,4,0,0,0,43,206,129,254,129,252,72,0,119,30,172,4,24,44,2,114,13,60,37,117,237,138,6,36,240,60,128,117,229,70,141,60,1.0,1.0,2.0,2.0,-1,1,318.0,0
1,0,1,0,0,0,0,1,0,4194304,4096,5,1,3772416,763904,512,1943552,0,1048576,16384,4096,0,3,0.0,2,3,2,2,3,2,0,1,1,1,1,0,1.0,1,2,1.0,0.0,0,-1,-1,-1,2.456,2.608,7.968,96,104,139,238,12,0,104,0,16,64,0,104,227,212,107,0,232,52,4,0,0,252,190,0,16,64,0,185,4,0,0,0,43,206,129,254,210,182,75,0,119,30,172,4,24,44,2,114,13,60,37,117,237,138,6,36,240,60,128,117,229,70,141,60,1.0,1.0,2.0,2.0,-1,1,489.0,0
1,0,1,0,0,0,0,1,0,4194304,4096,5,1,917504,167424,512,481280,0,1048576,16384,4096,0,3,0.0,2,3,2,2,3,2,0,1,1,1,1,0,1.002,1,2,1.002,0.0,0,-1,-1,-1,2.405,2.866,7.964,96,104,113,87,3,0,104,0,16,64,0,104,227,20,74,0,232,52,4,0,0,252,190,0,16,64,0,185,4,0,0,0,43,206,129,254,159,157,66,0,119,30,172,4,24,44,2,114,13,60,37,117,237,138,6,36,240,60,128,117,229,70,141,60,1.0,1.0,2.0,2.0,-1,1,19.0,0
1,0,1,0,0,0,0,1,0,4194304,4096,5,1,987136,116224,512,558592,0,1048576,16384,4096,0,3,0.0,2,3,2,2,3,2,0,1,1,1,1,0,1.002,1,2,1.002,0.0,0,-1,-1,-1,2.454,2.879,7.965,96,104,47,187,3,0,104,0,16,64,0,104,227,164,74,0,232,52,4,0,0,252,190,0,16,64,0,185,4,0,0,0,43,206,129,254,227,213,65,0,119,30,172,4,24,44,2,114,13,60,37,117,237,138,6,36,240,60,128,117,229,70,141,60,1.0,1.0,2.0,2.0,-1,1,88.0,0
1,0,1,0,0,0,0,1,0,4194304,4096,5,1,237568,66560,512,65536,0,1048576,16384,4096,0,3,0.0,2,3,2,2,3,2,0,1,1,1,1,0,1.004,1,2,1.004,0.0,0,-1,-1,-1,2.309,3.076,7.95,96,104,78,192,0,0,104,0,16,64,0,104,227,68,66,0,232,52,4,0,0,252,190,0,16,64,0,185,4,0,0,0,43,206,129,254,93,18,65,0,119,30,172,4,24,44,2,114,13,60,37,117,237,138,6,36,240,60,128,117,229,70,141,60,1.0,1.0,2.0,2.0,-1,1,14.0,0
1,0,1,0,0,0,0,1,0,4194304,4096,5,1,417792,79360,512,161280,0,1048576,16384,4096,0,3,0.0,2,3,2,2,3,2,0,1,1,1,1,0,1.003,1,2,1.003,0.0,0,-1,-1,-1,2.433,3.432,7.96,96,104,203,187,1,0,104,0,16,64,0,104,227,244,67,0,232,52,4,0,0,252,190,0,16,64,0,185,4,0,0,0,43,206,129,254,253,67,65,0,119,30,172,4,24,44,2,114,13,60,37,117,237,138,6,36,240,60,128,117,229,70,141,60,1.0,1.0,2.0,2.0,-1,1,63.0,0
1,0,1,0,0,0,0,1,0,4194304,4096,5,1,405504,71680,512,161792,0,1048576,16384,4096,0,3,0.0,2,3,2,2,3,2,0,1,1,1,1,0,1.001,1,2,1.001,0.0,0,-1,-1,-1,2.431,3.468,7.964,96,104,184,178,1,0,104,0,16,64,0,104,227,212,67,0,232,52,4,0,0,252,190,0,16,64,0,185,4,0,0,0,43,206,129,254,13,39,65,0,119,30,172,4,24,44,2,114,13,60,37,117,237,138,6,36,240,60,128,117,229,70,141,60,1.0,1.0,2.0,2.0,-1,1,63.0,0
1,0,1,0,0,0,0,1,0,4194304,4096,5,1,233472,65536,512,65024,0,1048576,16384,4096,0,3,0.0,2,3,2,2,3,2,0,1,1,1,1,0,1.005,1,2,1.005,0.0,0,-1,-1,-1,2.273,3.098,7.948,96,104,33,190,0,0,104,0,16,64,0,104,227,52,66,0,232,52,4,0,0,252,190,0,16,64,0,185,4,0,0,0,43,206,129,254,45,14,65,0,119,30,172,4,24,44,2,114,13,60,37,117,237,138,6,36,240,60,128,117,229,70,141,60,1.0,1.0,2.0,2.0,-1,1,14.0,0
1,0,1,0,0,0,0,1,0,4194304,4096,5,1,356352,80384,512,135680,0,1048576,16384,4096,0,3,0.0,2,3,2,2,3,2,0,1,1,1,1,0,1.001,1,2,1.001,0.0,0,-1,-1,-1,2.398,3.15,7.962,96,104,167,76,1,0,104,0,16,64,0,104,227,132,67,0,232,52,4,0,0,252,190,0,16,64,0,185,4,0,0,0,43,206,129,254,186,73,65,0,119,30,172,4,24,44,2,114,13,60,37,117,237,138,6,36,240,60,128,117,229,70,141,60,1.0,1.0,2.0,2.0,-1,1,22.0,0
1,0,1,0,0,0,0,1,0,4194304,4096,5,1,307200,92160,512,99840,0,1048576,16384,4096,0,3,0.0,2,3,2,2,3,2,0,1,1,1,1,0,1.008,1,2,1.008,0.0,0,-1,-1,-1,2.334,2.839,7.947,96,104,33,237,0,0,104,0,16,64,0,104,227,36,67,0,232,52,4,0,0,252,190,0,16,64,0,185,4,0,0,0,43,206,129,254,189,119,65,0,119,30,172,4,24,44,2,114,13,60,37,117,237,138,6,36,240,60,128,117,229,70,141,60,1.0,1.0,2.0,2.0,-1,1,29.0,0
1,0,1,0,0,0,0,1,0,4194304,4096,5,1,262144,64512,512,95744,0,1048576,16384,4096,0,3,0.0,2,3,2,2,3,2,0,1,1,1,1,0,1.003,1,2,1.003,0.0,0,-1,-1,-1,2.322,2.857,7.95,96,104,126,194,0,0,104,0,16,64,0,104,227,164,66,0,232,52,4,0,0,252,190,0,16,64,0,185,4,0,0,0,43,206,129,254,221,10,65,0,119,30,172,4,24,44,2,114,13,60,37,117,237,138,6,36,240,60,128,117,229,70,141,60,1.0,1.0,2.0,2.0,-1,1,29.0,0
1,0,1,0,0,0,0,1,0,4194304,4096,5,1,905216,90112,512,542720,0,1048576,16384,4096,0,3,0.0,2,3,2,2,3,2,0,1,1,1,1,0,1.002,1,2,1.002,0.0,0,-1,-1,-1,2.431,2.942,7.965,96,104,74,103,3,0,104,0,16,64,0,104,227,212,73,0,232,52,4,0,0,252,190,0,16,64,0,185,4,0,0,0,43,206,129,254,61,111,65,0,119,30,172,4,24,44,2,114,13,60,37,117,237,138,6,36,240,60,128,117,229,70,141,60,1.0,1.0,2.0,2.0,-1,1,27.0,0
1,0,1,0,0,0,0,1,0,4194304,4096,5,1,626688,113664,512,302592,0,1048576,16384,4096,0,3,0.0,2,3,2,2,3,2,0,1,1,1,1,0,1.003,1,2,1.003,0.0,0,-1,-1,-1,2.371,3.04,7.962,96,104,69,95,2,0,104,0,16,64,0,104,227,148,70,0,232,52,4,0,0,252,190,0,16,64,0,185,4,0,0,0,43,206,129,254,48,202,65,0,119,30,172,4,24,44,2,114,13,60,37,117,237,138,6,36,240,60,128,117,229,70,141,60,1.0,1.0,2.0,2.0,-1,1,19.0,0
1,0,1,0,0,0,0,1,0,4194304,4096,5,1,253952,74752,512,66048,0,1048576,16384,4096,0,3,0.0,2,3,2,2,3,2,0,1,1,1,1,0,1.007,1,2,1.007,0.0,0,-1,-1,-1,2.317,3.051,7.945,96,104,141,207,0,0,104,0,16,64,0,104,227,116,66,0,232,52,4,0,0,252,190,0,16,64,0,185,4,0,0,0,43,206,129,254,237,50,65,0,119,30,172,4,24,44,2,114,13,60,37,117,237,138,6,36,240,60,128,117,229,70,141,60,1.0,1.0,2.0,2.0,-1,1,14.0,0
1,0,1,0,0,0,0,1,0,4194304,4096,6,0,1556480,822784,512,321536,0,1048576,16384,4096,0,3,0.0,2,3,2,2,3,2,0,1,1,1,1,0,1.001,1,2,1.001,0.0,0,-1,-1,-1,2.556,2.645,7.968,96,104,90,109,5,0,104,0,16,64,0,104,227,164,81,0,232,52,4,0,0,252,190,0,16,64,0,185,4,0,0,0,43,206,129,254,68,157,76,0,119,30,172,4,24,44,2,114,13,60,37,117,237,138,6,36,240,60,128,117,229,70,141,60,1.0,1.0,2.0,2.0,-1,1,96.0,0
1,0,1,0,0,0,0,1,0,16777216,4096,6,1,131072,34304,512,27136,0,262144,16384,4096,0,3,0.0,2,3,2,2,3,2,0,1,1,1,1,0,1.008,1,2,1.008,0.0,0,-1,-1,-1,2.282,1.884,7.911,96,104,127,72,0,0,104,0,16,0,1,104,227,36,1,1,232,52,4,0,0,252,190,0,16,0,1,185,4,0,0,0,43,206,129,254,71,148,0,1,119,30,172,4,24,44,2,114,13,60,37,117,237,138,6,36,240,60,128,117,229,70,141,60,1.0,1.0,2.0,2.0,-1,1,19.0,0
1,0,1,0,0,0,0,1,0,4194304,4096,5,1,278528,82432,512,77824,0,1048576,16384,4096,0,3,0.0,2,3,2,2,3,2,0,1,1,1,1,0,1.006,1,2,1.006,0.0,0,-1,-1,-1,2.34,3.148,7.952,96,104,134,245,0,0,104,0,16,64,0,104,227,180,66,0,232,52,4,0,0,252,190,0,16,64,0,185,4,0,0,0,43,206,129,254,189,81,65,0,119,30,172,4,24,44,2,114,13,60,37,117,237,138,6,36,240,60,128,117,229,70,141,60,1.0,1.0,2.0,2.0,-1,1,14.0,0
1,0,1,0,0,0,0,1,0,4194304,4096,5,1,241664,67584,512,66048,0,1048576,16384,4096,0,3,0.0,2,3,2,2,3,2,0,1,1,1,1,0,1.003,1,2,1.003,0.0,0,-1,-1,-1,2.337,3.054,7.951,96,104,136,194,0,0,104,0,16,64,0,104,227,84,66,0,232,52,4,0,0,252,190,0,16,64,0,185,4,0,0,0,43,206,129,254,237,22,65,0,119,30,172,4,24,44,2,114,13,60,37,117,237,138,6,36,240,60,128,117,229,70,141,60,1.0,1.0,2.0,2.0,-1,1,14.0,0
1,0,1,0,0,0,0,1,0,4194304,4096,5,0,7561216,248832,512,6877696,0,1048576,16384,4096,0,3,0.0,2,3,2,2,3,2,0,1,1,1,1,0,1.001,1,2,1.001,0.0,0,-1,-1,-1,2.425,0.682,7.966,96,104,63,155,5,0,104,0,16,64,0,104,227,20,173,0,232,52,4,0,0,252,190,0,16,64,0,185,4,0,0,0,43,206,129,254,6,219,67,0,119,30,172,4,24,44,2,114,13,60,37,117,237,138,6,36,240,60,128,117,229,70,141,60,1.0,1.0,2.0,2.0,-1,1,70.0,0
1,0,1,0,0,0,0,1,0,16777216,4096,6,1,978944,99328,512,487424,0,262144,16384,4096,0,3,0.0,2,3,2,2,3,2,0,1,1,1,1,0,1.0,1,2,1.0,0.0,0,-1,-1,-1,2.488,3.679,7.967,96,104,181,28,5,0,104,0,16,0,1,104,227,36,9,1,232,52,4,0,0,252,190,0,16,0,1,185,4,0,0,0,43,206,129,254,166,146,1,1,119,30,172,4,24,44,2,114,13,60,37,117,237,138,6,36,240,60,128,117,229,70,141,60,1.0,1.0,2.0,2.0,-1,1,177.0,0
1,0,1,0,0,0,0,1,0,4194304,4096,5,0,217088,66048,512,43008,0,1048576,16384,4096,0,3,0.0,2,3,2,2,3,2,0,1,1,1,1,0,1.006,1,2,1.006,0.0,0,-1,-1,-1,2.249,2.854,7.945,96,104,240,181,0,0,104,0,16,64,0,104,227,4,66,0,232,52,4,0,0,252,190,0,16,64,0,185,4,0,0,0,43,206,129,254,71,17,65,0,119,30,172,4,24,44,2,114,13,60,37,117,237,138,6,36,240,60,128,117,229,70,141,60,1.0,1.0,2.0,2.0,-1,1,64.0,0
1,0,1,0,0,0,0,1,0,4194304,4096,5,1,1085440,92672,512,799744,0,1048576,16384,4096,0,3,0.0,2,3,2,2,3,2,0,1,1,1,1,0,1.002,1,2,1.002,0.0,0,-1,-1,-1,2.39,1.701,7.966,96,104,248,49,2,0,104,0,16,64,0,104,227,196,77,0,232,52,4,0,0,252,190,0,16,64,0,185,4,0,0,0,43,206,129,254,149,120,65,0,119,30,172,4,24,44,2,114,13,60,37,117,237,138,6,36,240,60,128,117,229,70,141,60,1.0,1.0,2.0,2.0,-1,1,22.0,0
1,0,0,0,0,0,0,1,0,4194304,4096,5,1,3309568,581632,512,1533440,0,4194304,16384,4096,0,3,0.0,2,3,2,2,3,2,0,1,1,1,1,0,1.0,1,2,1.0,0.0,0,-1,-1,-1,2.437,3.601,7.968,96,104,83,242,16,0,104,0,16,64,0,104,227,180,96,0,232,52,4,0,0,252,190,0,16,64,0,185,4,0,0,0,43,206,129,254,215,239,72,0,119,30,172,4,24,44,2,114,13,60,37,117,237,138,6,36,240,60,128,117,229,70,141,60,1.0,1.0,2.0,2.0,-1,1,930.0,0
1,0,1,0,0,0,0,1,0,1255145472,4096,6,1,434176,142848,512,158720,0,1048576,1036288,4096,0,3,0.0,2,3,2,2,3,2,0,1,1,1,1,0,1.002,1,2,1.002,0.0,0,-1,-1,-1,2.508,2.317,7.96,96,104,151,72,1,0,104,0,16,208,74,104,227,196,212,74,232,52,4,0,0,252,190,0,16,208,74,185,4,0,0,0,43,206,129,254,25,60,210,74,119,30,172,4,24,44,2,114,13,60,37,117,237,138,6,36,240,60,128,117,229,70,141,60,1.0,1.0,2.0,2.0,-1,1,58.0,0
1,0,1,0,0,0,0,1,0,4194304,4096,5,1,233472,65536,512,65024,0,1048576,16384,4096,0,3,0.0,2,3,2,2,3,2,0,1,1,1,1,0,1.008,1,2,1.008,0.0,0,-1,-1,-1,2.273,3.092,7.943,96,104,156,189,0,0,104,0,16,64,0,104,227,52,66,0,232,52,4,0,0,252,190,0,16,64,0,185,4,0,0,0,43,206,129,254,133,14,65,0,119,30,172,4,24,44,2,114,13,60,37,117,237,138,6,36,240,60,128,117,229,70,141,60,1.0,1.0,2.0,2.0,-1,1,14.0,0
1,0,1,0,0,0,0,1,0,16777216,4096,6,1,1110016,339456,512,435712,0,262144,16384,4096,0,3,0.0,2,3,2,2,3,2,0,1,1,1,1,0,1.002,1,2,1.002,0.0,0,-1,-1,-1,2.409,2.82,7.965,96,104,87,51,4,0,104,0,16,0,1,104,227,4,12,1,232,52,4,0,0,252,190,0,16,0,1,185,4,0,0,0,43,206,129,254,154,60,5,1,119,30,172,4,24,44,2,114,13,60,37,117,237,138,6,36,240,60,128,117,229,70,141,60,1.0,1.0,2.0,2.0,-1,1,295.0,0
1,0,1,0,0,0,0,1,0,4194304,4096,5,1,4173824,2148864,512,899072,0,1048576,16384,4096,0,3,0.0,2,3,2,2,3,2,0,1,1,1,1,0,1.0,1,2,1.0,0.0,0,-1,-1,-1,2.43,2.889,7.969,96,104,110,63,16,0,104,0,16,64,0,104,227,196,110,0,232,52,4,0,0,252,190,0,16,64,0,185,4,0,0,0,43,206,129,254,214,217,96,0,119,30,172,4,24,44,2,114,13,60,37,117,237,138,6,36,240,60,128,117,229,70,141,60,1.0,1.0,2.0,2.0,-1,1,147.0,0
1,0,1,0,0,0,0,1,0,4194304,4096,5,1,897024,352768,512,291328,0,1048576,16384,4096,0,3,0.0,2,3,2,2,3,2,0,1,1,1,1,0,1.002,1,2,1.002,0.0,0,-1,-1,-1,2.433,2.617,7.965,96,104,232,211,2,0,104,0,16,64,0,104,227,20,74,0,232,52,4,0,0,252,190,0,16,64,0,185,4,0,0,0,43,206,129,254,48,113,69,0,119,30,172,4,24,44,2,114,13,60,37,117,237,138,6,36,240,60,128,117,229,70,141,60,1.0,1.0,2.0,2.0,-1,1,487.0,0
1,0,1,0,0,0,0,1,0,4194304,4096,5,1,1015808,424960,512,303616,0,1048576,16384,4096,0,3,0.0,2,3,2,2,3,2,0,1,1,1,1,0,1.001,1,2,1.001,0.0,0,-1,-1,-1,2.452,2.7,7.968,96,104,7,92,3,0,104,0,16,64,0,104,227,84,75,0,232,52,4,0,0,252,190,0,16,64,0,185,4,0,0,0,43,206,129,254,112,139,70,0,119,30,172,4,24,44,2,114,13,60,37,117,237,138,6,36,240,60,128,117,229,70,141,60,1.0,1.0,2.0,2.0,-1,1,487.0,0
1,0,1,0,0,0,0,1,0,4194304,4096,5,1,233472,60928,512,68608,0,1048576,16384,4096,0,3,0.0,2,3,2,2,3,2,0,1,1,1,1,0,1.002,1,2,1.002,0.0,0,-1,-1,-1,2.264,3.101,7.953,96,104,193,188,0,0,104,0,16,64,0,104,227,52,66,0,232,52,4,0,0,252,190,0,16,64,0,185,4,0,0,0,43,206,129,254,125,252,64,0,119,30,172,4,24,44,2,114,13,60,37,117,237,138,6,36,240,60,128,117,229,70,141,60,1.0,1.0,2.0,2.0,-1,1,22.0,0
1,0,1,0,0,0,0,1,0,4194304,4096,5,1,26955776,10805760,512,8640000,0,1048576,16384,4096,0,3,0.0,2,3,2,2,3,2,0,1,1,1,1,0,1.0,1,2,1.0,0.0,0,-1,-1,-1,2.52,3.044,7.968,96,104,131,79,113,0,104,0,16,64,0,104,227,4,105,1,232,52,4,0,0,252,190,0,16,64,0,185,4,0,0,0,43,206,129,254,148,240,228,0,119,30,172,4,24,44,2,114,13,60,37,117,237,138,6,36,240,60,128,117,229,70,141,60,1.0,1.0,2.0,2.0,-1,1,49.0,0
1,0,1,0,0,0,0,1,0,4194304,4096,5,1,4882432,301056,512,4031488,0,1048576,16384,4096,0,3,0.0,2,3,2,2,3,2,0,1,1,1,1,0,1.001,1,2,1.001,0.0,0,-1,-1,-1,2.448,1.288,7.967,96,104,22,120,7,0,104,0,16,64,0,104,227,100,130,0,232,52,4,0,0,252,190,0,16,64,0,185,4,0,0,0,43,206,129,254,38,166,68,0,119,30,172,4,24,44,2,114,13,60,37,117,237,138,6,36,240,60,128,117,229,70,141,60,1.0,1.0,2.0,2.0,-1,1,255.0,0
1,0,1,0,0,0,0,1,0,4194304,4096,5,1,1011712,116224,512,667136,0,1048576,16384,4096,0,3,0.0,2,3,2,2,3,2,0,1,1,1,1,0,1.001,1,2,1.001,0.0,0,-1,-1,-1,2.382,2.242,7.965,96,104,141,182,2,0,104,0,16,64,0,104,227,36,76,0,232,52,4,0,0,252,190,0,16,64,0,185,4,0,0,0,43,206,129,254,32,212,65,0,119,30,172,4,24,44,2,114,13,60,37,117,237,138,6,36,240,60,128,117,229,70,141,60,1.0,1.0,2.0,2.0,-1,1,22.0,0
1,0,1,0,0,0,0,0,6400145,4194304,4096,4,0,20111360,9093120,1536,2285568,0,1048576,8192,4096,8,3,0.727,3,11,3,3,11,3,0,1,0,1,1,0,0.998,1,11,0.998,0.0,0,7.969,7.967,7.964,1.91,3.354,5.422,96,232,3,0,0,0,233,235,4,93,69,85,195,232,1,0,0,0,235,93,187,237,255,255,255,3,221,129,235,0,96,46,1,131,189,136,4,0,0,0,137,157,136,4,0,0,15,133,203,3,0,0,141,133,148,4,0,0,80,255,149,169,15,0,25.0,26.0,3.0,0.115,-1,1,1235.0,0
1,0,1,0,0,0,0,1,95403,4194304,4096,5,1,176128,78848,1024,66048,0,1048576,4096,4096,5,2,0.714,3,7,3,3,7,3,0,1,0,1,1,0,0.75,1,7,0.75,0.0,0,7.948,6.847,0.999,3.589,3.781,5.518,96,232,3,0,0,0,233,235,4,93,69,85,195,232,1,0,0,0,235,93,187,237,255,255,255,3,221,129,235,0,128,2,0,131,189,136,4,0,0,0,137,157,136,4,0,0,15,133,203,3,0,0,141,133,148,4,0,0,80,255,149,169,15,0,7.0,8.0,3.0,0.375,-1,1,12.0,0
1,0,1,0,0,0,0,1,150520,4194304,4096,5,1,249856,150528,1024,74240,0,1048576,4096,4096,5,2,0.714,3,7,3,3,7,3,0,1,0,1,1,0,0.688,1,7,0.688,0.0,0,7.963,6.741,0.999,3.731,3.824,5.853,96,232,3,0,0,0,233,235,4,93,69,85,195,232,1,0,0,0,235,93,187,237,255,255,255,3,221,129,235,0,160,3,0,131,189,136,4,0,0,0,137,157,136,4,0,0,15,133,203,3,0,0,141,133,148,4,0,0,80,255,149,169,15,0,6.0,7.0,3.0,0.429,-1,1,12.0,0
1,0,1,0,0,0,0,1,514872,4194304,4096,6,0,1331200,292864,1024,1001984,0,1048576,4096,4096,5,2,0.714,3,7,3,3,7,3,0,1,0,1,1,0,0.781,1,7,0.781,0.0,0,7.966,7.303,7.964,3.858,3.634,4.664,96,232,3,0,0,0,233,235,4,93,69,85,195,232,1,0,0,0,235,93,187,237,255,255,255,3,221,129,235,0,0,20,0,131,189,136,4,0,0,0,137,157,136,4,0,0,15,133,203,3,0,0,141,133,148,4,0,0,80,255,149,169,15,0,12.0,13.0,4.0,0.308,-1,1,165.0,0
1,0,1,0,0,0,0,1,492789,4194304,4096,5,0,1187840,943616,1024,222208,0,1048576,8192,4096,3,2,0.6,3,5,3,3,5,3,0,1,0,1,1,0,0.812,1,5,0.812,0.0,0,7.969,7.789,7.336,4.396,4.074,5.572,96,232,3,0,0,0,233,235,4,93,69,85,195,232,1,0,0,0,235,93,187,237,255,255,255,3,221,129,235,0,240,17,0,131,189,136,4,0,0,0,137,157,136,4,0,0,15,133,203,3,0,0,141,133,148,4,0,0,80,255,149,169,15,0,9.0,10.0,3.0,0.3,-1,1,435.0,0
1,0,1,0,0,0,0,1,128610,4194304,4096,6,0,249856,146432,1024,75776,0,4096,4096,4096,5,2,0.714,3,7,3,3,7,3,0,1,0,1,1,0,0.688,1,7,0.688,0.0,0,7.959,6.727,0.999,3.727,3.814,5.809,96,232,3,0,0,0,233,235,4,93,69,85,195,232,1,0,0,0,235,93,187,237,255,255,255,3,221,129,235,0,160,3,0,131,189,136,4,0,0,0,137,157,136,4,0,0,15,133,203,3,0,0,141,133,148,4,0,0,80,255,149,169,15,0,5.0,6.0,3.0,0.5,-1,1,12.0,0
1,0,1,0,0,0,0,1,811412,4194304,4096,5,1,2875392,586240,1024,2263040,0,1048576,4096,4096,5,2,0.714,3,7,3,3,7,3,0,1,0,1,1,0,0.75,1,7,0.75,0.0,0,7.966,7.837,7.969,3.932,3.015,5.8,96,232,3,0,0,0,233,235,4,93,69,85,195,232,1,0,0,0,235,93,187,237,255,255,255,3,221,129,235,0,176,43,0,131,189,136,4,0,0,0,137,157,136,4,0,0,15,133,203,3,0,0,141,133,148,4,0,0,80,255,149,169,15,0,15.0,16.0,3.0,0.188,-1,1,45.0,0
1,0,1,0,0,0,0,1,67431,4194304,4096,5,1,163840,68096,1024,66048,0,1048576,4096,4096,5,2,0.714,3,7,3,3,7,3,0,1,0,1,1,0,0.688,1,7,0.688,0.0,0,7.959,6.7,0.995,3.667,3.703,5.834,96,232,3,0,0,0,233,235,4,93,69,85,195,232,1,0,0,0,235,93,187,237,255,255,255,3,221,129,235,0,80,2,0,131,189,136,4,0,0,0,137,157,136,4,0,0,15,133,203,3,0,0,141,133,148,4,0,0,80,255,149,169,15,0,6.0,7.0,3.0,0.429,-1,1,12.0,0
1,0,1,0,0,0,0,1,105773,4194304,4096,5,1,167936,73216,1024,66560,0,1048576,4096,4096,5,2,0.714,3,7,3,3,7,3,0,1,0,1,1,0,0.75,1,7,0.75,0.0,0,7.961,6.749,0.995,3.667,3.774,5.527,96,232,3,0,0,0,233,235,4,93,69,85,195,232,1,0,0,0,235,93,187,237,255,255,255,3,221,129,235,0,96,2,0,131,189,136,4,0,0,0,137,157,136,4,0,0,15,133,203,3,0,0,141,133,148,4,0,0,80,255,149,169,15,0,6.0,7.0,3.0,0.429,-1,1,12.0,0
1,0,1,0,0,0,0,1,127731,4194304,4096,5,1,176128,75264,1024,72192,0,1048576,4096,4096,5,2,0.714,3,7,3,3,7,3,0,1,0,1,1,0,0.688,1,7,0.688,0.0,0,7.959,7.159,0.999,3.586,3.838,5.84,96,232,3,0,0,0,233,235,4,93,69,85,195,232,1,0,0,0,235,93,187,237,255,255,255,3,221,129,235,0,128,2,0,131,189,136,4,0,0,0,137,157,136,4,0,0,15,133,203,3,0,0,141,133,148,4,0,0,80,255,149,169,15,0,6.0,7.0,3.0,0.429,-1,1,12.0,0
1,0,1,0,0,0,0,1,113260,4194304,4096,5,1,167936,71168,1024,69120,0,1048576,4096,4096,5,2,0.714,3,7,3,3,7,3,0,1,0,1,1,0,0.75,1,7,0.75,0.0,0,7.957,6.739,1.046,3.647,3.802,5.574,96,232,3,0,0,0,233,235,4,93,69,85,195,232,1,0,0,0,235,93,187,237,255,255,255,3,221,129,235,0,96,2,0,131,189,136,4,0,0,0,137,157,136,4,0,0,15,133,203,3,0,0,141,133,148,4,0,0,80,255,149,169,15,0,6.0,7.0,3.0,0.429,-1,1,12.0,0
1,0,1,0,0,0,0,1,343748,4194304,4096,5,1,663552,174080,1024,462336,0,1048576,4096,4096,5,2,0.714,3,7,3,3,7,3,0,1,0,1,1,0,0.917,1,7,0.917,0.0,0,7.964,7.67,7.96,3.798,4.254,5.019,96,232,3,0,0,0,233,235,4,93,69,85,195,232,1,0,0,0,235,93,187,237,255,255,255,3,221,129,235,0,224,9,0,131,189,136,4,0,0,0,137,157,136,4,0,0,15,133,203,3,0,0,141,133,148,4,0,0,80,255,149,169,15,0,10.0,11.0,3.0,0.273,-1,1,101.0,0
1,0,1,0,0,1,0,1,276156,4194304,143360,5,1,561152,359936,1024,142336,0,1048576,4096,4096,8,4,0.667,3,12,3,3,12,3,0,1,0,1,1,0,0.906,2,12,0.906,0.0,0,7.969,5.528,4.035,2.308,4.505,4.734,96,232,3,0,0,0,233,235,4,93,69,85,195,232,1,0,0,0,235,93,187,237,255,255,255,3,221,129,235,0,64,8,0,131,189,136,4,0,0,0,137,157,136,4,0,0,15,133,203,3,0,0,141,133,148,4,0,0,80,255,149,169,15,0,8.0,9.0,3.0,0.333,-1,1,76.0,0
1,0,1,0,0,0,0,1,186625,4194304,4096,5,1,307200,86016,1024,195584,0,1048576,4096,4096,5,2,0.714,3,7,3,3,7,3,0,1,0,1,1,0,0.75,1,7,0.75,0.0,0,7.961,6.834,7.954,3.58,4.281,5.529,96,232,3,0,0,0,233,235,4,93,69,85,195,232,1,0,0,0,235,93,187,237,255,255,255,3,221,129,235,0,128,4,0,131,189,136,4,0,0,0,137,157,136,4,0,0,15,133,203,3,0,0,141,133,148,4,0,0,80,255,149,169,15,0,6.0,7.0,3.0,0.429,-1,1,17.0,0
1,0,1,0,0,0,0,1,117894,4194304,4096,6,0,278528,141824,1024,106496,0,1048576,4096,4096,5,2,0.714,3,7,3,3,7,3,0,1,0,1,1,0,0.75,1,7,0.75,0.0,0,7.963,7.93,0.993,3.653,3.77,5.619,96,232,3,0,0,0,233,235,4,93,69,85,195,232,1,0,0,0,235,93,187,237,255,255,255,3,221,129,235,0,16,4,0,131,189,136,4,0,0,0,137,157,136,4,0,0,15,133,203,3,0,0,141,133,148,4,0,0,80,255,149,169,15,0,9.0,10.0,3.0,0.3,-1,1,12.0,0
1,0,1,0,0,0,0,1,167295,4194304,4096,5,1,315392,93696,1024,195584,0,1048576,4096,4096,5,2,0.714,3,7,3,3,7,3,0,1,0,1,1,0,0.75,1,7,0.75,0.0,0,7.956,6.808,7.958,3.642,4.263,5.546,96,232,3,0,0,0,233,235,4,93,69,85,195,232,1,0,0,0,235,93,187,237,255,255,255,3,221,129,235,0,160,4,0,131,189,136,4,0,0,0,137,157,136,4,0,0,15,133,203,3,0,0,141,133,148,4,0,0,80,255,149,169,15,0,7.0,8.0,3.0,0.375,-1,1,17.0,0
1,0,1,0,0,0,0,1,157223,4194304,4096,5,1,524288,99840,1024,400896,0,1048576,4096,4096,5,2,0.714,3,7,3,3,7,3,0,1,0,1,1,0,0.75,1,7,0.75,0.0,0,7.963,7.212,7.962,3.643,3.1,5.535,96,232,3,0,0,0,233,235,4,93,69,85,195,232,1,0,0,0,235,93,187,237,255,255,255,3,221,129,235,0,208,7,0,131,189,136,4,0,0,0,137,157,136,4,0,0,15,133,203,3,0,0,141,133,148,4,0,0,80,255,149,169,15,0,7.0,8.0,3.0,0.375,-1,1,22.0,0
1,0,1,0,0,0,0,1,828778,4194304,4096,5,1,2236416,585216,1024,1594368,0,1048576,4096,4096,5,2,0.714,3,7,3,3,7,3,0,1,0,1,1,0,0.938,1,7,0.938,0.0,0,7.967,7.176,7.96,3.965,3.784,5.085,96,232,3,0,0,0,233,235,4,93,69,85,195,232,1,0,0,0,235,93,187,237,255,255,255,3,221,129,235,0,112,33,0,131,189,136,4,0,0,0,137,157,136,4,0,0,15,133,203,3,0,0,141,133,148,4,0,0,80,255,149,169,15,0,13.0,14.0,4.0,0.286,-1,1,363.0,0
1,0,1,0,0,0,0,1,1080220,4194304,4096,5,1,2965504,763904,1024,1943552,0,1048576,4096,4096,5,2,0.714,3,7,3,3,7,3,0,1,0,1,1,0,0.994,1,7,0.994,0.0,0,7.967,7.9,7.956,3.882,3.639,5.147,96,232,3,0,0,0,233,235,4,93,69,85,195,232,1,0,0,0,235,93,187,237,255,255,255,3,221,129,235,0,208,43,0,131,189,136,4,0,0,0,137,157,136,4,0,0,15,133,203,3,0,0,141,133,148,4,0,0,80,255,149,169,15,0,18.0,19.0,3.0,0.158,-1,1,486.0,0
1,0,1,0,0,0,0,1,327659,4194304,4096,5,1,745472,116224,1024,558592,0,1048576,4096,4096,5,2,0.714,3,7,3,3,7,3,0,1,0,1,1,0,0.92,1,7,0.92,0.0,0,7.957,6.629,7.963,3.416,3.862,5.345,96,232,3,0,0,0,233,235,4,93,69,85,195,232,1,0,0,0,235,93,187,237,255,255,255,3,221,129,235,0,160,10,0,131,189,136,4,0,0,0,137,157,136,4,0,0,15,133,203,3,0,0,141,133,148,4,0,0,80,255,149,169,15,0,9.0,10.0,3.0,0.3,-1,1,85.0,0
1,0,1,0,0,0,0,1,88817,4194304,4096,5,1,159744,66560,1024,65536,0,1048576,4096,4096,5,2,0.714,3,7,3,3,7,3,0,1,0,1,1,0,0.75,1,7,0.875,0.0,0,7.962,6.706,0.995,3.624,3.745,5.509,96,232,3,0,0,0,233,235,4,93,69,85,195,232,1,0,0,0,235,93,187,237,255,255,255,3,221,129,235,0,64,2,0,131,189,136,4,0,0,0,137,157,136,4,0,0,15,133,203,3,0,0,141,133,148,4,0,0,80,255,149,169,15,0,6.0,7.0,3.0,0.429,-1,1,12.0,0
1,0,1,0,0,0,0,1,170047,4194304,4096,5,1,335872,79360,1024,161280,0,1048576,4096,4096,5,2,0.714,3,7,3,3,7,3,0,1,0,1,1,0,0.951,1,7,0.951,0.0,0,7.96,7.213,7.732,3.593,4.047,6.918,96,232,3,0,0,0,233,235,4,93,69,85,195,232,1,0,0,0,235,93,187,237,255,255,255,3,221,129,235,0,240,3,0,131,189,136,4,0,0,0,137,157,136,4,0,0,15,133,203,3,0,0,141,133,148,4,0,0,80,255,149,169,15,0,6.0,7.0,3.0,0.429,-1,1,63.0,0
1,0,1,0,0,0,0,1,150699,4194304,4096,5,1,327680,71680,1024,161792,0,1048576,4096,4096,5,2,0.714,3,7,3,3,7,3,0,1,0,1,1,0,0.951,1,7,0.951,0.0,0,7.964,7.231,7.729,3.619,4.073,6.926,96,232,3,0,0,0,233,235,4,93,69,85,195,232,1,0,0,0,235,93,187,237,255,255,255,3,221,129,235,0,208,3,0,131,189,136,4,0,0,0,137,157,136,4,0,0,15,133,203,3,0,0,141,133,148,4,0,0,80,255,149,169,15,0,8.0,9.0,3.0,0.333,-1,1,63.0,0
1,0,1,0,0,0,0,1,82638,4194304,4096,5,1,155648,65536,1024,65024,0,1048576,4096,4096,5,2,0.714,3,7,3,3,7,3,0,1,0,1,1,0,0.688,1,7,0.875,0.0,0,7.959,6.714,0.999,3.63,3.79,5.835,96,232,3,0,0,0,233,235,4,93,69,85,195,232,1,0,0,0,235,93,187,237,255,255,255,3,221,129,235,0,48,2,0,131,189,136,4,0,0,0,137,157,136,4,0,0,15,133,203,3,0,0,141,133,148,4,0,0,80,255,149,169,15,0,6.0,7.0,3.0,0.429,-1,1,12.0,0
1,0,1,0,0,0,0,1,146279,4194304,4096,5,1,241664,80384,1024,135680,0,1048576,4096,4096,5,2,0.714,3,7,3,3,7,3,0,1,0,1,1,0,0.75,1,7,0.75,0.0,0,7.954,6.957,7.953,3.673,4.12,5.566,96,232,3,0,0,0,233,235,4,93,69,85,195,232,1,0,0,0,235,93,187,237,255,255,255,3,221,129,235,0,128,3,0,131,189,136,4,0,0,0,137,157,136,4,0,0,15,133,203,3,0,0,141,133,148,4,0,0,80,255,149,169,15,0,8.0,9.0,3.0,0.333,-1,1,21.0,0
1,0,1,0,0,0,0,1,99049,4194304,4096,5,1,217088,92160,1024,99840,0,1048576,4096,4096,5,2,0.714,3,7,3,3,7,3,0,1,0,1,1,0,0.875,1,7,0.875,0.0,0,7.961,6.773,1.931,3.578,3.428,5.163,96,232,3,0,0,0,233,235,4,93,69,85,195,232,1,0,0,0,235,93,187,237,255,255,255,3,221,129,235,0,32,3,0,131,189,136,4,0,0,0,137,157,136,4,0,0,15,133,203,3,0,0,141,133,148,4,0,0,80,255,149,169,15,0,6.0,7.0,3.0,0.429,-1,1,25.0,0
1,0,1,0,0,0,0,1,106116,4194304,4096,5,1,184320,64512,1024,95744,0,1048576,4096,4096,5,2,0.714,3,7,3,3,7,3,0,1,0,1,1,0,0.875,1,7,0.875,0.0,0,7.964,6.723,1.922,3.607,3.372,5.195,96,232,3,0,0,0,233,235,4,93,69,85,195,232,1,0,0,0,235,93,187,237,255,255,255,3,221,129,235,0,160,2,0,131,189,136,4,0,0,0,137,157,136,4,0,0,15,133,203,3,0,0,141,133,148,4,0,0,80,255,149,169,15,0,7.0,8.0,4.0,0.5,-1,1,25.0,0
1,0,1,0,0,0,0,1,304950,4194304,4096,5,1,655360,90112,1024,542720,0,1048576,4096,4096,5,2,0.714,3,7,3,3,7,3,0,1,0,1,1,0,0.688,1,7,0.688,0.0,0,7.963,7.269,7.969,3.59,4.12,5.846,96,232,3,0,0,0,233,235,4,93,69,85,195,232,1,0,0,0,235,93,187,237,255,255,255,3,221,129,235,0,208,9,0,131,189,136,4,0,0,0,137,157,136,4,0,0,15,133,203,3,0,0,141,133,148,4,0,0,80,255,149,169,15,0,6.0,7.0,3.0,0.429,-1,1,26.0,0
1,0,1,0,0,0,0,1,80068,4194304,4096,5,1,172032,74752,1024,66048,0,1048576,4096,4096,5,2,0.714,3,7,3,3,7,3,0,1,0,1,1,0,0.75,1,7,0.75,0.0,0,7.958,6.745,0.999,3.63,3.731,5.514,96,232,3,0,0,0,233,235,4,93,69,85,195,232,1,0,0,0,235,93,187,237,255,255,255,3,221,129,235,0,112,2,0,131,189,136,4,0,0,0,137,157,136,4,0,0,15,133,203,3,0,0,141,133,148,4,0,0,80,255,149,169,15,0,6.0,7.0,3.0,0.429,-1,1,12.0,0
1,0,1,0,0,0,0,1,100891,4194304,4096,10,0,98304,54272,1024,16896,0,262144,8192,4096,5,2,0.714,3,7,3,3,7,3,0,1,0,1,1,0,0.625,1,7,0.625,0.0,0,7.956,7.161,0.686,3.524,3.771,5.728,96,232,3,0,0,0,233,235,4,93,69,85,195,232,1,0,0,0,235,93,187,237,255,255,255,3,221,129,235,0,80,1,0,131,189,136,4,0,0,0,137,157,136,4,0,0,15,133,203,3,0,0,141,133,148,4,0,0,80,255,149,169,15,0,2.0,3.0,3.0,1.0,-1,1,7.0,0
1,0,1,0,0,0,0,1,71806,16777216,4096,6,1,86016,34304,1024,27136,0,262144,8192,4096,4,2,0.667,3,6,3,3,6,3,0,1,0,1,1,0,0.75,1,6,0.75,0.0,0,7.955,4.746,3.571,3.495,3.099,5.759,96,232,3,0,0,0,233,235,4,93,69,85,195,232,1,0,0,0,235,93,187,237,255,255,255,3,221,129,235,0,32,1,0,131,189,136,4,0,0,0,137,157,136,4,0,0,15,133,203,3,0,0,141,133,148,4,0,0,80,255,149,169,15,0,6.0,7.0,3.0,0.429,-1,1,18.0,0
1,0,1,0,0,0,0,1,90331,4194304,4096,5,1,188416,82432,1024,77824,0,1048576,4096,4096,5,2,0.714,3,7,3,3,7,3,0,1,0,1,1,0,0.688,1,7,0.688,0.0,0,7.96,7.548,0.995,3.746,3.953,5.841,96,232,3,0,0,0,233,235,4,93,69,85,195,232,1,0,0,0,235,93,187,237,255,255,255,3,221,129,235,0,176,2,0,131,189,136,4,0,0,0,137,157,136,4,0,0,15,133,203,3,0,0,141,133,148,4,0,0,80,255,149,169,15,0,6.0,7.0,3.0,0.429,-1,1,12.0,0
1,0,1,0,0,0,0,1,86020,4194304,4096,5,1,163840,67584,1024,66048,0,1048576,4096,4096,5,2,0.714,3,7,3,3,7,3,0,1,0,1,1,0,0.688,1,7,0.688,0.0,0,7.961,6.71,0.995,3.61,3.697,5.843,96,232,3,0,0,0,233,235,4,93,69,85,195,232,1,0,0,0,235,93,187,237,255,255,255,3,221,129,235,0,80,2,0,131,189,136,4,0,0,0,137,157,136,4,0,0,15,133,203,3,0,0,141,133,148,4,0,0,80,255,149,169,15,0,6.0,7.0,3.0,0.429,-1,1,12.0,0
1,0,1,0,0,0,0,1,546499,16777216,4096,6,1,1056768,99328,1024,487424,0,262144,8192,4096,4,2,0.667,3,6,3,3,6,3,0,1,0,1,1,0,0.998,1,6,0.998,0.0,0,7.964,6.753,7.646,3.653,3.817,6.061,96,232,3,0,0,0,233,235,4,93,69,85,195,232,1,0,0,0,235,93,187,237,255,255,255,3,221,129,235,0,32,9,0,131,189,136,4,0,0,0,137,157,136,4,0,0,15,133,203,3,0,0,141,133,148,4,0,0,80,255,149,169,15,0,12.0,13.0,3.0,0.231,-1,1,175.0,0
1,0,1,0,0,0,0,1,83755,4194304,4096,5,0,147456,66048,1024,43008,0,1048576,4096,4096,5,2,0.714,3,7,3,3,7,3,0,1,0,1,1,0,0.875,1,7,0.875,0.0,0,7.958,7.063,5.113,3.503,3.977,4.879,96,232,3,0,0,0,233,235,4,93,69,85,195,232,1,0,0,0,235,93,187,237,255,255,255,3,221,129,235,0,0,2,0,131,189,136,4,0,0,0,137,157,136,4,0,0,15,133,203,3,0,0,141,133,148,4,0,0,80,255,149,169,15,0,6.0,7.0,3.0,0.429,-1,1,62.0,0
1,0,1,0,0,0,0,1,100913,4194304,4096,6,0,167936,125952,1024,13312,0,1048576,8192,4096,5,2,0.714,3,7,3,3,7,3,0,1,0,1,1,0,0.75,1,7,0.75,0.0,0,7.964,7.157,1.525,3.742,4.364,5.895,96,232,3,0,0,0,233,235,4,93,69,85,195,232,1,0,0,0,235,93,187,237,255,255,255,3,221,129,235,0,96,2,0,131,189,136,4,0,0,0,137,157,136,4,0,0,15,133,203,3,0,0,141,133,148,4,0,0,80,255,149,169,15,0,6.0,7.0,3.0,0.429,-1,1,12.0,0
1,0,1,0,0,0,0,1,182934,4194304,4096,5,1,913408,92672,1024,799744,0,1048576,4096,4096,5,2,0.714,3,7,3,3,7,3,0,1,0,1,1,0,0.75,1,7,0.75,0.0,0,7.96,7.744,7.966,3.692,2.224,5.744,96,232,3,0,0,0,233,235,4,93,69,85,195,232,1,0,0,0,235,93,187,237,255,255,255,3,221,129,235,0,192,13,0,131,189,136,4,0,0,0,137,157,136,4,0,0,15,133,203,3,0,0,141,133,148,4,0,0,80,255,149,169,15,0,6.0,7.0,3.0,0.429,-1,1,20.0,0
1,0,0,0,0,0,0,1,1714470,4194304,4096,5,1,2859008,581632,1024,1533440,0,4194304,4096,4096,5,2,0.714,3,7,3,3,7,3,0,1,0,1,1,0,0.996,1,7,0.996,0.0,0,7.968,7.072,7.943,3.888,4.603,5.057,96,232,3,0,0,0,233,235,4,93,69,85,195,232,1,0,0,0,235,93,187,237,255,255,255,3,221,129,235,0,176,32,0,131,189,136,4,0,0,0,137,157,136,4,0,0,15,133,203,3,0,0,141,133,148,4,0,0,80,255,149,169,15,0,18.0,19.0,3.0,0.158,-1,1,934.0,0
1,0,1,0,0,0,0,1,182132,1255145472,4096,6,1,356352,142848,1024,158720,0,1048576,1036288,4096,4,2,0.667,3,6,3,3,6,3,0,1,0,1,1,0,0.913,1,6,0.913,0.0,0,7.966,7.241,2.95,3.574,3.024,4.372,96,232,3,0,0,0,233,235,4,93,69,85,195,232,1,0,0,0,235,93,187,237,255,255,255,3,221,129,235,0,192,4,0,131,189,136,4,0,0,0,137,157,136,4,0,0,15,133,203,3,0,0,141,133,148,4,0,0,80,255,149,169,15,0,4.0,5.0,3.0,0.6,-1,1,55.0,0
1,0,1,0,0,0,0,1,114288,4194304,4096,5,1,155648,65536,1024,65024,0,1048576,4096,4096,5,2,0.714,3,7,3,3,7,3,0,1,0,1,1,0,0.688,1,7,0.875,0.0,0,7.96,6.735,0.979,3.578,3.782,5.822,96,232,3,0,0,0,233,235,4,93,69,85,195,232,1,0,0,0,235,93,187,237,255,255,255,3,221,129,235,0,48,2,0,131,189,136,4,0,0,0,137,157,136,4,0,0,15,133,203,3,0,0,141,133,148,4,0,0,80,255,149,169,15,0,6.0,7.0,3.0,0.429,-1,1,12.0,0
1,0,1,0,0,0,0,1,390773,16777216,4096,6,1,880640,339456,1024,435712,0,262144,8192,4096,4,2,0.667,3,6,3,3,6,3,0,1,0,1,1,0,1.0,1,5,1.0,0.0,0,7.967,7.299,7.892,3.401,3.716,6.259,96,232,3,0,0,0,233,235,4,93,69,85,195,232,1,0,0,0,235,93,187,237,255,255,255,3,221,129,235,0,0,12,0,131,189,136,4,0,0,0,137,157,136,4,0,0,15,133,203,3,0,0,141,133,148,4,0,0,80,255,149,169,15,0,16.0,17.0,3.0,0.176,-1,1,313.0,0
1,0,1,0,0,0,0,1,1172014,4194304,4096,5,1,3084288,2148864,1024,899072,0,1048576,4096,4096,5,2,0.714,3,7,3,3,7,3,0,1,0,1,1,0,0.844,1,7,0.844,0.0,0,7.968,7.838,7.46,3.84,3.801,5.543,96,232,3,0,0,0,233,235,4,93,69,85,195,232,1,0,0,0,235,93,187,237,255,255,255,3,221,129,235,0,192,46,0,131,189,136,4,0,0,0,137,157,136,4,0,0,15,133,203,3,0,0,141,133,148,4,0,0,80,255,149,169,15,0,23.0,24.0,3.0,0.125,-1,1,171.0,0
1,0,1,0,0,0,0,1,327742,4194304,4096,5,1,761856,352768,1024,291328,0,1048576,4096,4096,5,2,0.714,3,7,3,3,7,3,0,1,0,1,1,0,0.979,1,7,0.979,0.0,0,7.967,7.418,4.741,3.975,3.271,4.751,96,232,3,0,0,0,233,235,4,93,69,85,195,232,1,0,0,0,235,93,187,237,255,255,255,3,221,129,235,0,16,10,0,131,189,136,4,0,0,0,137,157,136,4,0,0,15,133,203,3,0,0,141,133,148,4,0,0,80,255,149,169,15,0,15.0,16.0,3.0,0.188,-1,1,498.0,0
1,0,1,0,0,0,0,1,334145,4194304,4096,5,1,843776,424960,1024,303616,0,1048576,4096,4096,5,2,0.714,3,7,3,3,7,3,0,1,0,1,1,0,0.979,1,7,0.979,0.0,0,7.967,7.911,4.743,4.152,3.393,4.753,96,232,3,0,0,0,233,235,4,93,69,85,195,232,1,0,0,0,235,93,187,237,255,255,255,3,221,129,235,0,80,11,0,131,189,136,4,0,0,0,137,157,136,4,0,0,15,133,203,3,0,0,141,133,148,4,0,0,80,255,149,169,15,0,15.0,16.0,3.0,0.188,-1,1,498.0,0
1,0,1,0,0,0,0,1,104817,4194304,4096,5,1,155648,60928,1024,68608,0,1048576,4096,4096,5,2,0.714,3,7,3,3,7,3,0,1,0,1,1,0,0.75,1,7,0.75,0.0,0,7.95,7.132,4.355,3.495,3.815,5.848,96,232,3,0,0,0,233,235,4,93,69,85,195,232,1,0,0,0,235,93,187,237,255,255,255,3,221,129,235,0,48,2,0,131,189,136,4,0,0,0,137,157,136,4,0,0,15,133,203,3,0,0,141,133,148,4,0,0,80,255,149,169,15,0,6.0,7.0,3.0,0.429,-1,1,22.0,0
1,0,1,0,0,0,0,1,103412,4194304,4096,5,0,110592,53248,1024,26112,0,1048576,4096,4096,5,2,0.714,3,7,3,3,7,3,0,1,0,1,1,0,0.688,1,7,0.688,0.0,0,7.952,7.429,1.458,3.518,3.783,5.736,96,232,3,0,0,0,233,235,4,93,69,85,195,232,1,0,0,0,235,93,187,237,255,255,255,3,221,129,235,0,128,1,0,131,189,136,4,0,0,0,137,157,136,4,0,0,15,133,203,3,0,0,141,133,148,4,0,0,80,255,149,169,15,0,5.0,6.0,3.0,0.5,-1,1,12.0,0
1,0,1,0,0,0,0,1,125472,4194304,4096,6,0,208896,152064,1024,29696,0,1048576,8192,4096,5,2,0.714,3,7,3,3,7,3,0,1,0,1,1,0,0.75,1,7,0.75,0.0,0,7.967,7.466,1.12,3.726,4.179,5.548,96,232,3,0,0,0,233,235,4,93,69,85,195,232,1,0,0,0,235,93,187,237,255,255,255,3,221,129,235,0,0,3,0,131,189,136,4,0,0,0,137,157,136,4,0,0,15,133,203,3,0,0,141,133,148,4,0,0,80,255,149,169,15,0,6.0,7.0,3.0,0.429,-1,1,12.0,0
1,0,1,0,0,0,0,1,0,4194304,4096,5,1,19599360,10805760,4096,8640000,0,1048576,4096,4096,5,3,0.625,3,8,3,3,8,3,0,1,0,1,1,0,0.992,1,8,0.992,0.0,0,7.969,7.96,7.967,3.963,4.245,4.728,96,232,3,0,0,0,233,235,4,93,69,85,195,232,1,0,0,0,235,93,187,237,255,255,255,3,221,129,235,0,0,41,1,131,189,136,4,0,0,0,137,157,136,4,0,0,15,133,203,3,0,0,141,133,148,4,0,0,80,255,149,169,15,0,20.0,21.0,3.0,0.143,-1,1,47.0,0
1,0,1,0,0,0,0,1,203734,4194304,4096,6,2,241664,69120,1024,148480,0,262144,8192,4096,5,2,0.714,3,7,3,3,7,3,0,1,0,1,1,0,0.688,1,7,0.746,0.0,0,7.943,7.965,0.731,3.65,5.633,5.459,96,232,3,0,0,0,233,235,4,93,69,85,195,232,1,0,0,0,235,93,187,237,255,255,255,3,221,129,235,0,128,3,0,131,189,136,4,0,0,0,137,157,136,4,0,0,15,133,203,3,0,0,141,133,148,4,0,0,80,255,149,169,15,0,4.0,5.0,3.0,0.6,-1,1,7.0,0
1,0,1,0,0,0,0,1,667433,4194304,4096,5,1,4374528,301056,1024,4031488,0,1048576,4096,4096,5,2,0.714,3,7,3,3,7,3,0,1,0,1,1,0,0.825,1,7,0.825,0.0,0,7.967,7.923,7.961,3.781,1.664,5.69,96,232,3,0,0,0,233,235,4,93,69,85,195,232,1,0,0,0,235,93,187,237,255,255,255,3,221,129,235,0,96,66,0,131,189,136,4,0,0,0,137,157,136,4,0,0,15,133,203,3,0,0,141,133,148,4,0,0,80,255,149,169,15,0,13.0,14.0,3.0,0.214,-1,1,304.0,0
1,0,1,0,0,0,0,1,255679,4194304,4096,5,1,806912,116224,1024,667136,0,1048576,4096,4096,5,2,0.714,3,7,3,3,7,3,0,1,0,1,1,0,0.812,1,7,0.812,0.0,0,7.964,7.856,7.965,3.458,2.951,5.703,96,232,3,0,0,0,233,235,4,93,69,85,195,232,1,0,0,0,235,93,187,237,255,255,255,3,221,129,235,0,32,12,0,131,189,136,4,0,0,0,137,157,136,4,0,0,15,133,203,3,0,0,141,133,148,4,0,0,80,255,149,169,15,0,8.0,9.0,3.0,0.333,-1,1,21.0,0
1,0,1,0,0,0,0,1,111737,4194304,4096,5,0,110337,11264,1024,45056,0,1048576,4096,4096,4,1,0.8,2,4,2,2,4,2,0,1,0,1,1,0,0.554,3,4,1.011,0.0,0,0.0,0.0,5.227,3.789,3.764,6.033,85,139,236,129,236,96,1,0,0,83,86,100,161,48,0,0,0,137,133,112,255,255,255,139,141,112,255,255,255,139,81,12,137,85,172,139,69,172,139,72,12,139,81,40,137,85,204,199,69,176,0,0,0,0,199,69,148,0,0,0,0,139,69,176,-1,-1,-1,-1,-1,1,80.0,0
1,0,1,0,0,0,0,1,103759,4194304,4096,5,1,167681,29696,1024,28160,0,1048576,4096,4096,4,1,0.8,2,4,2,2,4,2,0,1,0,1,1,0,0.525,3,4,1.043,0.0,0,0.0,0.0,3.732,3.611,2.983,6.352,85,139,236,129,236,96,1,0,0,83,86,100,161,48,0,0,0,137,133,112,255,255,255,139,141,112,255,255,255,139,81,12,137,85,172,139,69,172,139,72,12,139,81,40,137,85,204,199,69,176,0,0,0,0,199,69,148,0,0,0,0,139,69,176,-1,-1,-1,-1,-1,1,26.0,0
1,0,1,0,0,0,0,1,2883154,4194304,4096,5,1,4472577,586240,1024,2263040,0,1048576,4096,4096,4,1,0.8,2,4,2,2,4,2,0,1,0,1,1,0,0.501,3,4,1.0,0.0,0,0.0,0.0,5.688,4.11,4.458,6.331,85,139,236,129,236,96,1,0,0,83,86,100,161,48,0,0,0,137,133,112,255,255,255,139,141,112,255,255,255,139,81,12,137,85,172,139,69,172,139,72,12,139,81,40,137,85,204,199,69,176,0,0,0,0,199,69,148,0,0,0,0,139,69,176,-1,-1,-1,-1,-1,1,48.0,0
1,0,1,0,0,0,0,1,189022,4194304,4096,5,1,388865,68096,1024,66048,0,1048576,4096,4096,4,1,0.8,2,4,2,2,4,2,0,1,0,1,1,0,0.51,3,4,1.157,0.0,0,0.0,0.0,3.746,3.893,2.896,6.2,85,139,236,129,236,96,1,0,0,83,86,100,161,48,0,0,0,137,133,112,255,255,255,139,141,112,255,255,255,139,81,12,137,85,172,139,69,172,139,72,12,139,81,40,137,85,204,199,69,176,0,0,0,0,199,69,148,0,0,0,0,139,69,176,-1,-1,-1,-1,-1,1,14.0,0
1,0,1,0,0,0,0,1,213969,4194304,4096,5,1,404225,73216,1024,66560,0,1048576,4096,4096,4,1,0.8,2,4,2,2,4,2,0,1,0,1,1,0,0.509,3,4,1.085,0.0,0,0.0,0.0,3.903,3.883,2.906,6.197,85,139,236,129,236,96,1,0,0,83,86,100,161,48,0,0,0,137,133,112,255,255,255,139,141,112,255,255,255,139,81,12,137,85,172,139,69,172,139,72,12,139,81,40,137,85,204,199,69,176,0,0,0,0,199,69,148,0,0,0,0,139,69,176,-1,-1,-1,-1,-1,1,14.0,0
1,0,1,0,0,0,0,1,89660,4194304,4096,5,0,56065,3072,1024,26112,0,1048576,4096,4096,4,1,0.8,2,4,2,2,4,2,0,1,0,1,1,0,0.627,3,4,1.014,0.0,0,0.0,0.0,3.396,3.738,3.225,5.896,85,139,236,129,236,96,1,0,0,83,86,100,161,48,0,0,0,137,133,112,255,255,255,139,141,112,255,255,255,139,81,12,137,85,172,139,69,172,139,72,12,139,81,40,137,85,204,199,69,176,0,0,0,0,199,69,148,0,0,0,0,139,69,176,-1,-1,-1,-1,-1,1,44.0,0
1,0,1,0,1,0,0,1,0,4194304,8192,4,0,421625,122368,512,37376,0,1048576,4096,8192,2,1,0.667,2,2,2,2,2,2,0,1,0,1,1,0,0.51,1,2,1.003,0.0,0,0.0,-1,6.644,2.551,3.654,7.257,85,139,236,129,236,96,1,0,0,83,86,100,161,48,0,0,0,137,133,112,255,255,255,139,141,112,255,255,255,139,81,12,137,85,172,139,69,172,139,72,12,139,81,40,137,85,204,199,69,176,0,0,0,0,199,69,148,0,0,0,0,139,69,176,-1,-1,-1,-1,-1,1,38.0,0
1,0,1,0,0,0,0,1,397800,4194304,4096,5,1,1059585,215552,1024,158720,0,1048576,4096,4096,4,1,0.8,2,4,2,2,4,2,0,1,0,1,1,0,0.504,3,4,1.153,0.0,0,0.0,0.0,4.409,3.978,2.944,6.182,85,139,236,129,236,96,1,0,0,83,86,100,161,48,0,0,0,137,133,112,255,255,255,139,141,112,255,255,255,139,81,12,137,85,172,139,69,172,139,72,12,139,81,40,137,85,204,199,69,176,0,0,0,0,199,69,148,0,0,0,0,139,69,176,-1,-1,-1,-1,-1,1,14.0,0
1,0,1,0,0,0,0,1,209923,4194304,4096,5,1,425729,75264,1024,72192,0,1048576,4096,4096,4,1,0.8,2,4,2,2,4,2,0,1,0,1,1,0,0.509,3,4,1.136,0.0,0,0.0,0.0,3.773,3.756,2.91,6.199,85,139,236,129,236,96,1,0,0,83,86,100,161,48,0,0,0,137,133,112,255,255,255,139,141,112,255,255,255,139,81,12,137,85,172,139,69,172,139,72,12,139,81,40,137,85,204,199,69,176,0,0,0,0,199,69,148,0,0,0,0,139,69,176,-1,-1,-1,-1,-1,1,14.0,0
1,0,1,0,0,0,0,1,188498,4194304,4096,5,1,403201,71168,1024,69120,0,1048576,4096,4096,4,1,0.8,2,4,2,2,4,2,0,1,0,1,1,0,0.51,3,4,1.326,0.0,0,0.0,0.0,3.294,3.895,2.882,6.121,85,139,236,129,236,96,1,0,0,83,86,100,161,48,0,0,0,137,133,112,255,255,255,139,141,112,255,255,255,139,81,12,137,85,172,139,69,172,139,72,12,139,81,40,137,85,204,199,69,176,0,0,0,0,199,69,148,0,0,0,0,139,69,176,-1,-1,-1,-1,-1,1,14.0,0
1,0,1,0,0,0,0,1,684753,4194304,4096,5,1,1144577,174080,1024,462336,0,1048576,4096,4096,4,1,0.8,2,4,2,2,4,2,0,1,0,1,1,0,0.505,3,4,1.0,0.0,0,0.0,0.0,5.99,3.988,4.238,6.375,85,139,236,129,236,96,1,0,0,83,86,100,161,48,0,0,0,137,133,112,255,255,255,139,141,112,255,255,255,139,81,12,137,85,172,139,69,172,139,72,12,139,81,40,137,85,204,199,69,176,0,0,0,0,199,69,148,0,0,0,0,139,69,176,-1,-1,-1,-1,-1,1,110.0,0
1,0,1,0,0,0,0,1,334620,4194304,4096,5,1,574209,86016,1024,195584,0,1048576,4096,4096,4,1,0.8,2,4,2,2,4,2,0,1,0,1,1,0,0.508,3,4,1.003,0.0,0,0.0,0.0,6.212,3.817,3.911,6.295,85,139,236,129,236,96,1,0,0,83,86,100,161,48,0,0,0,137,133,112,255,255,255,139,141,112,255,255,255,139,81,12,137,85,172,139,69,172,139,72,12,139,81,40,137,85,204,199,69,176,0,0,0,0,199,69,148,0,0,0,0,139,69,176,-1,-1,-1,-1,-1,1,20.0,0
1,0,1,0,0,0,0,1,266350,4194304,4096,6,0,715521,141824,1024,106496,0,1048576,4096,4096,4,1,0.8,2,4,2,2,4,2,0,1,0,1,1,0,0.505,3,4,1.085,0.0,0,0.0,0.0,3.893,3.779,2.924,6.177,85,139,236,129,236,96,1,0,0,83,86,100,161,48,0,0,0,137,133,112,255,255,255,139,141,112,255,255,255,139,81,12,137,85,172,139,69,172,139,72,12,139,81,40,137,85,204,199,69,176,0,0,0,0,199,69,148,0,0,0,0,139,69,176,-1,-1,-1,-1,-1,1,14.0,0
1,0,1,0,0,0,0,1,358026,4194304,4096,5,1,598785,93696,1024,195584,0,1048576,4096,4096,4,1,0.8,2,4,2,2,4,2,0,1,0,1,1,0,0.508,3,4,1.003,0.0,0,0.0,0.0,6.194,3.841,3.883,6.32,85,139,236,129,236,96,1,0,0,83,86,100,161,48,0,0,0,137,133,112,255,255,255,139,141,112,255,255,255,139,81,12,137,85,172,139,69,172,139,72,12,139,81,40,137,85,204,199,69,176,0,0,0,0,199,69,148,0,0,0,0,139,69,176,-1,-1,-1,-1,-1,1,20.0,0
1,0,1,0,0,0,0,1,381312,4194304,4096,5,1,845569,99840,1024,400896,0,1048576,4096,4096,4,1,0.8,2,4,2,2,4,2,0,1,0,1,1,0,0.507,3,4,1.002,0.0,0,0.0,0.0,6.198,3.856,3.251,6.168,85,139,236,129,236,96,1,0,0,83,86,100,161,48,0,0,0,137,133,112,255,255,255,139,141,112,255,255,255,139,81,12,137,85,172,139,69,172,139,72,12,139,81,40,137,85,204,199,69,176,0,0,0,0,199,69,148,0,0,0,0,139,69,176,-1,-1,-1,-1,-1,1,26.0,0
1,0,1,0,0,0,0,1,2229709,4194304,4096,5,1,3697409,585216,1024,1594368,0,1048576,4096,4096,4,1,0.8,2,4,2,2,4,2,0,1,0,1,1,0,0.502,3,4,1.0,0.0,0,0.0,0.0,5.938,4.285,4.318,6.278,85,139,236,129,236,96,1,0,0,83,86,100,161,48,0,0,0,137,133,112,255,255,255,139,141,112,255,255,255,139,81,12,137,85,172,139,69,172,139,72,12,139,81,40,137,85,204,199,69,176,0,0,0,0,199,69,148,0,0,0,0,139,69,176,-1,-1,-1,-1,-1,1,410.0,0
1,0,1,0,0,0,0,1,2736720,4194304,4096,5,1,4797185,763904,1024,1943552,0,1048576,4096,4096,4,1,0.8,2,4,2,2,4,2,0,1,0,1,1,0,0.501,3,4,1.0,0.0,0,0.0,0.0,5.832,4.175,4.195,6.255,85,139,236,129,236,96,1,0,0,83,86,100,161,48,0,0,0,137,133,112,255,255,255,139,141,112,255,255,255,139,81,12,137,85,172,139,69,172,139,72,12,139,81,40,137,85,204,199,69,176,0,0,0,0,199,69,148,0,0,0,0,139,69,176,-1,-1,-1,-1,-1,1,638.0,0
1,0,1,0,0,0,0,1,676564,4194304,4096,5,1,1212161,167424,1024,481280,0,1048576,4096,4096,4,1,0.8,2,4,2,2,4,2,0,1,0,1,1,0,0.504,3,4,1.001,0.0,0,0.0,0.0,5.915,4.026,4.058,6.12,85,139,236,129,236,96,1,0,0,83,86,100,161,48,0,0,0,137,133,112,255,255,255,139,141,112,255,255,255,139,81,12,137,85,172,139,69,172,139,72,12,139,81,40,137,85,204,199,69,176,0,0,0,0,199,69,148,0,0,0,0,139,69,176,-1,-1,-1,-1,-1,1,20.0,0
1,0,1,0,0,0,0,1,725100,4194304,4096,5,1,980737,116224,1024,558592,0,1048576,4096,4096,4,1,0.8,2,4,2,2,4,2,0,1,0,1,1,0,0.508,3,4,1.0,0.0,0,0.0,0.0,6.193,3.556,5.083,6.462,85,139,236,129,236,96,1,0,0,83,86,100,161,48,0,0,0,137,133,112,255,255,255,139,141,112,255,255,255,139,81,12,137,85,172,139,69,172,139,72,12,139,81,40,137,85,204,199,69,176,0,0,0,0,199,69,148,0,0,0,0,139,69,176,-1,-1,-1,-1,-1,1,106.0,0
1,0,1,0,0,0,0,1,179878,4194304,4096,5,1,385793,66560,1024,65536,0,1048576,4096,4096,4,1,0.8,2,4,2,2,4,2,0,1,0,1,1,0,0.51,3,4,1.097,0.0,0,0.0,0.0,3.858,3.837,2.879,6.168,85,139,236,129,236,96,1,0,0,83,86,100,161,48,0,0,0,137,133,112,255,255,255,139,141,112,255,255,255,139,81,12,137,85,172,139,69,172,139,72,12,139,81,40,137,85,204,199,69,176,0,0,0,0,199,69,148,0,0,0,0,139,69,176,-1,-1,-1,-1,-1,1,14.0,0
1,0,1,0,0,0,0,1,110763,16777216,4096,6,1,293629,60416,1024,54784,0,262144,8192,4096,3,1,0.75,2,3,2,2,3,2,0,1,0,1,1,0,0.514,2,3,1.074,0.0,0,0.0,0.0,3.761,3.665,2.759,5.831,85,139,236,129,236,96,1,0,0,83,86,100,161,48,0,0,0,137,133,112,255,255,255,139,141,112,255,255,255,139,81,12,137,85,172,139,69,172,139,72,12,139,81,40,137,85,204,199,69,176,0,0,0,0,199,69,148,0,0,0,0,139,69,176,-1,-1,-1,-1,-1,1,36.0,0
1,0,1,0,0,0,0,1,304493,4194304,4096,5,1,520961,79360,1024,161280,0,1048576,4096,4096,4,1,0.8,2,4,2,2,4,2,0,1,0,1,1,0,0.509,3,4,1.004,0.0,0,0.0,0.0,6.847,3.815,3.855,6.298,85,139,236,129,236,96,1,0,0,83,86,100,161,48,0,0,0,137,133,112,255,255,255,139,141,112,255,255,255,139,81,12,137,85,172,139,69,172,139,72,12,139,81,40,137,85,204,199,69,176,0,0,0,0,199,69,148,0,0,0,0,139,69,176,-1,-1,-1,-1,-1,1,74.0,0
1,0,1,0,0,0,0,1,279762,4194304,4096,5,1,498433,71680,1024,161792,0,1048576,4096,4096,4,1,0.8,2,4,2,2,4,2,0,1,0,1,1,0,0.509,3,4,1.003,0.0,0,0.0,0.0,6.847,3.845,3.873,6.226,85,139,236,129,236,96,1,0,0,83,86,100,161,48,0,0,0,137,133,112,255,255,255,139,141,112,255,255,255,139,81,12,137,85,172,139,69,172,139,72,12,139,81,40,137,85,204,199,69,176,0,0,0,0,199,69,148,0,0,0,0,139,69,176,-1,-1,-1,-1,-1,1,74.0,0
1,0,1,0,0,0,0,1,235329,16777216,4096,6,1,291581,43008,1024,140288,0,262144,69632,4096,3,1,0.75,2,3,2,2,3,2,0,1,0,1,1,0,0.525,2,3,1.001,0.0,0,0.0,0.0,7.105,3.675,5.069,6.142,85,139,236,129,236,96,1,0,0,83,86,100,161,48,0,0,0,137,133,112,255,255,255,139,141,112,255,255,255,139,81,12,137,85,172,139,69,172,139,72,12,139,81,40,137,85,204,199,69,176,0,0,0,0,199,69,148,0,0,0,0,139,69,176,-1,-1,-1,-1,-1,1,86.0,0
1,0,1,0,0,0,0,1,29640,16777216,4096,6,1,91901,10240,1024,48640,0,262144,8192,4096,3,1,0.75,2,3,2,2,3,2,0,1,0,1,1,0,0.592,2,3,1.217,0.0,0,0.0,0.0,3.863,3.573,1.843,6.405,85,139,236,129,236,96,1,0,0,83,86,100,161,48,0,0,0,137,133,112,255,255,255,139,141,112,255,255,255,139,81,12,137,85,172,139,69,172,139,72,12,139,81,40,137,85,204,199,69,176,0,0,0,0,199,69,148,0,0,0,0,139,69,176,-1,-1,-1,-1,-1,1,20.0,0
1,0,1,0,0,0,0,1,198807,4194304,4096,5,1,378625,65536,1024,65024,0,1048576,4096,4096,4,1,0.8,2,4,2,2,4,2,0,1,0,1,1,0,0.51,3,4,1.129,0.0,0,0.0,0.0,3.77,3.866,2.916,6.222,85,139,236,129,236,96,1,0,0,83,86,100,161,48,0,0,0,137,133,112,255,255,255,139,141,112,255,255,255,139,81,12,137,85,172,139,69,172,139,72,12,139,81,40,137,85,204,199,69,176,0,0,0,0,199,69,148,0,0,0,0,139,69,176,-1,-1,-1,-1,-1,1,14.0,0
1,0,0,0,0,0,0,1,1451015,16777216,4096,6,1,3394301,998912,1024,402432,0,262144,81200,4096,3,1,0.75,2,3,2,2,3,2,0,1,0,1,1,0,0.501,2,3,1.0,0.0,0,0.0,0.0,6.168,4.031,3.387,6.302,85,139,236,129,236,96,1,0,0,83,86,100,161,48,0,0,0,137,133,112,255,255,255,139,141,112,255,255,255,139,81,12,137,85,172,139,69,172,139,72,12,139,81,40,137,85,204,199,69,176,0,0,0,0,199,69,148,0,0,0,0,139,69,176,-1,-1,-1,-1,-1,1,208.0,0
1,0,1,0,1,0,0,1,106373,4194304,8192,4,0,144121,36864,4096,16384,0,1048576,4096,8192,2,1,0.667,2,2,2,2,2,2,0,1,0,1,1,0,0.531,1,2,1.102,0.0,0,0.0,-1,4.537,2.593,2.938,5.875,85,139,236,129,236,96,1,0,0,83,86,100,161,48,0,0,0,137,133,112,255,255,255,139,141,112,255,255,255,139,81,12,137,85,172,139,69,172,139,72,12,139,81,40,137,85,204,199,69,176,0,0,0,0,199,69,148,0,0,0,0,139,69,176,-1,-1,-1,-1,-1,1,38.0,0
1,0,1,0,0,0,0,1,243861,4194304,4096,5,1,503553,80384,1024,135680,0,1048576,4096,4096,4,1,0.8,2,4,2,2,4,2,0,1,0,1,1,0,0.509,3,4,1.004,0.0,0,0.0,0.0,6.238,3.866,3.538,6.238,85,139,236,129,236,96,1,0,0,83,86,100,161,48,0,0,0,137,133,112,255,255,255,139,141,112,255,255,255,139,81,12,137,85,172,139,69,172,139,72,12,139,81,40,137,85,204,199,69,176,0,0,0,0,199,69,148,0,0,0,0,139,69,176,-1,-1,-1,-1,-1,1,24.0,0
1,0,1,0,0,0,0,1,218619,4194304,4096,5,1,497409,92160,1024,99840,0,1048576,4096,4096,4,1,0.8,2,4,2,2,4,2,0,1,0,1,1,0,0.508,3,4,1.167,0.0,0,0.0,0.0,3.117,3.782,2.732,6.16,85,139,236,129,236,96,1,0,0,83,86,100,161,48,0,0,0,137,133,112,255,255,255,139,141,112,255,255,255,139,81,12,137,85,172,139,69,172,139,72,12,139,81,40,137,85,204,199,69,176,0,0,0,0,199,69,148,0,0,0,0,139,69,176,-1,-1,-1,-1,-1,1,30.0,0
1,0,1,0,0,0,0,1,157809,4194304,4096,5,1,402177,64512,1024,95744,0,1048576,4096,4096,4,1,0.8,2,4,2,2,4,2,0,1,0,1,1,0,0.51,3,4,1.167,0.0,0,0.0,0.0,3.11,3.834,2.737,6.178,85,139,236,129,236,96,1,0,0,83,86,100,161,48,0,0,0,137,133,112,255,255,255,139,141,112,255,255,255,139,81,12,137,85,172,139,69,172,139,72,12,139,81,40,137,85,204,199,69,176,0,0,0,0,199,69,148,0,0,0,0,139,69,176,-1,-1,-1,-1,-1,1,30.0,0
1,0,1,0,0,0,0,1,664956,4194304,4096,5,1,951041,90112,1024,542720,0,1048576,4096,4096,4,1,0.8,2,4,2,2,4,2,0,1,0,1,1,0,0.508,3,4,1.001,0.0,0,0.0,0.0,6.261,3.84,4.896,6.218,85,139,236,129,236,96,1,0,0,83,86,100,161,48,0,0,0,137,133,112,255,255,255,139,141,112,255,255,255,139,81,12,137,85,172,139,69,172,139,72,12,139,81,40,137,85,204,199,69,176,0,0,0,0,199,69,148,0,0,0,0,139,69,176,-1,-1,-1,-1,-1,1,30.0,0
1,0,1,0,0,0,0,1,450058,4194304,4096,5,1,783105,113664,1024,302592,0,1048576,4096,4096,4,1,0.8,2,4,2,2,4,2,0,1,0,1,1,0,0.507,3,4,1.001,0.0,0,0.0,0.0,6.096,3.875,4.108,6.327,85,139,236,129,236,96,1,0,0,83,86,100,161,48,0,0,0,137,133,112,255,255,255,139,141,112,255,255,255,139,81,12,137,85,172,139,69,172,139,72,12,139,81,40,137,85,204,199,69,176,0,0,0,0,199,69,148,0,0,0,0,139,69,176,-1,-1,-1,-1,-1,1,20.0,0
1,0,1,0,0,0,0,1,121485,4194304,4096,5,0,133889,19968,1024,36864,0,1048576,4096,4096,4,1,0.8,2,4,2,2,4,2,0,1,0,1,1,0,0.536,3,4,1.015,0.0,0,0.0,0.0,3.947,3.835,3.184,6.041,85,139,236,129,236,96,1,0,0,83,86,100,161,48,0,0,0,137,133,112,255,255,255,139,141,112,255,255,255,139,81,12,137,85,172,139,69,172,139,72,12,139,81,40,137,85,204,199,69,176,0,0,0,0,199,69,148,0,0,0,0,139,69,176,-1,-1,-1,-1,-1,1,44.0,0
1,0,1,0,0,0,0,1,182227,4194304,4096,5,1,410369,74752,1024,66048,0,1048576,4096,4096,4,1,0.8,2,4,2,2,4,2,0,1,0,1,1,0,0.509,3,4,1.11,0.0,0,0.0,0.0,3.83,3.827,2.911,6.241,85,139,236,129,236,96,1,0,0,83,86,100,161,48,0,0,0,137,133,112,255,255,255,139,141,112,255,255,255,139,81,12,137,85,172,139,69,172,139,72,12,139,81,40,137,85,204,199,69,176,0,0,0,0,199,69,148,0,0,0,0,139,69,176,-1,-1,-1,-1,-1,1,14.0,0
1,0,1,0,0,0,0,1,1174185,4194304,4096,6,0,3079937,822784,1024,321536,0,1048576,4096,4096,4,1,0.8,2,4,2,2,4,2,0,1,0,1,1,0,0.501,3,4,1.002,0.0,0,0.0,0.0,3.044,4.423,3.135,6.516,85,139,236,129,236,96,1,0,0,83,86,100,161,48,0,0,0,137,133,112,255,255,255,139,141,112,255,255,255,139,81,12,137,85,172,139,69,172,139,72,12,139,81,40,137,85,204,199,69,176,0,0,0,0,199,69,148,0,0,0,0,139,69,176,-1,-1,-1,-1,-1,1,116.0,0
1,0,1,0,0,0,0,1,107858,16777216,4096,6,1,145149,34304,1024,27136,0,262144,8192,4096,3,1,0.75,2,3,2,2,3,2,0,1,0,1,1,0,0.532,2,3,1.032,0.0,0,0.0,0.0,4.312,3.67,2.658,6.424,85,139,236,129,236,96,1,0,0,83,86,100,161,48,0,0,0,137,133,112,255,255,255,139,141,112,255,255,255,139,81,12,137,85,172,139,69,172,139,72,12,139,81,40,137,85,204,199,69,176,0,0,0,0,199,69,148,0,0,0,0,139,69,176,-1,-1,-1,-1,-1,1,20.0,0
1,0,1,0,0,0,0,1,84117,4194304,4096,5,1,193281,38400,1024,24064,0,1048576,4096,4096,4,1,0.8,2,4,2,2,4,2,0,1,0,1,1,0,0.521,3,4,1.171,0.0,0,0.0,0.0,4.463,3.491,2.846,6.239,85,139,236,129,236,96,1,0,0,83,86,100,161,48,0,0,0,137,133,112,255,255,255,139,141,112,255,255,255,139,81,12,137,85,172,139,69,172,139,72,12,139,81,40,137,85,204,199,69,176,0,0,0,0,199,69,148,0,0,0,0,139,69,176,-1,-1,-1,-1,-1,1,14.0,0
1,0,1,0,0,0,0,1,180060,4194304,4096,5,1,462593,82432,1024,77824,0,1048576,4096,4096,4,1,0.8,2,4,2,2,4,2,0,1,0,1,1,0,0.508,3,4,1.143,0.0,0,0.0,0.0,3.776,3.961,2.928,6.234,85,139,236,129,236,96,1,0,0,83,86,100,161,48,0,0,0,137,133,112,255,255,255,139,141,112,255,255,255,139,81,12,137,85,172,139,69,172,139,72,12,139,81,40,137,85,204,199,69,176,0,0,0,0,199,69,148,0,0,0,0,139,69,176,-1,-1,-1,-1,-1,1,14.0,0
1,0,1,0,1,0,0,1,71814,4194304,8192,4,0,70393,8192,512,27648,0,1048576,4096,8192,2,1,0.667,2,2,2,2,2,2,0,1,0,1,1,0,0.614,1,2,1.001,0.0,0,0.0,-1,5.793,2.569,4.134,5.927,85,139,236,129,236,96,1,0,0,83,86,100,161,48,0,0,0,137,133,112,255,255,255,139,141,112,255,255,255,139,81,12,137,85,172,139,69,172,139,72,12,139,81,40,137,85,204,199,69,176,0,0,0,0,199,69,148,0,0,0,0,139,69,176,-1,-1,-1,-1,-1,1,58.0,0
1,0,1,0,0,0,0,1,182879,4194304,4096,5,1,387841,67584,1024,66048,0,1048576,4096,4096,4,1,0.8,2,4,2,2,4,2,0,1,0,1,1,0,0.51,3,4,1.143,0.0,0,0.0,0.0,3.776,3.841,2.905,6.213,85,139,236,129,236,96,1,0,0,83,86,100,161,48,0,0,0,137,133,112,255,255,255,139,141,112,255,255,255,139,81,12,137,85,172,139,69,172,139,72,12,139,81,40,137,85,204,199,69,176,0,0,0,0,199,69,148,0,0,0,0,139,69,176,-1,-1,-1,-1,-1,1,14.0,0
1,0,1,0,0,0,0,1,7198898,4194304,4096,5,0,9916161,248832,1024,6877696,0,1048576,4096,4096,4,1,0.8,2,4,2,2,4,2,0,1,0,1,1,0,0.501,3,4,1.0,0.0,0,0.0,0.0,2.104,3.56,2.093,2.114,85,139,236,129,236,96,1,0,0,83,86,100,161,48,0,0,0,137,133,112,255,255,255,139,141,112,255,255,255,139,81,12,137,85,172,139,69,172,139,72,12,139,81,40,137,85,204,199,69,176,0,0,0,0,199,69,148,0,0,0,0,139,69,176,-1,-1,-1,-1,-1,1,82.0,0
1,0,1,0,0,0,0,1,594129,16777216,4096,6,1,803581,99328,1024,487424,0,262144,8192,4096,3,1,0.75,2,3,2,2,3,2,0,1,0,1,1,0,0.511,2,3,1.001,0.0,0,0.0,0.0,6.15,3.827,5.102,6.837,85,139,236,129,236,96,1,0,0,83,86,100,161,48,0,0,0,137,133,112,255,255,255,139,141,112,255,255,255,139,81,12,137,85,172,139,69,172,139,72,12,139,81,40,137,85,204,199,69,176,0,0,0,0,199,69,148,0,0,0,0,139,69,176,-1,-1,-1,-1,-1,1,226.0,0
1,0,1,0,0,0,0,1,154549,4194304,4096,5,0,315137,66048,1024,43008,0,1048576,4096,4096,4,1,0.8,2,4,2,2,4,2,0,1,0,1,1,0,0.513,3,4,1.007,0.0,0,0.0,0.0,3.691,3.564,3.099,6.63,85,139,236,129,236,96,1,0,0,83,86,100,161,48,0,0,0,137,133,112,255,255,255,139,141,112,255,255,255,139,81,12,137,85,172,139,69,172,139,72,12,139,81,40,137,85,204,199,69,176,0,0,0,0,199,69,148,0,0,0,0,139,69,176,-1,-1,-1,-1,-1,1,76.0,0
1,0,1,0,1,0,0,1,0,4194304,8192,4,0,109305,27648,512,6144,0,1048576,4096,8192,2,1,0.667,2,2,2,2,2,2,0,1,0,1,1,0,0.54,1,2,1.026,0.0,0,0.0,-1,5.281,2.532,3.074,6.516,85,139,236,129,236,96,1,0,0,83,86,100,161,48,0,0,0,137,133,112,255,255,255,139,141,112,255,255,255,139,81,12,137,85,172,139,69,172,139,72,12,139,81,40,137,85,204,199,69,176,0,0,0,0,199,69,148,0,0,0,0,139,69,176,-1,-1,-1,-1,-1,1,26.0,0
1,0,1,0,0,0,0,1,892335,4194304,4096,5,1,1695489,92672,1024,799744,0,1048576,4096,4096,4,1,0.8,2,4,2,2,4,2,0,1,0,1,1,0,0.503,3,4,1.001,0.0,0,0.0,0.0,3.453,3.836,2.53,3.02,85,139,236,129,236,96,1,0,0,83,86,100,161,48,0,0,0,137,133,112,255,255,255,139,141,112,255,255,255,139,81,12,137,85,172,139,69,172,139,72,12,139,81,40,137,85,204,199,69,176,0,0,0,0,199,69,148,0,0,0,0,139,69,176,-1,-1,-1,-1,-1,1,24.0,0
1,0,0,0,0,0,0,1,1627718,4194304,4096,5,1,3711745,581632,1024,1533440,0,4194304,4096,4096,4,1,0.8,2,4,2,2,4,2,0,1,0,1,1,0,0.502,3,4,1.0,0.0,0,0.0,0.0,6.517,4.096,4.514,6.538,85,139,236,129,236,96,1,0,0,83,86,100,161,48,0,0,0,137,133,112,255,255,255,139,141,112,255,255,255,139,81,12,137,85,172,139,69,172,139,72,12,139,81,40,137,85,204,199,69,176,0,0,0,0,199,69,148,0,0,0,0,139,69,176,-1,-1,-1,-1,-1,1,1230.0,0
1,0,1,0,0,0,0,1,359229,1255145472,4096,6,1,828157,142848,1024,158720,0,1048576,1036288,4096,3,1,0.75,2,3,2,2,3,2,0,1,0,1,1,0,0.505,2,3,1.013,0.0,0,0.0,0.0,4.001,3.828,2.491,4.513,85,139,236,129,236,96,1,0,0,83,86,100,161,48,0,0,0,137,133,112,255,255,255,139,141,112,255,255,255,139,81,12,137,85,172,139,69,172,139,72,12,139,81,40,137,85,204,199,69,176,0,0,0,0,199,69,148,0,0,0,0,139,69,176,-1,-1,-1,-1,-1,1,68.0,0
1,0,1,0,0,0,0,1,154163,4194304,4096,5,1,378625,65536,1024,65024,0,1048576,4096,4096,4,1,0.8,2,4,2,2,4,2,0,1,0,1,1,0,0.51,3,4,1.171,0.0,0,0.0,0.0,3.683,3.796,2.858,6.115,85,139,236,129,236,96,1,0,0,83,86,100,161,48,0,0,0,137,133,112,255,255,255,139,141,112,255,255,255,139,81,12,137,85,172,139,69,172,139,72,12,139,81,40,137,85,204,199,69,176,0,0,0,0,199,69,148,0,0,0,0,139,69,176,-1,-1,-1,-1,-1,1,14.0,0
1,0,1,0,0,0,0,1,834864,16777216,4096,6,1,1487613,339456,1024,435712,0,262144,8192,4096,3,1,0.75,2,3,2,2,3,2,0,1,0,1,1,0,0.503,2,3,1.0,0.0,0,0.0,0.0,7.379,3.557,4.502,6.208,85,139,236,129,236,96,1,0,0,83,86,100,161,48,0,0,0,137,133,112,255,255,255,139,141,112,255,255,255,139,81,12,137,85,172,139,69,172,139,72,12,139,81,40,137,85,204,199,69,176,0,0,0,0,199,69,148,0,0,0,0,139,69,176,-1,-1,-1,-1,-1,1,382.0,0
1,0,1,0,0,0,0,1,3027784,4194304,4096,5,1,8412929,2148864,1024,899072,0,1048576,4096,4096,4,1,0.8,2,4,2,2,4,2,0,1,0,1,1,0,0.5,3,4,1.005,0.0,0,0.0,0.0,4.852,4.068,3.061,6.432,85,139,236,129,236,96,1,0,0,83,86,100,161,48,0,0,0,137,133,112,255,255,255,139,141,112,255,255,255,139,81,12,137,85,172,139,69,172,139,72,12,139,81,40,137,85,204,199,69,176,0,0,0,0,199,69,148,0,0,0,0,139,69,176,-1,-1,-1,-1,-1,1,182.0,0
1,0,1,0,0,0,0,1,682666,4194304,4096,5,1,1636097,352768,1024,291328,0,1048576,4096,4096,4,1,0.8,2,4,2,2,4,2,0,1,0,1,1,0,0.502,3,4,1.001,0.0,0,0.0,0.0,4.566,4.241,3.078,6.178,85,139,236,129,236,96,1,0,0,83,86,100,161,48,0,0,0,137,133,112,255,255,255,139,141,112,255,255,255,139,81,12,137,85,172,139,69,172,139,72,12,139,81,40,137,85,204,199,69,176,0,0,0,0,199,69,148,0,0,0,0,139,69,176,-1,-1,-1,-1,-1,1,636.0,0
1,0,1,0,0,0,0,1,776609,4194304,4096,5,1,1870593,424960,1024,303616,0,1048576,4096,4096,4,1,0.8,2,4,2,2,4,2,0,1,0,1,1,0,0.502,3,4,1.001,0.0,0,0.0,0.0,4.566,4.425,3.087,6.232,85,139,236,129,236,96,1,0,0,83,86,100,161,48,0,0,0,137,133,112,255,255,255,139,141,112,255,255,255,139,81,12,137,85,172,139,69,172,139,72,12,139,81,40,137,85,204,199,69,176,0,0,0,0,199,69,148,0,0,0,0,139,69,176,-1,-1,-1,-1,-1,1,636.0,0
1,0,1,0,0,0,0,1,177326,4194304,4096,5,1,368385,60928,1024,68608,0,1048576,4096,4096,4,1,0.8,2,4,2,2,4,2,0,1,0,1,1,0,0.51,3,4,1.082,0.0,0,0.0,0.0,3.918,3.655,2.901,6.138,85,139,236,129,236,96,1,0,0,83,86,100,161,48,0,0,0,137,133,112,255,255,255,139,141,112,255,255,255,139,81,12,137,85,172,139,69,172,139,72,12,139,81,40,137,85,204,199,69,176,0,0,0,0,199,69,148,0,0,0,0,139,69,176,-1,-1,-1,-1,-1,1,24.0,0
1,0,1,0,0,0,0,1,2470825,4194304,4096,5,1,5307137,301056,1024,4031488,0,1048576,4096,4096,4,1,0.8,2,4,2,2,4,2,0,1,0,1,1,0,0.502,3,4,1.0,0.0,0,0.0,0.0,5.741,3.916,3.371,5.677,85,139,236,129,236,96,1,0,0,83,86,100,161,48,0,0,0,137,133,112,255,255,255,139,141,112,255,255,255,139,81,12,137,85,172,139,69,172,139,72,12,139,81,40,137,85,204,199,69,176,0,0,0,0,199,69,148,0,0,0,0,139,69,176,-1,-1,-1,-1,-1,1,326.0,0
1,0,1,0,0,0,0,1,814043,4194304,4096,5,1,1457921,116224,1024,667136,0,1048576,4096,4096,4,1,0.8,2,4,2,2,4,2,0,1,0,1,1,0,0.504,3,4,1.001,0.0,0,0.0,0.0,4.702,3.67,3.228,4.31,85,139,236,129,236,96,1,0,0,83,86,100,161,48,0,0,0,137,133,112,255,255,255,139,141,112,255,255,255,139,81,12,137,85,172,139,69,172,139,72,12,139,81,40,137,85,204,199,69,176,0,0,0,0,199,69,148,0,0,0,0,139,69,176,-1,-1,-1,-1,-1,1,24.0,0
0,0,0,0,0,0,0,1,0,4194304,4096,5,0,3211264,1314304,4096,1852416,0,1048576,4096,4096,1,4,0.2,0,5,0,0,5,0,0,0,1,1,1,1,0.389,0,5,0.999,0.25,0,-1,-1,7.062,3.608,5.741,7.835,232,3,0,0,0,235,1,194,187,85,0,0,0,232,3,0,0,0,235,1,232,232,143,0,0,0,232,3,0,0,0,235,1,194,232,130,0,0,0,232,3,0,0,0,235,1,232,232,184,0,0,0,232,3,0,0,0,235,1,194,232,171,0,0,1.0,1.0,2.0,2.0,-1,1,2024.0,0
0,0,0,0,0,0,0,0,183745,4194304,4096,4,0,167936,58368,1024,52736,0,1048576,4096,4096,1,4,0.2,0,5,0,0,5,0,0,0,1,1,1,1,0.389,0,5,0.906,0.125,0,-1,-1,5.519,3.688,4.76,7.872,232,3,0,0,0,235,1,233,187,85,0,0,0,232,3,0,0,0,235,1,233,232,143,0,0,0,232,3,0,0,0,235,1,233,232,130,0,0,0,232,3,0,0,0,235,1,232,232,184,0,0,0,232,3,0,0,0,235,1,194,232,171,0,0,1.0,1.0,2.0,2.0,-1,1,180.0,0
0,0,0,0,0,0,0,1,318572,4194304,4096,5,0,352256,237568,1024,55296,0,1048576,4096,4096,1,4,0.2,0,5,0,0,5,0,0,0,1,1,1,1,0.389,0,5,0.792,0.125,0,-1,-1,4.655,3.509,4.564,7.879,232,3,0,0,0,235,1,233,187,85,0,0,0,232,3,0,0,0,235,1,233,232,143,0,0,0,232,3,0,0,0,235,1,194,232,130,0,0,0,232,3,0,0,0,235,1,232,232,184,0,0,0,232,3,0,0,0,235,1,232,232,171,0,0,1.0,1.0,2.0,2.0,-1,1,112.0,0
0,0,0,0,0,0,0,1,200333,4194304,4096,5,0,249856,133120,1024,59392,0,1048576,4096,4096,1,4,0.2,0,5,0,0,5,0,0,0,1,1,1,1,0.389,0,5,0.938,0.214,0,-1,-1,5.757,3.666,4.531,7.889,232,3,0,0,0,235,1,232,187,85,0,0,0,232,3,0,0,0,235,1,194,232,143,0,0,0,232,3,0,0,0,235,1,194,232,130,0,0,0,232,3,0,0,0,235,1,232,232,184,0,0,0,232,3,0,0,0,235,1,233,232,171,0,0,1.0,1.0,2.0,2.0,-1,1,118.0,0
0,0,0,0,0,0,0,0,149356,4194304,4096,4,0,151552,54784,1024,39936,0,1048576,4096,4096,1,4,0.2,0,5,0,0,5,0,0,0,1,1,1,1,0.389,0,5,0.875,0.125,0,-1,-1,5.257,3.749,4.729,7.887,232,3,0,0,0,235,1,232,187,85,0,0,0,232,3,0,0,0,235,1,233,232,143,0,0,0,232,3,0,0,0,235,1,232,232,130,0,0,0,232,3,0,0,0,235,1,194,232,184,0,0,0,232,3,0,0,0,235,1,232,232,171,0,0,1.0,1.0,2.0,2.0,-1,1,172.0,0
0,0,1,0,0,0,0,1,172037,4194304,4096,5,1,176128,64512,1024,62464,0,1048576,4096,4096,1,4,0.2,0,5,0,0,5,0,0,0,1,1,1,1,0.389,0,5,0.539,0.125,0,-1,-1,3.811,3.81,4.106,7.888,232,3,0,0,0,235,1,194,187,85,0,0,0,232,3,0,0,0,235,1,194,232,143,0,0,0,232,3,0,0,0,235,1,232,232,130,0,0,0,232,3,0,0,0,235,1,233,232,184,0,0,0,232,3,0,0,0,235,1,194,232,171,0,0,1.0,1.0,2.0,2.0,-1,1,14.0,0
0,0,0,0,0,0,0,0,0,4194304,4096,4,0,147456,58880,4096,35328,0,1048576,4096,4096,1,4,0.2,0,5,0,0,5,0,0,0,1,1,1,1,0.389,0,5,0.95,0.062,0,-1,-1,7.18,3.56,4.842,7.619,232,3,0,0,0,235,1,233,187,85,0,0,0,232,3,0,0,0,235,1,233,232,143,0,0,0,232,3,0,0,0,235,1,232,232,130,0,0,0,232,3,0,0,0,235,1,233,232,184,0,0,0,232,3,0,0,0,235,1,232,232,171,0,0,1.0,1.0,2.0,2.0,-1,1,156.0,0
0,0,0,0,0,0,0,0,119154,4194304,4096,4,0,135168,49152,4096,45056,0,1048576,4096,4096,1,4,0.2,0,5,0,0,5,0,0,0,1,1,1,1,0.444,0,4,1.0,0.333,0,-1,-1,3.924,3.53,4.932,7.187,232,3,0,0,0,235,1,194,187,85,0,0,0,232,3,0,0,0,235,1,232,232,143,0,0,0,232,3,0,0,0,235,1,233,232,130,0,0,0,232,3,0,0,0,235,1,232,232,184,0,0,0,232,3,0,0,0,235,1,194,232,171,0,0,1.0,1.0,2.0,2.0,-1,1,44.0,0
0,0,0,0,0,0,0,0,305536,4194304,4096,4,0,299008,94208,4096,163840,0,1048576,4096,4096,1,4,0.2,0,5,0,0,5,0,0,0,1,1,1,1,0.444,0,4,1.0,0.161,0,-1,-1,4.296,3.909,3.854,7.297,232,3,0,0,0,235,1,233,187,85,0,0,0,232,3,0,0,0,235,1,232,232,143,0,0,0,232,3,0,0,0,235,1,233,232,130,0,0,0,232,3,0,0,0,235,1,232,232,184,0,0,0,232,3,0,0,0,235,1,233,232,171,0,0,1.0,1.0,2.0,2.0,-1,1,152.0,0
0,0,0,0,0,0,0,0,0,4194304,4096,4,0,200704,95744,4096,53760,0,1048576,4096,4096,1,4,0.2,0,5,0,0,5,0,0,0,1,1,1,1,0.389,0,5,0.958,0.062,0,-1,-1,4.198,3.532,4.892,7.901,232,3,0,0,0,235,1,233,187,85,0,0,0,232,3,0,0,0,235,1,194,232,143,0,0,0,232,3,0,0,0,235,1,232,232,130,0,0,0,232,3,0,0,0,235,1,232,232,184,0,0,0,232,3,0,0,0,235,1,232,232,171,0,0,1.0,1.0,2.0,2.0,-1,1,168.0,0
0,0,1,0,0,0,0,1,178618,4194304,4096,5,1,184320,69120,1024,65024,0,1048576,4096,4096,1,4,0.2,0,5,0,0,5,0,0,0,1,1,1,1,0.389,0,5,0.544,0.125,0,-1,-1,3.757,3.811,4.098,7.895,232,3,0,0,0,235,1,233,187,85,0,0,0,232,3,0,0,0,235,1,233,232,143,0,0,0,232,3,0,0,0,235,1,194,232,130,0,0,0,232,3,0,0,0,235,1,233,232,184,0,0,0,232,3,0,0,0,235,1,194,232,171,0,0,1.0,1.0,2.0,2.0,-1,1,14.0,0
0,0,1,0,0,0,0,1,138903,4194304,4096,5,1,159744,55296,1024,53760,0,1048576,4096,4096,1,4,0.2,0,5,0,0,5,0,0,0,1,1,1,1,0.389,0,5,0.562,0.125,0,-1,-1,3.763,3.764,4.1,7.189,232,3,0,0,0,235,1,232,187,85,0,0,0,232,3,0,0,0,235,1,232,232,143,0,0,0,232,3,0,0,0,235,1,194,232,130,0,0,0,232,3,0,0,0,235,1,232,232,184,0,0,0,232,3,0,0,0,235,1,194,232,171,0,0,1.0,1.0,2.0,2.0,-1,1,14.0,0
0,0,0,0,0,0,0,0,251352,4194304,4096,4,0,245760,69632,4096,126976,0,1048576,4096,4096,1,4,0.2,0,5,0,0,5,0,0,0,1,1,1,1,0.444,0,4,1.0,0.25,0,-1,-1,5.881,3.373,5.237,7.344,232,3,0,0,0,235,1,194,187,85,0,0,0,232,3,0,0,0,235,1,232,232,143,0,0,0,232,3,0,0,0,235,1,232,232,130,0,0,0,232,3,0,0,0,235,1,194,232,184,0,0,0,232,3,0,0,0,235,1,232,232,171,0,0,1.0,1.0,2.0,2.0,-1,1,20.0,0
0,0,1,0,0,0,0,1,188711,4194304,4096,5,1,233472,99840,1024,81920,0,1048576,4096,4096,1,4,0.2,0,5,0,0,5,0,0,0,1,1,1,1,0.389,0,5,0.505,0.1,0,-1,-1,3.883,3.82,4.006,7.866,232,3,0,0,0,235,1,232,187,85,0,0,0,232,3,0,0,0,235,1,194,232,143,0,0,0,232,3,0,0,0,235,1,194,232,130,0,0,0,232,3,0,0,0,235,1,232,232,184,0,0,0,232,3,0,0,0,235,1,194,232,171,0,0,1.0,1.0,2.0,2.0,-1,1,14.0,0
0,0,1,0,0,0,0,1,151834,4194304,4096,5,1,196608,75776,1024,71168,0,1048576,4096,4096,1,4,0.2,0,5,0,0,5,0,0,0,1,1,1,1,0.389,0,5,0.539,0.1,0,-1,-1,3.844,3.823,4.067,7.882,232,3,0,0,0,235,1,233,187,85,0,0,0,232,3,0,0,0,235,1,233,232,143,0,0,0,232,3,0,0,0,235,1,194,232,130,0,0,0,232,3,0,0,0,235,1,194,232,184,0,0,0,232,3,0,0,0,235,1,233,232,171,0,0,1.0,1.0,2.0,2.0,-1,1,14.0,0
0,0,0,0,0,0,0,1,180666,4194304,4096,5,0,229376,134656,1024,36352,0,1048576,4096,4096,1,4,0.2,0,5,0,0,5,0,0,0,1,1,1,1,0.389,0,5,0.511,0.062,0,-1,-1,4.414,3.493,4.355,7.87,232,3,0,0,0,235,1,194,187,85,0,0,0,232,3,0,0,0,235,1,233,232,143,0,0,0,232,3,0,0,0,235,1,232,232,130,0,0,0,232,3,0,0,0,235,1,233,232,184,0,0,0,232,3,0,0,0,235,1,232,232,171,0,0,1.0,1.0,2.0,2.0,-1,1,14.0,0
0,0,1,0,0,0,0,1,167346,4194304,4096,5,1,196608,78336,1024,64512,0,1048576,4096,4096,1,4,0.2,0,5,0,0,5,0,0,0,1,1,1,1,0.389,0,5,0.525,0.125,0,-1,-1,3.82,3.855,4.087,7.835,232,3,0,0,0,235,1,232,187,85,0,0,0,232,3,0,0,0,235,1,233,232,143,0,0,0,232,3,0,0,0,235,1,194,232,130,0,0,0,232,3,0,0,0,235,1,233,232,184,0,0,0,232,3,0,0,0,235,1,194,232,171,0,0,1.0,1.0,2.0,2.0,-1,1,14.0,0
0,0,1,0,0,0,0,1,215373,4194304,4096,5,1,221184,97280,1024,73728,0,1048576,4096,4096,1,4,0.2,0,5,0,0,5,0,0,0,1,1,1,1,0.389,0,5,0.526,0.125,0,-1,-1,3.778,3.788,4.169,7.895,232,3,0,0,0,235,1,194,187,85,0,0,0,232,3,0,0,0,235,1,194,232,143,0,0,0,232,3,0,0,0,235,1,232,232,130,0,0,0,232,3,0,0,0,235,1,232,232,184,0,0,0,232,3,0,0,0,235,1,232,232,171,0,0,1.0,1.0,2.0,2.0,-1,1,14.0,0
0,0,1,0,0,0,0,1,290116,4194304,4096,5,1,327680,86528,1024,189952,0,1048576,4096,4096,1,4,0.2,0,5,0,0,5,0,0,0,1,1,1,1,0.389,0,5,0.988,0.125,0,-1,-1,6.207,3.857,5.114,7.872,232,3,0,0,0,235,1,194,187,85,0,0,0,232,3,0,0,0,235,1,233,232,143,0,0,0,232,3,0,0,0,235,1,233,232,130,0,0,0,232,3,0,0,0,235,1,194,232,184,0,0,0,232,3,0,0,0,235,1,232,232,171,0,0,1.0,1.0,2.0,2.0,-1,1,20.0,0
0,0,1,0,0,0,0,1,364782,4194304,4096,5,1,385024,102912,1024,231936,0,1048576,4096,4096,1,4,0.2,0,5,0,0,5,0,0,0,1,1,1,1,0.389,0,5,0.972,0.045,0,-1,-1,6.139,3.921,4.733,7.898,232,3,0,0,0,235,1,233,187,85,0,0,0,232,3,0,0,0,235,1,194,232,143,0,0,0,232,3,0,0,0,235,1,194,232,130,0,0,0,232,3,0,0,0,235,1,232,232,184,0,0,0,232,3,0,0,0,235,1,232,232,171,0,0,1.0,1.0,2.0,2.0,-1,1,20.0,0
0,0,1,0,0,0,0,1,210000,4194304,4096,5,1,188416,76800,1024,66048,0,1048576,4096,4096,1,4,0.2,0,5,0,0,5,0,0,0,1,1,1,1,0.389,0,5,0.539,0.125,0,-1,-1,3.763,3.843,4.185,7.878,232,3,0,0,0,235,1,232,187,85,0,0,0,232,3,0,0,0,235,1,194,232,143,0,0,0,232,3,0,0,0,235,1,232,232,130,0,0,0,232,3,0,0,0,235,1,232,232,184,0,0,0,232,3,0,0,0,235,1,233,232,171,0,0,1.0,1.0,2.0,2.0,-1,1,14.0,0
0,0,0,0,0,0,0,0,101938,4194304,4096,4,0,126976,50688,1024,27136,0,1048576,4096,4096,1,4,0.2,0,5,0,0,5,0,0,0,1,1,1,1,0.389,0,5,0.938,0.125,0,-1,-1,7.071,3.555,4.938,7.896,232,3,0,0,0,235,1,232,187,85,0,0,0,232,3,0,0,0,235,1,233,232,143,0,0,0,232,3,0,0,0,235,1,233,232,130,0,0,0,232,3,0,0,0,235,1,194,232,184,0,0,0,232,3,0,0,0,235,1,233,232,171,0,0,1.0,1.0,2.0,2.0,-1,1,152.0,0
0,0,0,0,0,0,0,1,485761,4194304,4096,5,0,933888,199168,1024,244224,0,1048576,4096,4096,1,4,0.2,0,5,0,0,5,0,0,0,1,1,1,1,0.389,0,5,0.993,0.019,0,-1,-1,5.905,3.546,3.09,7.323,232,3,0,0,0,235,1,194,187,85,0,0,0,232,3,0,0,0,235,1,194,232,143,0,0,0,232,3,0,0,0,235,1,233,232,130,0,0,0,232,3,0,0,0,235,1,232,232,184,0,0,0,232,3,0,0,0,235,1,233,232,171,0,0,1.0,1.0,2.0,2.0,-1,1,182.0,0
0,0,1,0,0,0,0,1,220066,4194304,4096,5,1,253952,137216,1024,66560,0,1048576,4096,4096,1,4,0.2,0,5,0,0,5,0,0,0,1,1,1,1,0.389,0,5,0.467,0.125,0,-1,-1,3.797,3.834,4.119,7.897,232,3,0,0,0,235,1,194,187,85,0,0,0,232,3,0,0,0,235,1,233,232,143,0,0,0,232,3,0,0,0,235,1,194,232,130,0,0,0,232,3,0,0,0,235,1,232,232,184,0,0,0,232,3,0,0,0,235,1,194,232,171,0,0,1.0,1.0,2.0,2.0,-1,1,14.0,0
0,0,0,0,0,0,0,0,0,4194304,4096,4,0,1531904,1122304,1536,90112,0,1048576,8192,4096,1,7,0.125,0,8,0,0,8,0,0,0,1,1,1,1,0.389,0,8,0.986,0.125,0,-1,-1,6.533,1.544,4.518,7.925,232,3,0,0,0,235,1,233,187,85,0,0,0,232,3,0,0,0,235,1,233,232,143,0,0,0,232,3,0,0,0,235,1,233,232,130,0,0,0,232,3,0,0,0,235,1,194,232,184,0,0,0,232,3,0,0,0,235,1,194,232,171,0,0,1.0,1.0,2.0,2.0,-1,1,236.0,0
0,0,0,0,0,0,0,0,104208,4194304,4096,4,0,122880,33280,1024,33280,0,1048576,65536,4096,1,5,0.167,0,6,0,0,6,0,0,0,1,1,1,1,0.389,0,6,0.938,0.125,0,-1,-1,4.707,2.44,4.908,7.882,232,3,0,0,0,235,1,233,187,85,0,0,0,232,3,0,0,0,235,1,194,232,143,0,0,0,232,3,0,0,0,235,1,233,232,130,0,0,0,232,3,0,0,0,235,1,232,232,184,0,0,0,232,3,0,0,0,235,1,232,232,171,0,0,1.0,1.0,2.0,2.0,-1,1,88.0,0
0,0,0,0,0,0,0,0,269152,4194304,4096,4,0,393216,36864,4096,315392,0,1048576,4096,4096,1,4,0.2,0,5,0,0,5,0,0,0,1,1,1,1,0.444,0,4,1.0,0.078,0,-1,-1,4.491,3.74,2.481,7.348,232,3,0,0,0,235,1,232,187,85,0,0,0,232,3,0,0,0,235,1,233,232,143,0,0,0,232,3,0,0,0,235,1,194,232,130,0,0,0,232,3,0,0,0,235,1,232,232,184,0,0,0,232,3,0,0,0,235,1,194,232,171,0,0,1.0,1.0,2.0,2.0,-1,1,60.0,0
0,0,0,0,0,0,0,0,0,4194304,4096,4,0,159744,61440,4096,50176,0,1048576,4096,4096,1,4,0.2,0,5,0,0,5,0,0,0,1,1,1,1,0.389,0,4,1.0,0.062,0,-1,-1,7.618,3.577,5.486,7.868,232,3,0,0,0,235,1,233,187,85,0,0,0,232,3,0,0,0,235,1,194,232,143,0,0,0,232,3,0,0,0,235,1,233,232,130,0,0,0,232,3,0,0,0,235,1,194,232,184,0,0,0,232,3,0,0,0,235,1,194,232,171,0,0,1.0,1.0,2.0,2.0,-1,1,178.0,0
0,0,1,0,0,0,0,1,466213,4194304,4096,5,1,512000,90112,1024,377856,0,1048576,4096,4096,1,4,0.2,0,5,0,0,5,0,0,0,1,1,1,1,0.389,0,5,0.998,0.029,0,-1,-1,7.88,3.876,6.095,6.472,232,3,0,0,0,235,1,232,187,85,0,0,0,232,3,0,0,0,235,1,232,232,143,0,0,0,232,3,0,0,0,235,1,194,232,130,0,0,0,232,3,0,0,0,235,1,233,232,184,0,0,0,232,3,0,0,0,235,1,233,232,171,0,0,1.0,1.0,2.0,2.0,-1,1,24.0,0
0,0,1,0,0,0,0,1,6268317,4194304,4096,5,1,6299648,1693696,1024,4558848,0,1048576,4096,4096,1,4,0.2,0,5,0,0,5,0,0,0,1,1,1,1,0.389,0,5,1.0,0.154,0,-1,-1,6.419,4.369,6.104,7.888,232,3,0,0,0,235,1,233,187,85,0,0,0,232,3,0,0,0,235,1,232,232,143,0,0,0,232,3,0,0,0,235,1,194,232,130,0,0,0,232,3,0,0,0,235,1,194,232,184,0,0,0,232,3,0,0,0,235,1,194,232,171,0,0,1.0,1.0,2.0,2.0,-1,1,874.0,0
0,0,0,0,0,0,0,0,164088,4194304,4096,4,0,163840,67584,1024,43520,0,1048576,4096,4096,1,4,0.2,0,5,0,0,5,0,0,0,1,1,1,1,0.389,0,5,0.964,0.062,0,-1,-1,4.92,3.706,4.687,7.868,232,3,0,0,0,235,1,232,187,85,0,0,0,232,3,0,0,0,235,1,194,232,143,0,0,0,232,3,0,0,0,235,1,232,232,130,0,0,0,232,3,0,0,0,235,1,194,232,184,0,0,0,232,3,0,0,0,235,1,232,232,171,0,0,1.0,1.0,2.0,2.0,-1,1,184.0,0
0,0,1,0,0,0,0,1,184107,4194304,4096,5,1,188416,72192,1024,66048,0,1048576,4096,4096,1,4,0.2,0,5,0,0,5,0,0,0,1,1,1,1,0.389,0,5,0.542,0.094,0,-1,-1,3.789,3.828,4.138,7.865,232,3,0,0,0,235,1,194,187,85,0,0,0,232,3,0,0,0,235,1,233,232,143,0,0,0,232,3,0,0,0,235,1,233,232,130,0,0,0,232,3,0,0,0,235,1,233,232,184,0,0,0,232,3,0,0,0,235,1,233,232,171,0,0,1.0,1.0,2.0,2.0,-1,1,14.0,0
0,0,0,0,0,0,0,0,133973,4194304,4096,4,0,159744,65536,1024,43008,0,1048576,4096,4096,1,4,0.2,0,5,0,0,5,0,0,0,1,1,1,1,0.389,0,5,0.875,0.125,0,-1,-1,6.899,3.53,4.966,7.89,232,3,0,0,0,235,1,232,187,85,0,0,0,232,3,0,0,0,235,1,232,232,143,0,0,0,232,3,0,0,0,235,1,233,232,130,0,0,0,232,3,0,0,0,235,1,232,232,184,0,0,0,232,3,0,0,0,235,1,194,232,171,0,0,1.0,1.0,2.0,2.0,-1,1,180.0,0
0,0,0,0,0,0,0,0,0,4194304,4096,4,0,532480,339456,1024,136192,0,524288,131072,4096,1,4,0.2,0,5,0,0,5,0,0,0,1,1,1,1,0.389,0,4,1.0,0.125,0,-1,-1,5.471,3.88,4.607,7.723,232,3,0,0,0,235,1,233,187,85,0,0,0,232,3,0,0,0,235,1,194,232,143,0,0,0,232,3,0,0,0,235,1,233,232,130,0,0,0,232,3,0,0,0,235,1,194,232,184,0,0,0,232,3,0,0,0,235,1,232,232,171,0,0,1.0,1.0,2.0,2.0,-1,1,404.0,0
0,0,0,0,0,0,0,0,1689401,4194304,4096,4,0,1708032,1332224,1024,321536,0,1048576,4096,4096,1,4,0.2,0,5,0,0,5,0,0,0,1,1,1,1,0.389,0,5,0.92,0.266,0,-1,-1,4.74,3.954,4.095,7.6,232,3,0,0,0,235,1,194,187,85,0,0,0,232,3,0,0,0,235,1,194,232,143,0,0,0,232,3,0,0,0,235,1,232,232,130,0,0,0,232,3,0,0,0,235,1,233,232,184,0,0,0,232,3,0,0,0,235,1,233,232,171,0,0,1.0,1.0,2.0,2.0,-1,1,106.0,0
0,0,0,0,0,0,0,0,125289,4194304,4096,4,0,151552,55808,1024,44032,0,1048576,4096,4096,1,4,0.2,0,5,0,0,5,0,0,0,1,1,1,1,0.389,0,5,0.922,0.062,0,-1,-1,6.76,3.693,5.065,7.821,232,3,0,0,0,235,1,232,187,85,0,0,0,232,3,0,0,0,235,1,233,232,143,0,0,0,232,3,0,0,0,235,1,232,232,130,0,0,0,232,3,0,0,0,235,1,232,232,184,0,0,0,232,3,0,0,0,235,1,233,232,171,0,0,1.0,1.0,2.0,2.0,-1,1,176.0,0
0,0,0,0,0,0,0,0,164999,4194304,4096,4,0,184320,20480,4096,122880,0,1048576,4096,4096,0,4,0.0,0,4,0,0,4,0,0,0,1,1,1,1,0.444,0,3,1.0,0.172,0,-1,-1,-1,3.673,3.246,7.339,232,3,0,0,0,235,1,194,187,85,0,0,0,232,3,0,0,0,235,1,194,232,143,0,0,0,232,3,0,0,0,235,1,232,232,130,0,0,0,232,3,0,0,0,235,1,194,232,184,0,0,0,232,3,0,0,0,235,1,194,232,171,0,0,1.0,1.0,2.0,2.0,-1,1,-1,0
0,0,0,0,0,0,0,0,0,4194304,4096,4,0,114688,38912,4096,22016,0,1048576,4096,4096,1,4,0.2,0,5,0,0,5,0,0,0,1,1,1,1,0.389,0,5,0.958,0.062,0,-1,-1,6.848,3.566,4.628,7.897,232,3,0,0,0,235,1,233,187,85,0,0,0,232,3,0,0,0,235,1,194,232,143,0,0,0,232,3,0,0,0,235,1,232,232,130,0,0,0,232,3,0,0,0,235,1,233,232,184,0,0,0,232,3,0,0,0,235,1,233,232,171,0,0,1.0,1.0,2.0,2.0,-1,1,124.0,0
0,0,0,0,0,0,0,1,639394,4194304,4096,5,0,1679360,206336,1024,1424384,0,1048576,4096,4096,1,4,0.2,0,5,0,0,5,0,0,0,1,1,1,1,0.389,0,5,0.995,0.002,0,-1,-1,6.211,3.692,2.539,7.878,232,3,0,0,0,235,1,194,187,85,0,0,0,232,3,0,0,0,235,1,194,232,143,0,0,0,232,3,0,0,0,235,1,194,232,130,0,0,0,232,3,0,0,0,235,1,233,232,184,0,0,0,232,3,0,0,0,235,1,232,232,171,0,0,1.0,1.0,2.0,2.0,-1,1,78.0,0
0,0,0,0,0,0,0,0,280941,4194304,4096,4,0,278528,77824,4096,159744,0,1048576,4096,4096,1,4,0.2,0,5,0,0,5,0,0,0,1,1,1,1,0.444,0,4,1.0,0.147,0,-1,-1,4.826,3.935,3.472,7.306,232,3,0,0,0,235,1,232,187,85,0,0,0,232,3,0,0,0,235,1,232,232,143,0,0,0,232,3,0,0,0,235,1,233,232,130,0,0,0,232,3,0,0,0,235,1,232,232,184,0,0,0,232,3,0,0,0,235,1,194,232,171,0,0,1.0,1.0,2.0,2.0,-1,1,120.0,0
0,0,0,0,0,0,0,1,504430,4194304,4096,5,0,598016,206848,1024,253440,0,1048576,4096,4096,1,4,0.2,0,5,0,0,5,0,0,0,1,1,1,1,0.389,0,5,0.986,0.021,0,-1,-1,6.0,3.574,4.701,7.879,232,3,0,0,0,235,1,232,187,85,0,0,0,232,3,0,0,0,235,1,233,232,143,0,0,0,232,3,0,0,0,235,1,194,232,130,0,0,0,232,3,0,0,0,235,1,194,232,184,0,0,0,232,3,0,0,0,235,1,232,232,171,0,0,1.0,1.0,2.0,2.0,-1,1,214.0,0
0,0,0,0,0,0,0,0,0,4194304,4096,4,0,118784,45056,4096,32768,0,1048576,4096,4096,1,4,0.2,0,5,0,0,5,0,0,0,1,1,1,1,0.444,0,3,1.0,0.333,0,-1,-1,3.309,3.586,4.432,7.249,232,3,0,0,0,235,1,233,187,85,0,0,0,232,3,0,0,0,235,1,194,232,143,0,0,0,232,3,0,0,0,235,1,232,232,130,0,0,0,232,3,0,0,0,235,1,233,232,184,0,0,0,232,3,0,0,0,235,1,232,232,171,0,0,1.0,1.0,2.0,2.0,-1,1,60.0,0
0,0,0,0,0,0,0,0,169803,4194304,4096,4,0,184320,20480,4096,122880,0,1048576,4096,4096,0,4,0.0,0,4,0,0,4,0,0,0,1,1,1,1,0.444,0,3,1.0,0.172,0,-1,-1,-1,3.756,3.248,7.348,232,3,0,0,0,235,1,232,187,85,0,0,0,232,3,0,0,0,235,1,194,232,143,0,0,0,232,3,0,0,0,235,1,194,232,130,0,0,0,232,3,0,0,0,235,1,194,232,184,0,0,0,232,3,0,0,0,235,1,232,232,171,0,0,1.0,1.0,2.0,2.0,-1,1,-1,0
0,0,0,0,0,0,0,1,3240184,4194304,4096,5,0,3244032,1161216,1024,2016256,0,1048576,4096,4096,1,4,0.2,0,5,0,0,5,0,0,0,1,1,1,1,0.389,0,5,1.0,0.112,0,-1,-1,7.841,4.16,6.261,7.869,232,3,0,0,0,235,1,232,187,85,0,0,0,232,3,0,0,0,235,1,233,232,143,0,0,0,232,3,0,0,0,235,1,232,232,130,0,0,0,232,3,0,0,0,235,1,232,232,184,0,0,0,232,3,0,0,0,235,1,232,232,171,0,0,1.0,1.0,2.0,2.0,-1,1,970.0,0
0,0,1,0,0,0,0,1,294187,4194304,4096,5,1,495616,162304,1024,283648,0,1048576,4096,4096,1,4,0.2,0,5,0,0,5,0,0,0,1,1,1,1,0.389,0,5,0.481,0.009,0,-1,-1,3.64,3.872,2.643,7.867,232,3,0,0,0,235,1,194,187,85,0,0,0,232,3,0,0,0,235,1,194,232,143,0,0,0,232,3,0,0,0,235,1,232,232,130,0,0,0,232,3,0,0,0,235,1,232,232,184,0,0,0,232,3,0,0,0,235,1,233,232,171,0,0,1.0,1.0,2.0,2.0,-1,1,14.0,0
0,0,0,0,0,0,0,0,185413,4194304,4096,4,0,192512,24576,4096,126976,0,1048576,4096,4096,1,4,0.2,0,5,0,0,5,0,0,0,1,1,1,1,0.444,0,3,1.0,0.172,0,-1,-1,2.4,3.525,3.189,7.272,232,3,0,0,0,235,1,194,187,85,0,0,0,232,3,0,0,0,235,1,194,232,143,0,0,0,232,3,0,0,0,235,1,194,232,130,0,0,0,232,3,0,0,0,235,1,194,232,184,0,0,0,232,3,0,0,0,235,1,194,232,171,0,0,1.0,1.0,2.0,2.0,-1,1,26.0,0
0,0,0,0,0,0,0,0,0,4194304,4096,4,0,155648,56320,4096,45568,0,1048576,4096,4096,1,4,0.2,0,5,0,0,5,0,0,0,1,1,1,1,0.389,0,5,0.896,0.125,0,-1,-1,4.151,3.608,4.372,6.557,232,3,0,0,0,235,1,233,187,85,0,0,0,232,3,0,0,0,235,1,194,232,143,0,0,0,232,3,0,0,0,235,1,194,232,130,0,0,0,232,3,0,0,0,235,1,233,232,184,0,0,0,232,3,0,0,0,235,1,233,232,171,0,0,1.0,1.0,2.0,2.0,-1,1,174.0,0
0,0,0,0,0,0,0,0,209146,4194304,4096,4,0,188416,24576,4096,122880,0,1048576,4096,4096,0,4,0.0,0,4,0,0,4,0,0,0,1,1,1,1,0.444,0,3,1.0,0.172,0,-1,-1,-1,3.791,3.186,7.303,232,3,0,0,0,235,1,233,187,85,0,0,0,232,3,0,0,0,235,1,194,232,143,0,0,0,232,3,0,0,0,235,1,233,232,130,0,0,0,232,3,0,0,0,235,1,232,232,184,0,0,0,232,3,0,0,0,235,1,233,232,171,0,0,1.0,1.0,2.0,2.0,-1,1,-1,0
0,0,0,0,0,0,0,1,529413,4194304,4096,5,0,528384,323584,1024,148480,0,1048576,4096,4096,1,4,0.2,0,5,0,0,5,0,0,0,1,1,1,1,0.389,0,5,0.932,0.135,0,-1,-1,4.208,3.74,4.146,7.888,232,3,0,0,0,235,1,232,187,85,0,0,0,232,3,0,0,0,235,1,232,232,143,0,0,0,232,3,0,0,0,235,1,194,232,130,0,0,0,232,3,0,0,0,235,1,232,232,184,0,0,0,232,3,0,0,0,235,1,233,232,171,0,0,1.0,1.0,2.0,2.0,-1,1,316.0,0
0,0,0,0,0,0,0,0,224466,4194304,4096,4,0,208896,28672,4096,139264,0,1048576,4096,4096,1,4,0.2,0,5,0,0,5,0,0,0,1,1,1,1,0.444,0,4,1.0,0.179,0,-1,-1,4.11,3.808,3.361,7.281,232,3,0,0,0,235,1,194,187,85,0,0,0,232,3,0,0,0,235,1,233,232,143,0,0,0,232,3,0,0,0,235,1,194,232,130,0,0,0,232,3,0,0,0,235,1,194,232,184,0,0,0,232,3,0,0,0,235,1,233,232,171,0,0,1.0,1.0,2.0,2.0,-1,1,140.0,0
0,0,0,0,0,0,0,1,731215,4194304,4096,5,0,786432,137728,1024,584704,0,1048576,4096,4096,4,1,0.8,2,4,2,2,4,2,0,1,0,1,1,0,0.39,0,2,1.002,0.13,0,7.946,7.511,6.229,3.466,6.33,7.853,85,139,236,83,86,87,96,232,0,0,0,0,93,129,237,108,40,64,0,185,93,52,64,0,129,233,198,40,64,0,139,213,129,194,198,40,64,0,141,58,139,247,51,192,235,4,144,235,1,194,172,42,193,235,1,233,192,192,187,235,1,232,235,1,1.0,1.0,2.0,2.0,-1,0,680.0,0
0,0,0,0,0,0,0,0,134079,4194304,4096,4,0,118784,54272,1024,35328,0,1048576,4096,4096,4,1,0.8,2,4,2,2,4,2,0,1,0,1,1,0,0.39,0,2,1.014,0.15,0,7.965,7.867,4.825,3.761,6.11,7.873,85,139,236,83,86,87,96,232,0,0,0,0,93,129,237,108,40,64,0,185,93,52,64,0,129,233,198,40,64,0,139,213,129,194,198,40,64,0,141,58,139,247,51,192,235,4,144,235,1,194,172,4,118,192,200,214,254,200,192,200,111,52,208,254,1.0,1.0,2.0,2.0,-1,0,132.0,0
0,0,0,0,0,0,0,0,246170,4194304,4096,4,0,229376,147456,1024,51712,0,1048576,4096,4096,4,1,0.8,2,4,2,2,4,2,0,1,0,1,1,0,0.39,0,2,1.022,0.338,0,7.966,7.541,4.442,3.746,7.06,7.844,85,139,236,83,86,87,96,232,0,0,0,0,93,129,237,108,40,64,0,185,93,52,64,0,129,233,198,40,64,0,139,213,129,194,198,40,64,0,141,58,139,247,51,192,235,4,144,235,1,194,172,235,1,232,4,168,192,192,76,235,1,232,248,144,1.0,1.0,2.0,2.0,-1,0,182.0,0
0,0,0,0,0,0,0,0,94167,4194304,4096,4,0,106496,52736,1024,31232,0,1048576,4096,4096,4,1,0.8,2,4,2,2,4,2,0,1,0,1,1,0,0.39,0,2,1.04,0.185,0,7.944,7.507,3.84,3.745,6.279,7.864,85,139,236,83,86,87,96,232,0,0,0,0,93,129,237,108,40,64,0,185,93,52,64,0,129,233,198,40,64,0,139,213,129,194,198,40,64,0,141,58,139,247,51,192,235,4,144,235,1,194,172,192,192,130,249,249,192,200,63,248,235,1,194,249,1.0,1.0,2.0,2.0,-1,0,144.0,0
0,0,0,0,0,0,0,0,172236,4194304,4096,4,0,143360,76800,1024,40960,0,1048576,4096,4096,4,1,0.8,2,4,2,2,4,2,0,1,0,1,1,0,0.39,0,2,1.031,0.312,0,7.959,7.311,3.915,3.653,6.581,7.844,85,139,236,83,86,87,96,232,0,0,0,0,93,129,237,108,40,64,0,185,93,52,64,0,129,233,198,40,64,0,139,213,129,194,198,40,64,0,141,58,139,247,51,192,235,4,144,235,1,194,172,235,1,194,248,144,235,1,233,235,1,233,249,192,1.0,1.0,2.0,2.0,-1,0,192.0,0
0,0,0,0,0,0,0,0,183745,4194304,4096,4,0,139264,58368,1024,52736,0,1048576,4096,4096,4,1,0.8,2,4,2,2,4,2,0,1,0,1,1,0,0.39,0,2,1.012,0.347,0,7.962,7.525,5.016,3.726,6.271,7.838,85,139,236,83,86,87,96,232,0,0,0,0,93,129,237,108,40,64,0,185,93,52,64,0,129,233,198,40,64,0,139,213,129,194,198,40,64,0,141,58,139,247,51,192,235,4,144,235,1,194,172,2,193,4,63,235,1,194,254,200,192,192,101,249,1.0,1.0,2.0,2.0,-1,0,180.0,0
0,0,0,0,0,0,0,1,318572,4194304,4096,5,0,323584,237568,1024,55296,0,1048576,4096,4096,4,1,0.8,2,4,2,2,4,2,0,1,0,1,1,0,0.39,0,2,1.055,0.374,0,7.969,7.95,4.079,3.644,7.424,7.856,85,139,236,83,86,87,96,232,0,0,0,0,93,129,237,108,40,64,0,185,93,52,64,0,129,233,198,40,64,0,139,213,129,194,198,40,64,0,141,58,139,247,51,192,235,4,144,235,1,194,172,52,172,2,193,235,1,194,2,193,248,144,144,235,1.0,1.0,2.0,2.0,-1,0,112.0,0
0,0,0,0,0,0,0,1,200333,4194304,4096,5,0,221184,133120,1024,59392,0,1048576,4096,4096,4,1,0.8,2,4,2,2,4,2,0,1,0,1,1,0,0.39,0,2,1.003,0.39,0,7.965,7.963,5.517,3.79,7.166,7.868,85,139,236,83,86,87,96,232,0,0,0,0,93,129,237,108,40,64,0,185,93,52,64,0,129,233,198,40,64,0,139,213,129,194,198,40,64,0,141,58,139,247,51,192,235,4,144,235,1,194,172,52,118,2,193,192,192,133,144,248,42,193,4,194,1.0,1.0,2.0,2.0,-1,0,118.0,0
0,0,0,0,0,0,0,0,149356,4194304,4096,4,0,122880,54784,1024,39936,0,1048576,4096,4096,4,1,0.8,2,4,2,2,4,2,0,1,0,1,1,0,0.39,0,2,1.035,0.306,0,7.933,7.531,4.715,3.776,6.109,7.588,85,139,236,83,86,87,96,232,0,0,0,0,93,129,237,108,40,64,0,185,93,52,64,0,129,233,198,40,64,0,139,213,129,194,198,40,64,0,141,58,139,247,51,192,235,4,144,235,1,194,172,144,44,191,4,206,52,6,144,249,192,200,65,44,1.0,1.0,2.0,2.0,-1,0,172.0,0
0,0,0,0,0,0,0,0,0,4194304,4096,4,0,90112,40960,4096,23552,0,1048576,4096,4096,4,1,0.8,2,4,2,2,4,2,0,1,0,1,1,0,0.39,0,2,1.018,0.215,0,7.968,7.935,3.741,3.551,5.951,6.83,85,139,236,83,86,87,96,232,0,0,0,0,93,129,237,108,40,64,0,185,93,52,64,0,129,233,198,40,64,0,139,213,129,194,198,40,64,0,141,58,139,247,51,192,235,4,144,235,1,194,172,249,52,45,235,1,232,52,117,192,192,159,42,193,1.0,1.0,2.0,2.0,-1,1,168.0,0
0,0,1,0,0,0,0,1,172037,4194304,4096,5,1,147456,64512,1024,62464,0,1048576,4096,4096,4,1,0.8,2,4,2,2,4,2,0,1,0,1,1,0,0.39,0,2,1.116,0.39,0,7.965,7.946,3.811,3.783,6.269,7.849,85,139,236,83,86,87,96,232,0,0,0,0,93,129,237,108,40,64,0,185,93,52,64,0,129,233,198,40,64,0,139,213,129,194,198,40,64,0,141,58,139,247,51,192,235,4,144,235,1,194,172,235,1,232,44,236,2,193,235,1,194,4,11,254,1.0,1.0,2.0,2.0,-1,1,14.0,0
0,0,0,0,0,0,0,0,0,4194304,4096,4,0,90112,45056,4096,32768,0,1048576,4096,4096,4,1,0.8,2,4,2,2,4,2,0,1,0,1,1,0,0.39,0,1,1.347,0.39,0,7.941,6.649,3.194,3.544,6.489,6.085,85,139,236,83,86,87,96,232,0,0,0,0,93,129,237,108,40,64,0,185,93,52,64,0,129,233,198,40,64,0,139,213,129,194,198,40,64,0,141,58,139,247,51,192,235,4,144,235,1,194,172,235,1,194,249,42,193,44,194,2,193,4,62,192,1.0,1.0,2.0,2.0,-1,1,132.0,0
0,0,0,0,0,0,0,0,0,4194304,4096,4,0,118784,58880,4096,35328,0,1048576,4096,4096,4,1,0.8,2,4,2,2,4,2,0,1,0,1,1,0,0.39,0,2,1.021,0.351,0,7.967,7.932,3.962,3.555,6.416,7.886,85,139,236,83,86,87,96,232,0,0,0,0,93,129,237,108,40,64,0,185,93,52,64,0,129,233,198,40,64,0,139,213,129,194,198,40,64,0,141,58,139,247,51,192,235,4,144,235,1,194,172,235,1,233,235,1,233,4,78,44,173,235,1,233,1.0,1.0,2.0,2.0,-1,1,156.0,0
0,0,0,0,0,0,0,0,119154,4194304,4096,4,0,106496,49152,4096,45056,0,1048576,4096,4096,4,1,0.8,2,4,2,2,4,2,0,1,0,1,1,0,0.39,0,2,1.231,0.39,0,7.947,7.461,3.751,3.652,6.772,6.982,85,139,236,83,86,87,96,232,0,0,0,0,93,129,237,108,40,64,0,185,93,52,64,0,129,233,198,40,64,0,139,213,129,194,198,40,64,0,141,58,139,247,51,192,235,4,144,235,1,194,172,235,1,194,4,67,52,47,2,193,235,1,233,42,1.0,1.0,2.0,2.0,-1,0,44.0,0
0,0,0,0,0,0,0,0,305536,4194304,4096,4,0,270336,94208,4096,163840,0,1048576,4096,4096,4,1,0.8,2,4,2,2,4,2,0,1,0,1,1,0,0.39,0,2,1.177,0.39,0,7.968,7.965,3.08,3.95,7.402,7.863,85,139,236,83,86,87,96,232,0,0,0,0,93,129,237,108,40,64,0,185,93,52,64,0,129,233,198,40,64,0,139,213,129,194,198,40,64,0,141,58,139,247,51,192,235,4,144,235,1,194,172,44,233,52,82,52,35,248,192,200,17,144,44,29,1.0,1.0,2.0,2.0,-1,0,152.0,0
0,0,1,0,0,0,0,1,178618,4194304,4096,5,1,155648,69120,1024,65024,0,1048576,4096,4096,4,1,0.8,2,4,2,2,4,2,0,1,0,1,1,0,0.39,0,2,1.15,0.381,0,7.967,7.934,3.757,3.857,6.266,7.804,85,139,236,83,86,87,96,232,0,0,0,0,93,129,237,108,40,64,0,185,93,52,64,0,129,233,198,40,64,0,139,213,129,194,198,40,64,0,141,58,139,247,51,192,235,4,144,235,1,194,172,254,200,249,192,200,29,235,1,233,254,200,235,1,1.0,1.0,2.0,2.0,-1,1,14.0,0
0,0,0,0,0,0,0,0,0,4194304,4096,4,0,73728,49152,4096,12288,0,1048576,4096,4096,3,1,0.75,2,4,2,2,4,2,0,1,0,1,1,0,0.39,0,1,2.124,0.39,0,7.963,7.956,-1,3.585,7.302,7.813,85,139,236,83,86,87,96,232,0,0,0,0,93,129,237,108,40,64,0,185,93,52,64,0,129,233,198,40,64,0,139,213,129,194,198,40,64,0,141,58,139,247,51,192,235,4,144,235,1,194,172,235,1,232,249,235,1,194,2,193,254,200,248,52,1.0,1.0,2.0,2.0,-1,1,-1,0
0,0,1,0,0,0,0,1,138903,4194304,4096,5,1,131072,55296,1024,53760,0,1048576,4096,4096,4,1,0.8,2,4,2,2,4,2,0,1,0,1,1,0,0.39,0,2,1.15,0.375,0,7.922,7.577,3.763,3.738,6.317,7.867,85,139,236,83,86,87,96,232,0,0,0,0,93,129,237,108,40,64,0,185,93,52,64,0,129,233,198,40,64,0,139,213,129,194,198,40,64,0,141,58,139,247,51,192,235,4,144,235,1,194,172,52,188,4,234,235,1,232,254,200,2,193,248,235,1.0,1.0,2.0,2.0,-1,1,14.0,0
0,0,0,0,0,0,0,0,0,4194304,4096,4,0,98304,48128,4096,26112,0,1048576,4096,4096,4,1,0.8,2,4,2,2,4,2,0,1,0,1,1,0,0.39,0,2,1.017,0.332,0,7.423,4.952,3.756,3.402,5.981,7.848,85,139,236,83,86,87,96,232,0,0,0,0,93,129,237,108,40,64,0,185,93,52,64,0,129,233,198,40,64,0,139,213,129,194,198,40,64,0,141,58,139,247,51,192,235,4,144,235,1,194,172,249,249,44,109,192,192,183,254,200,254,200,144,192,1.0,1.0,2.0,2.0,-1,1,160.0,0
0,0,0,0,0,0,0,0,251352,4194304,4096,4,0,217088,69632,4096,126976,0,1048576,4096,4096,4,1,0.8,2,4,2,2,4,2,0,1,0,1,1,0,0.39,0,2,1.087,0.39,0,7.964,7.903,5.881,3.421,6.607,7.865,85,139,236,83,86,87,96,232,0,0,0,0,93,129,237,108,40,64,0,185,93,52,64,0,129,233,198,40,64,0,139,213,129,194,198,40,64,0,141,58,139,247,51,192,235,4,144,235,1,194,172,44,147,44,82,42,193,42,193,144,254,200,144,192,1.0,1.0,2.0,2.0,-1,1,20.0,0
0,0,1,0,0,0,0,1,188711,4194304,4096,5,1,204800,99840,1024,81920,0,1048576,4096,4096,4,1,0.8,2,4,2,2,4,2,0,1,0,1,1,0,0.39,0,2,1.085,0.39,0,7.965,7.786,3.883,3.869,6.446,7.848,85,139,236,83,86,87,96,232,0,0,0,0,93,129,237,108,40,64,0,185,93,52,64,0,129,233,198,40,64,0,139,213,129,194,198,40,64,0,141,58,139,247,51,192,235,4,144,235,1,194,172,42,193,2,193,4,90,44,21,192,200,53,192,200,1.0,1.0,2.0,2.0,-1,1,14.0,0
0,0,1,0,0,0,0,1,151834,4194304,4096,5,1,167936,75776,1024,71168,0,1048576,4096,4096,4,1,0.8,2,4,2,2,4,2,0,1,0,1,1,0,0.39,0,2,1.11,0.267,0,7.957,7.765,3.844,3.841,6.208,7.866,85,139,236,83,86,87,96,232,0,0,0,0,93,129,237,108,40,64,0,185,93,52,64,0,129,233,198,40,64,0,139,213,129,194,198,40,64,0,141,58,139,247,51,192,235,4,144,235,1,194,172,235,1,194,192,192,38,248,192,192,214,254,200,42,1.0,1.0,2.0,2.0,-1,1,14.0,0
0,0,0,0,0,0,0,1,180666,4194304,4096,5,0,200704,134656,1024,36352,0,1048576,4096,4096,4,1,0.8,2,4,2,2,4,2,0,1,0,1,1,0,0.39,0,2,1.136,0.297,0,7.947,7.678,4.414,3.61,7.215,7.863,85,139,236,83,86,87,96,232,0,0,0,0,93,129,237,108,40,64,0,185,93,52,64,0,129,233,198,40,64,0,139,213,129,194,198,40,64,0,141,58,139,247,51,192,235,4,144,235,1,194,172,249,44,110,192,192,57,44,48,235,1,232,192,200,1.0,1.0,2.0,2.0,-1,0,14.0,0
0,0,1,0,0,0,0,1,167346,4194304,4096,5,1,167936,78336,1024,64512,0,1048576,4096,4096,4,1,0.8,2,4,2,2,4,2,0,1,0,1,1,0,0.39,0,2,1.123,0.39,0,7.959,7.717,3.82,3.867,6.301,7.843,85,139,236,83,86,87,96,232,0,0,0,0,93,129,237,108,40,64,0,185,93,52,64,0,129,233,198,40,64,0,139,213,129,194,198,40,64,0,141,58,139,247,51,192,235,4,144,235,1,194,172,192,200,181,249,144,2,193,144,42,193,235,1,233,1.0,1.0,2.0,2.0,-1,1,14.0,0
0,0,1,0,0,0,0,1,215373,4194304,4096,5,1,192512,97280,1024,73728,0,1048576,4096,4096,4,1,0.8,2,4,2,2,4,2,0,1,0,1,1,0,0.39,0,2,1.136,0.39,0,7.95,7.608,3.778,3.798,6.642,7.885,85,139,236,83,86,87,96,232,0,0,0,0,93,129,237,108,40,64,0,185,93,52,64,0,129,233,198,40,64,0,139,213,129,194,198,40,64,0,141,58,139,247,51,192,235,4,144,235,1,194,172,235,1,232,44,1,235,1,194,235,1,194,192,192,1.0,1.0,2.0,2.0,-1,1,14.0,0
0,0,1,0,0,0,0,1,290116,4194304,4096,5,1,299008,86528,1024,189952,0,1048576,4096,4096,4,1,0.8,2,4,2,2,4,2,0,1,0,1,1,0,0.39,0,2,1.01,0.365,0,7.96,7.681,6.207,3.912,6.441,7.863,85,139,236,83,86,87,96,232,0,0,0,0,93,129,237,108,40,64,0,185,93,52,64,0,129,233,198,40,64,0,139,213,129,194,198,40,64,0,141,58,139,247,51,192,235,4,144,235,1,194,172,44,113,4,94,192,200,218,192,192,128,254,200,248,1.0,1.0,2.0,2.0,-1,1,20.0,0
0,0,1,0,0,0,0,1,364782,4194304,4096,5,1,356352,102912,1024,231936,0,1048576,4096,4096,4,1,0.8,2,4,2,2,4,2,0,1,0,1,1,0,0.39,0,2,1.004,0.129,0,7.956,7.678,6.139,3.911,6.06,7.235,85,139,236,83,86,87,96,232,0,0,0,0,93,129,237,108,40,64,0,185,93,52,64,0,129,233,198,40,64,0,139,213,129,194,198,40,64,0,141,58,139,247,51,192,235,4,144,235,1,194,172,52,136,144,249,52,145,4,121,2,193,4,114,4,1.0,1.0,2.0,2.0,-1,1,20.0,0
0,0,1,0,0,0,0,1,210000,4194304,4096,5,1,159744,76800,1024,66048,0,1048576,4096,4096,4,1,0.8,2,4,2,2,4,2,0,1,0,1,1,0,0.39,0,2,1.136,0.339,0,7.965,7.951,3.763,3.834,6.461,7.892,85,139,236,83,86,87,96,232,0,0,0,0,93,129,237,108,40,64,0,185,93,52,64,0,129,233,198,40,64,0,139,213,129,194,198,40,64,0,141,58,139,247,51,192,235,4,144,235,1,194,172,52,49,52,117,192,192,207,235,1,194,248,192,192,1.0,1.0,2.0,2.0,-1,1,14.0,0
0,0,0,0,0,0,0,0,101938,4194304,4096,4,0,98304,50688,1024,27136,0,1048576,4096,4096,4,1,0.8,2,4,2,2,4,2,0,1,0,1,1,0,0.39,0,2,1.031,0.134,0,7.964,7.866,3.988,3.608,6.509,7.877,85,139,236,83,86,87,96,232,0,0,0,0,93,129,237,108,40,64,0,185,93,52,64,0,129,233,198,40,64,0,139,213,129,194,198,40,64,0,141,58,139,247,51,192,235,4,144,235,1,194,172,235,1,194,44,17,192,200,133,235,1,233,144,254,1.0,1.0,2.0,2.0,-1,0,152.0,0
0,0,0,0,0,0,0,1,485761,4194304,4096,5,0,905216,199168,1024,244224,0,1048576,4096,4096,4,1,0.8,2,4,2,2,4,2,0,1,0,1,1,0,0.39,0,2,1.021,0.05,0,7.968,7.953,5.889,3.673,4.269,7.871,85,139,236,83,86,87,96,232,0,0,0,0,93,129,237,108,40,64,0,185,93,52,64,0,129,233,198,40,64,0,139,213,129,194,198,40,64,0,141,58,139,247,51,192,235,4,144,235,1,194,172,52,112,192,200,70,4,175,192,200,199,235,1,233,1.0,1.0,2.0,2.0,-1,0,182.0,0
0,0,1,0,0,0,0,1,220066,4194304,4096,5,1,225280,137216,1024,66560,0,1048576,4096,4096,4,1,0.8,2,4,2,2,4,2,0,1,0,1,1,0,0.39,0,2,1.123,0.39,0,7.967,7.93,3.797,3.891,6.941,7.857,85,139,236,83,86,87,96,232,0,0,0,0,93,129,237,108,40,64,0,185,93,52,64,0,129,233,198,40,64,0,139,213,129,194,198,40,64,0,141,58,139,247,51,192,235,4,144,235,1,194,172,4,165,249,235,1,194,235,1,232,4,220,235,1,1.0,1.0,2.0,2.0,-1,0,14.0,0
0,0,0,0,0,0,0,0,104208,4194304,4096,4,0,94208,33280,1024,33280,0,1048576,65536,4096,2,4,0.333,3,5,2,3,5,2,0,1,1,1,1,0,0.39,0,2,1.05,0.217,0,-1,-1,3.911,2.685,5.994,7.74,85,139,236,83,86,87,96,232,0,0,0,0,93,129,237,108,40,64,0,185,93,52,64,0,129,233,198,40,64,0,139,213,129,194,198,40,64,0,141,58,139,247,51,192,235,4,144,235,1,194,172,192,200,194,52,132,4,190,2,193,2,193,254,200,1.0,1.0,2.0,2.0,-1,1,88.0,0
0,0,0,0,0,0,0,0,0,4194304,4096,4,0,81920,18432,1024,42496,0,1048576,4096,4096,4,1,0.8,2,4,2,2,4,2,0,1,0,1,1,0,0.39,0,2,1.096,0.015,0,7.958,7.739,5.275,3.75,3.67,6.094,85,139,236,83,86,87,96,232,0,0,0,0,93,129,237,108,40,64,0,185,93,52,64,0,129,233,198,40,64,0,139,213,129,194,198,40,64,0,141,58,139,247,51,192,235,4,144,235,1,194,172,248,235,1,233,192,200,89,192,200,196,235,1,232,1.0,1.0,2.0,2.0,-1,0,32.0,0
0,0,1,0,0,0,0,1,466213,4194304,4096,5,1,483328,90112,1024,377856,0,1048576,4096,4096,4,1,0.8,2,4,2,2,4,2,0,1,0,1,1,0,0.39,0,2,1.005,0.129,0,7.949,7.198,6.065,3.914,5.935,7.882,85,139,236,83,86,87,96,232,0,0,0,0,93,129,237,108,40,64,0,185,93,52,64,0,129,233,198,40,64,0,139,213,129,194,198,40,64,0,141,58,139,247,51,192,235,4,144,235,1,194,172,2,193,4,196,192,192,92,235,1,194,42,193,144,1.0,1.0,2.0,2.0,-1,1,24.0,0
0,0,0,0,0,0,0,0,164088,4194304,4096,4,0,135168,67584,1024,43520,0,1048576,4096,4096,4,1,0.8,2,4,2,2,4,2,0,1,0,1,1,0,0.39,0,2,1.033,0.242,0,7.889,7.356,4.845,3.763,6.445,7.854,85,139,236,83,86,87,96,232,0,0,0,0,93,129,237,108,40,64,0,185,93,52,64,0,129,233,198,40,64,0,139,213,129,194,198,40,64,0,141,58,139,247,51,192,235,4,144,235,1,194,172,235,1,194,248,42,193,192,200,204,192,192,162,235,1.0,1.0,2.0,2.0,-1,0,184.0,0
0,0,0,0,0,0,0,0,140793,4194304,4096,4,0,110592,47104,1024,40960,0,1048576,4096,4096,4,1,0.8,2,4,2,2,4,2,0,1,0,1,1,0,0.39,0,2,1.018,0.176,0,7.964,7.858,4.992,3.78,6.172,7.814,85,139,236,83,86,87,96,232,0,0,0,0,93,129,237,108,40,64,0,185,93,52,64,0,129,233,198,40,64,0,139,213,129,194,198,40,64,0,141,58,139,247,51,192,235,4,144,235,1,194,172,2,193,2,193,235,1,233,192,200,65,2,193,4,1.0,1.0,2.0,2.0,-1,0,156.0,0
0,0,1,0,0,0,0,1,184107,4194304,4096,5,1,159744,72192,1024,66048,0,1048576,4096,4096,4,1,0.8,2,4,2,2,4,2,0,1,0,1,1,0,0.39,0,2,1.129,0.39,0,7.961,7.762,3.789,3.873,6.33,7.839,85,139,236,83,86,87,96,232,0,0,0,0,93,129,237,108,40,64,0,185,93,52,64,0,129,233,198,40,64,0,139,213,129,194,198,40,64,0,141,58,139,247,51,192,235,4,144,235,1,194,172,235,1,232,2,193,192,192,104,42,193,192,200,133,1.0,1.0,2.0,2.0,-1,0,14.0,0
0,0,0,0,0,0,0,0,133973,4194304,4096,4,0,131072,65536,1024,43008,0,1048576,4096,4096,4,1,0.8,2,4,2,2,4,2,0,1,0,1,1,0,0.39,0,2,1.01,0.33,0,7.965,7.941,3.964,3.582,6.421,7.863,85,139,236,83,86,87,96,232,0,0,0,0,93,129,237,108,40,64,0,185,93,52,64,0,129,233,198,40,64,0,139,213,129,194,198,40,64,0,141,58,139,247,51,192,235,4,144,235,1,194,172,2,193,4,150,235,1,233,192,200,71,42,193,44,1.0,1.0,2.0,2.0,-1,0,180.0,0
0,0,0,0,0,0,0,0,0,4194304,4096,4,0,503808,339456,1024,136192,0,524288,131072,4096,4,1,0.8,2,4,2,2,4,2,0,1,0,1,1,0,0.39,0,2,1.003,0.39,0,7.968,7.922,4.959,3.885,7.277,7.875,85,139,236,83,86,87,96,232,0,0,0,0,93,129,237,108,40,64,0,185,93,52,64,0,129,233,198,40,64,0,139,213,129,194,198,40,64,0,141,58,139,247,51,192,235,4,144,235,1,194,172,235,1,194,192,192,18,42,193,235,1,194,235,1,1.0,1.0,2.0,2.0,-1,1,404.0,0
0,0,0,0,0,0,0,0,125289,4194304,4096,4,0,122880,55808,1024,44032,0,1048576,4096,4096,4,1,0.8,2,4,2,2,4,2,0,1,0,1,1,0,0.39,0,2,1.013,0.246,0,7.951,7.409,4.892,3.733,6.306,6.952,85,139,236,83,86,87,96,232,0,0,0,0,93,129,237,108,40,64,0,185,93,52,64,0,129,233,198,40,64,0,139,213,129,194,198,40,64,0,141,58,139,247,51,192,235,4,144,235,1,194,172,248,235,1,233,44,131,44,78,144,2,193,249,144,1.0,1.0,2.0,2.0,-1,0,176.0,0
0,0,0,0,0,0,0,0,135896,4194304,4096,4,0,126976,62464,1024,36352,0,1048576,4096,4096,4,1,0.8,2,4,2,2,4,2,0,1,0,1,1,0,0.39,0,2,1.022,0.094,0,7.954,7.57,4.635,3.803,6.256,7.821,85,139,236,83,86,87,96,232,0,0,0,0,93,129,237,108,40,64,0,185,93,52,64,0,129,233,198,40,64,0,139,213,129,194,198,40,64,0,141,58,139,247,51,192,235,4,144,235,1,194,172,52,159,235,1,232,44,244,2,193,248,192,192,150,1.0,1.0,2.0,2.0,-1,0,140.0,0
0,0,0,0,0,0,0,0,164999,4194304,4096,4,0,155648,20480,4096,122880,0,1048576,4096,4096,3,1,0.75,2,4,2,2,4,2,0,1,0,1,1,0,0.39,0,2,1.336,0.39,0,6.465,5.279,-1,3.656,5.836,7.874,85,139,236,83,86,87,96,232,0,0,0,0,93,129,237,108,40,64,0,185,93,52,64,0,129,233,198,40,64,0,139,213,129,194,198,40,64,0,141,58,139,247,51,192,235,4,144,235,1,194,172,249,52,219,144,4,14,42,193,192,200,175,235,1,1.0,1.0,2.0,2.0,-1,1,-1,0
0,0,0,0,0,0,0,0,0,4194304,4096,4,0,86016,38912,4096,22016,0,1048576,4096,4096,4,1,0.8,2,4,2,2,4,2,0,1,0,1,1,0,0.39,0,2,1.02,0.246,0,7.805,5.784,4.15,3.552,5.933,7.853,85,139,236,83,86,87,96,232,0,0,0,0,93,129,237,108,40,64,0,185,93,52,64,0,129,233,198,40,64,0,139,213,129,194,198,40,64,0,141,58,139,247,51,192,235,4,144,235,1,194,172,235,1,233,235,1,232,235,1,233,42,193,235,1,1.0,1.0,2.0,2.0,-1,1,124.0,0
0,0,0,0,0,0,0,1,639394,4194304,4096,5,0,1650688,206336,1024,1424384,0,1048576,4096,4096,4,1,0.8,2,4,2,2,4,2,0,1,0,1,1,0,0.39,0,2,1.01,0.005,0,6.636,3.577,6.211,3.808,3.072,7.829,85,139,236,83,86,87,96,232,0,0,0,0,93,129,237,108,40,64,0,185,93,52,64,0,129,233,198,40,64,0,139,213,129,194,198,40,64,0,141,58,139,247,51,192,235,4,144,235,1,194,172,2,193,235,1,194,144,254,200,144,52,21,2,193,1.0,1.0,2.0,2.0,-1,0,78.0,0
0,0,0,0,0,0,0,0,280941,4194304,4096,4,0,249856,77824,4096,159744,0,1048576,4096,4096,4,1,0.8,2,4,2,2,4,2,0,1,0,1,1,0,0.39,0,2,1.076,0.39,0,7.949,7.942,3.545,3.942,7.225,7.844,85,139,236,83,86,87,96,232,0,0,0,0,93,129,237,108,40,64,0,185,93,52,64,0,129,233,198,40,64,0,139,213,129,194,198,40,64,0,141,58,139,247,51,192,235,4,144,235,1,194,172,254,200,44,127,235,1,233,44,63,44,245,2,193,1.0,1.0,2.0,2.0,-1,1,120.0,0
0,0,0,0,0,0,0,1,504430,4194304,4096,5,0,569344,206848,1024,253440,0,1048576,4096,4096,4,1,0.8,2,4,2,2,4,2,0,1,0,1,1,0,0.39,0,2,1.01,0.069,0,7.969,7.95,5.969,3.707,6.289,7.843,85,139,236,83,86,87,96,232,0,0,0,0,93,129,237,108,40,64,0,185,93,52,64,0,129,233,198,40,64,0,139,213,129,194,198,40,64,0,141,58,139,247,51,192,235,4,144,235,1,194,172,42,193,192,200,204,235,1,194,248,192,200,95,235,1.0,1.0,2.0,2.0,-1,0,214.0,0
0,0,0,0,0,0,0,0,0,4194304,4096,4,0,90112,45056,4096,32768,0,1048576,4096,4096,4,1,0.8,2,4,2,2,4,2,0,1,0,1,1,0,0.39,0,1,1.542,0.39,0,7.917,7.663,2.945,3.573,6.529,7.496,85,139,236,83,86,87,96,232,0,0,0,0,93,129,237,108,40,64,0,185,93,52,64,0,129,233,198,40,64,0,139,213,129,194,198,40,64,0,141,58,139,247,51,192,235,4,144,235,1,194,172,192,192,98,44,94,52,100,42,193,42,193,248,248,1.0,1.0,2.0,2.0,-1,1,60.0,0
0,0,0,0,0,0,0,0,169803,4194304,4096,4,0,155648,20480,4096,122880,0,1048576,4096,4096,3,1,0.75,2,4,2,2,4,2,0,1,0,1,1,0,0.39,0,2,1.373,0.39,0,7.961,7.966,-1,3.746,7.639,7.814,85,139,236,83,86,87,96,232,0,0,0,0,93,129,237,108,40,64,0,185,93,52,64,0,129,233,198,40,64,0,139,213,129,194,198,40,64,0,141,58,139,247,51,192,235,4,144,235,1,194,172,254,200,144,42,193,52,233,254,200,254,200,235,1,1.0,1.0,2.0,2.0,-1,1,-1,0
0,0,1,0,0,0,0,1,294187,4194304,4096,5,1,466944,162304,1024,283648,0,1048576,4096,4096,4,1,0.8,2,4,2,2,4,2,0,1,0,1,1,0,0.39,0,2,1.208,0.064,0,7.782,5.555,3.64,3.977,4.528,7.869,85,139,236,83,86,87,96,232,0,0,0,0,93,129,237,108,40,64,0,185,93,52,64,0,129,233,198,40,64,0,139,213,129,194,198,40,64,0,141,58,139,247,51,192,235,4,144,235,1,194,172,235,1,233,44,159,235,1,233,248,192,192,198,2,1.0,1.0,2.0,2.0,-1,0,14.0,0
0,0,0,0,0,0,0,0,185413,4194304,4096,4,0,163840,24576,4096,126976,0,1048576,4096,4096,4,1,0.8,2,4,2,2,4,2,0,1,0,1,1,0,0.39,0,2,1.515,0.39,0,7.959,7.959,2.4,3.52,7.457,7.857,85,139,236,83,86,87,96,232,0,0,0,0,93,129,237,108,40,64,0,185,93,52,64,0,129,233,198,40,64,0,139,213,129,194,198,40,64,0,141,58,139,247,51,192,235,4,144,235,1,194,172,4,83,248,2,193,42,193,192,200,120,4,119,235,1.0,1.0,2.0,2.0,-1,1,26.0,0
0,0,0,0,0,0,0,0,0,4194304,4096,4,0,126976,56320,4096,45568,0,1048576,4096,4096,4,1,0.8,2,4,2,2,4,2,0,1,0,1,1,0,0.39,0,2,1.016,0.39,0,7.964,7.851,4.151,3.595,6.308,7.869,85,139,236,83,86,87,96,232,0,0,0,0,93,129,237,108,40,64,0,185,93,52,64,0,129,233,198,40,64,0,139,213,129,194,198,40,64,0,141,58,139,247,51,192,235,4,144,235,1,194,172,4,41,192,200,68,192,192,230,235,1,233,235,1,1.0,1.0,2.0,2.0,-1,1,174.0,0
0,0,0,0,0,0,0,0,209146,4194304,4096,4,0,159744,24576,4096,122880,0,1048576,4096,4096,3,1,0.75,2,4,2,2,4,2,0,1,0,1,1,0,0.39,0,2,1.063,0.39,0,7.958,7.969,-1,3.801,7.55,6.103,85,139,236,83,86,87,96,232,0,0,0,0,93,129,237,108,40,64,0,185,93,52,64,0,129,233,198,40,64,0,139,213,129,194,198,40,64,0,141,58,139,247,51,192,235,4,144,235,1,194,172,192,192,244,192,200,222,52,130,44,204,192,192,93,1.0,1.0,2.0,2.0,-1,1,-1,0
0,0,0,0,0,0,0,1,529413,4194304,4096,5,0,499712,323584,1024,148480,0,1048576,4096,4096,4,1,0.8,2,4,2,2,4,2,0,1,0,1,1,0,0.39,0,2,1.006,0.39,0,7.96,7.672,4.029,3.813,7.306,7.871,85,139,236,83,86,87,96,232,0,0,0,0,93,129,237,108,40,64,0,185,93,52,64,0,129,233,198,40,64,0,139,213,129,194,198,40,64,0,141,58,139,247,51,192,235,4,144,235,1,194,172,144,2,193,2,193,2,193,254,200,52,226,52,149,1.0,1.0,2.0,2.0,-1,0,316.0,0
0,0,0,0,0,0,0,0,224466,4194304,4096,4,0,180224,28672,4096,139264,0,1048576,4096,4096,4,1,0.8,2,4,2,2,4,2,0,1,0,1,1,0,0.39,0,2,1.155,0.39,0,7.093,6.638,3.922,3.873,6.78,7.861,85,139,236,83,86,87,96,232,0,0,0,0,93,129,237,108,40,64,0,185,93,52,64,0,129,233,198,40,64,0,139,213,129,194,198,40,64,0,141,58,139,247,51,192,235,4,144,235,1,194,172,192,192,53,42,193,248,235,1,232,192,200,66,249,1.0,1.0,2.0,2.0,-1,0,140.0,0
0,0,0,0,0,0,0,1,0,4194304,16,4,0,1429504,1766614113,512,1918988898,16761,1048576,4096,4096,0,3,0.0,3,3,3,3,3,3,0,1,1,1,1,0,0.001,0,3,0.951,0.001,1,-1,-1,-1,5.289,3.367,5.277,190,176,17,64,0,173,80,255,118,52,235,124,72,1,3,1,11,1,76,111,97,100,76,105,98,114,97,114,121,65,0,0,24,16,0,0,16,0,0,0,0,48,2,0,0,0,64,0,0,16,0,0,0,2,0,0,4,0,0,0,0,0,57,0,1.0,1.0,2.0,2.0,-1,1,661.0,0
0,0,0,0,0,0,0,0,0,4194304,16,4,0,196608,1766614113,512,1918988898,16761,1048576,4096,4096,0,3,0.0,3,3,3,3,3,3,0,1,1,1,1,0,0.004,0,3,0.594,0.004,1,-1,-1,-1,5.184,3.021,5.154,190,176,17,64,0,173,80,255,118,52,235,124,72,1,3,1,11,1,76,111,97,100,76,105,98,114,97,114,121,65,0,0,24,16,0,0,16,0,0,0,0,240,0,0,0,0,64,0,0,16,0,0,0,2,0,0,4,0,0,0,0,0,57,0,1.0,1.0,2.0,2.0,-1,1,112.0,0
0,0,0,0,0,0,0,0,0,4194304,16,4,0,360448,1766614113,512,1918988898,16761,1048576,4096,4096,0,3,0.0,3,3,3,3,3,3,0,1,1,1,1,0,0.002,0,3,0.749,0.002,1,-1,-1,-1,5.236,3.118,5.24,190,176,17,64,0,173,80,255,118,52,235,124,72,1,3,1,11,1,76,111,97,100,76,105,98,114,97,114,121,65,0,0,24,16,0,0,16,0,0,0,0,80,2,0,0,0,64,0,0,16,0,0,0,2,0,0,4,0,0,0,0,0,57,0,1.0,1.0,2.0,2.0,-1,1,148.0,0
0,0,0,0,0,0,0,1,0,4194304,16,4,0,4038656,1766614113,512,1918988898,16761,1048576,4096,4096,0,3,0.0,3,3,3,3,3,3,0,1,1,1,1,0,0.0,0,3,0.963,0.0,1,-1,-1,-1,5.297,2.232,5.299,190,176,17,64,0,173,80,255,118,52,235,124,72,1,3,1,11,1,76,111,97,100,76,105,98,114,97,114,121,65,0,0,24,16,0,0,16,0,0,0,0,32,20,0,0,0,64,0,0,16,0,0,0,2,0,0,4,0,0,0,0,0,57,0,1.0,1.0,2.0,2.0,-1,1,1613.0,0
0,0,0,0,0,0,0,0,0,4194304,16,4,0,229376,1766614113,512,1918988898,16761,1048576,4096,4096,0,3,0.0,3,3,3,3,3,3,0,1,1,1,1,0,0.004,0,3,0.619,0.004,1,-1,-1,-1,5.232,2.989,5.189,190,176,17,64,0,173,80,255,118,52,235,124,72,1,3,1,11,1,76,111,97,100,76,105,98,114,97,114,121,65,0,0,24,16,0,0,16,0,0,0,0,64,1,0,0,0,64,0,0,16,0,0,0,2,0,0,4,0,0,0,0,0,57,0,1.0,1.0,2.0,2.0,-1,1,157.0,0
0,0,0,0,0,0,0,0,0,4194304,16,4,0,229376,1766614113,512,1918988898,16761,1048576,4096,4096,0,3,0.0,3,3,3,3,3,3,0,1,1,1,1,0,0.004,0,3,0.645,0.004,1,-1,-1,-1,5.205,3.029,5.172,190,176,17,64,0,173,80,255,118,52,235,124,72,1,3,1,11,1,76,111,97,100,76,105,98,114,97,114,121,65,0,0,24,16,0,0,16,0,0,0,0,0,1,0,0,0,64,0,0,16,0,0,0,2,0,0,4,0,0,0,0,0,57,0,1.0,1.0,2.0,2.0,-1,1,155.0,0
0,0,0,0,0,0,0,1,0,4194304,16,4,0,475136,1766614113,512,1918988898,16761,1048576,4096,4096,0,3,0.0,3,3,3,3,3,3,0,1,1,1,1,0,0.002,0,3,0.795,0.002,1,-1,-1,-1,5.241,2.909,5.22,190,176,17,64,0,173,80,255,118,52,235,124,72,1,3,1,11,1,76,111,97,100,76,105,98,114,97,114,121,65,0,0,24,16,0,0,16,0,0,0,0,176,3,0,0,0,64,0,0,16,0,0,0,2,0,0,4,0,0,0,0,0,57,0,1.0,1.0,2.0,2.0,-1,1,100.0,0
0,0,0,0,0,0,0,1,0,4194304,16,4,0,331776,1766614113,512,1918988898,16761,1048576,4096,4096,0,3,0.0,3,3,3,3,3,3,0,1,1,1,1,0,0.002,0,3,0.738,0.002,1,-1,-1,-1,5.186,2.849,5.184,190,176,17,64,0,173,80,255,118,52,235,124,72,1,3,1,11,1,76,111,97,100,76,105,98,114,97,114,121,65,0,0,24,16,0,0,16,0,0,0,0,32,2,0,0,0,64,0,0,16,0,0,0,2,0,0,4,0,0,0,0,0,57,0,1.0,1.0,2.0,2.0,-1,1,105.0,0
0,0,0,0,0,0,0,0,0,4194304,16,4,0,200704,1766614113,512,1918988898,16761,1048576,4096,4096,0,3,0.0,3,3,3,3,3,3,0,1,1,1,1,0,0.004,0,3,0.61,0.004,1,-1,-1,-1,5.186,3.017,5.191,190,176,17,64,0,173,80,255,118,52,235,124,72,1,3,1,11,1,76,111,97,100,76,105,98,114,97,114,121,65,0,0,24,16,0,0,16,0,0,0,0,240,0,0,0,0,64,0,0,16,0,0,0,2,0,0,4,0,0,0,0,0,57,0,1.0,1.0,2.0,2.0,-1,1,142.0,0
0,0,1,0,0,0,0,1,0,4194304,16,4,0,225280,1766614113,512,1918988898,16761,1048576,4096,4096,0,3,0.0,3,3,3,3,3,3,0,1,1,1,1,0,0.004,0,3,0.601,0.004,1,-1,-1,-1,5.254,3.025,5.216,190,176,17,64,0,173,80,255,118,52,235,124,72,1,3,1,11,1,76,111,97,100,76,105,98,114,97,114,121,65,0,0,24,16,0,0,16,0,0,0,0,16,1,0,0,0,64,0,0,16,0,0,0,2,0,0,4,0,0,0,0,0,57,0,1.0,1.0,2.0,2.0,-1,1,14.0,0
0,0,0,0,0,0,0,0,0,4194304,16,4,0,151552,1766614113,512,1918988898,16761,1048576,4096,4096,0,3,0.0,3,3,3,3,3,3,0,1,1,1,1,0,0.006,0,3,0.53,0.006,1,-1,-1,-1,5.178,3.04,5.144,190,176,17,64,0,173,80,255,118,52,235,124,72,1,3,1,11,1,76,111,97,100,76,105,98,114,97,114,121,65,0,0,24,16,0,0,16,0,0,0,0,192,0,0,0,0,64,0,0,16,0,0,0,2,0,0,4,0,0,0,0,0,57,0,1.0,1.0,2.0,2.0,-1,1,112.0,0
0,0,0,0,0,0,0,0,0,4194304,16,4,0,385024,1766614113,512,1918988898,16761,1048576,4096,4096,0,3,0.0,3,3,3,3,3,3,0,1,1,1,1,0,0.002,0,3,0.726,0.002,1,-1,-1,-1,5.232,2.417,5.162,190,176,17,64,0,173,80,255,118,52,235,124,72,1,15,1,11,1,76,111,97,100,76,105,98,114,97,114,121,65,0,0,24,16,0,0,16,0,0,0,0,128,1,0,0,0,64,0,0,16,0,0,0,2,0,0,4,0,0,0,0,0,57,0,1.0,1.0,2.0,2.0,-1,1,138.0,0
0,0,1,0,0,0,0,1,0,4194304,16,4,0,237568,1766614113,512,1918988898,16761,1048576,4096,4096,0,3,0.0,3,3,3,3,3,3,0,1,1,1,1,0,0.003,0,3,0.602,0.003,1,-1,-1,-1,5.264,2.994,5.215,190,176,17,64,0,173,80,255,118,52,235,124,72,1,3,1,11,1,76,111,97,100,76,105,98,114,97,114,121,65,0,0,24,16,0,0,16,0,0,0,0,32,1,0,0,0,64,0,0,16,0,0,0,2,0,0,4,0,0,0,0,0,57,0,1.0,1.0,2.0,2.0,-1,1,14.0,0
0,0,0,0,0,0,0,0,0,4194304,16,4,0,131072,1766614113,512,1918988898,16761,1048576,4096,4096,0,3,0.0,3,3,3,3,3,3,0,1,1,1,1,0,0.008,0,3,0.474,0.008,1,-1,-1,-1,5.124,2.401,5.021,190,176,17,64,0,173,80,255,118,52,235,124,72,1,31,1,11,1,76,111,97,100,76,105,98,114,97,114,121,65,0,0,24,16,0,0,16,0,0,0,0,208,0,0,0,0,64,0,0,16,0,0,0,2,0,0,4,0,0,0,0,0,57,0,0.0,-1,0.0,0.0,-1,1,-1,0
0,0,1,0,0,0,0,1,0,4194304,16,4,0,204800,1766614113,512,1918988898,16761,1048576,4096,4096,0,3,0.0,3,3,3,3,3,3,0,1,1,1,1,0,0.004,0,3,0.568,0.004,1,-1,-1,-1,5.232,3.056,5.2,190,176,17,64,0,173,80,255,118,52,235,124,72,1,3,1,11,1,76,111,97,100,76,105,98,114,97,114,121,65,0,0,24,16,0,0,16,0,0,0,0,240,0,0,0,0,64,0,0,16,0,0,0,2,0,0,4,0,0,0,0,0,57,0,1.0,1.0,2.0,2.0,-1,1,14.0,0
0,0,0,0,0,0,0,0,0,4194304,16,4,0,163840,1766614113,512,1918988898,16761,1048576,4096,4096,0,3,0.0,3,3,3,3,3,3,0,1,1,1,1,0,0.006,0,3,0.555,0.006,1,-1,-1,-1,5.219,2.73,5.151,190,176,17,64,0,173,80,255,118,52,235,124,72,1,3,1,11,1,76,111,97,100,76,105,98,114,97,114,121,65,0,0,24,16,0,0,16,0,0,0,0,208,0,0,0,0,64,0,0,16,0,0,0,2,0,0,4,0,0,0,0,0,57,0,1.0,1.0,2.0,2.0,-1,1,135.0,0
0,0,0,0,0,0,0,0,0,4194304,16,4,0,307200,1766614113,512,1918988898,16761,1048576,4096,4096,0,3,0.0,3,3,3,3,3,3,0,1,1,1,1,0,0.002,0,3,0.672,0.002,1,-1,-1,-1,5.218,2.479,5.197,190,176,17,64,0,173,80,255,118,52,235,124,72,1,3,1,11,1,76,111,97,100,76,105,98,114,97,114,121,65,0,0,24,16,0,0,16,0,0,0,0,32,1,0,0,0,64,0,0,16,0,0,0,2,0,0,4,0,0,0,0,0,57,0,1.0,1.0,2.0,2.0,-1,1,19.0,0
0,0,1,0,0,0,0,1,0,4194304,16,4,0,299008,1766614113,512,1918988898,16761,1048576,4096,4096,0,3,0.0,3,3,3,3,3,3,0,1,1,1,1,0,0.003,0,3,0.667,0.003,1,-1,-1,-1,5.223,2.893,5.179,190,176,17,64,0,173,80,255,118,52,235,124,72,1,3,1,11,1,76,111,97,100,76,105,98,114,97,114,121,65,0,0,24,16,0,0,16,0,0,0,0,160,1,0,0,0,64,0,0,16,0,0,0,2,0,0,4,0,0,0,0,0,57,0,1.0,1.0,2.0,2.0,-1,1,14.0,0
0,0,1,0,0,0,0,1,0,4194304,16,4,0,249856,1766614113,512,1918988898,16761,1048576,4096,4096,0,3,0.0,3,3,3,3,3,3,0,1,1,1,1,0,0.003,0,3,0.645,0.003,1,-1,-1,-1,5.237,3.001,5.217,190,176,17,64,0,173,80,255,118,52,235,124,72,1,3,1,11,1,76,111,97,100,76,105,98,114,97,114,121,65,0,0,24,16,0,0,16,0,0,0,0,64,1,0,0,0,64,0,0,16,0,0,0,2,0,0,4,0,0,0,0,0,57,0,1.0,1.0,2.0,2.0,-1,1,14.0,0
0,0,0,0,0,0,0,1,0,4194304,16,4,0,299008,1766614113,512,1918988898,16761,1048576,4096,4096,0,3,0.0,3,3,3,3,3,3,0,1,1,1,1,0,0.003,0,3,0.705,0.003,1,-1,-1,-1,5.237,2.793,5.229,190,176,17,64,0,173,80,255,118,52,235,124,72,1,3,1,11,1,76,111,97,100,76,105,98,114,97,114,121,65,0,0,24,16,0,0,16,0,0,0,0,32,2,0,0,0,64,0,0,16,0,0,0,2,0,0,4,0,0,0,0,0,57,0,1.0,1.0,2.0,2.0,-1,1,14.0,0
0,0,1,0,0,0,0,1,0,4194304,16,4,0,253952,1766614113,512,1918988898,16761,1048576,4096,4096,0,3,0.0,3,3,3,3,3,3,0,1,1,1,1,0,0.003,0,3,0.621,0.003,1,-1,-1,-1,5.239,2.981,5.206,190,176,17,64,0,173,80,255,118,52,235,124,72,1,3,1,11,1,76,111,97,100,76,105,98,114,97,114,121,65,0,0,24,16,0,0,16,0,0,0,0,80,1,0,0,0,64,0,0,16,0,0,0,2,0,0,4,0,0,0,0,0,57,0,1.0,1.0,2.0,2.0,-1,1,14.0,0
0,0,1,0,0,0,0,1,0,4194304,16,4,0,286720,1766614113,512,1918988898,16761,1048576,4096,4096,0,3,0.0,3,3,3,3,3,3,0,1,1,1,1,0,0.003,0,3,0.673,0.003,1,-1,-1,-1,5.238,3.019,5.235,190,176,17,64,0,173,80,255,118,52,235,124,72,1,3,1,11,1,76,111,97,100,76,105,98,114,97,114,121,65,0,0,24,16,0,0,16,0,0,0,0,144,1,0,0,0,64,0,0,16,0,0,0,2,0,0,4,0,0,0,0,0,57,0,1.0,1.0,2.0,2.0,-1,1,14.0,0
0,0,1,0,0,0,0,1,0,4194304,16,4,0,409600,1766614113,512,1918988898,16761,1048576,4096,4096,0,3,0.0,3,3,3,3,3,3,0,1,1,1,1,0,0.002,0,3,0.728,0.002,1,-1,-1,-1,5.284,2.633,5.249,190,176,17,64,0,173,80,255,118,52,235,124,72,1,3,1,11,1,76,111,97,100,76,105,98,114,97,114,121,65,0,0,24,16,0,0,16,0,0,0,0,112,1,0,0,0,64,0,0,16,0,0,0,2,0,0,4,0,0,0,0,0,57,0,1.0,1.0,2.0,2.0,-1,1,19.0,0
0,0,1,0,0,0,0,1,0,4194304,16,4,0,475136,1766614113,512,1918988898,16761,1048576,4096,4096,0,3,0.0,3,3,3,3,3,3,0,1,1,1,1,0,0.001,0,3,0.757,0.001,1,-1,-1,-1,5.265,2.514,5.245,190,176,17,64,0,173,80,255,118,52,235,124,72,1,3,1,11,1,76,111,97,100,76,105,98,114,97,114,121,65,0,0,24,16,0,0,16,0,0,0,0,176,1,0,0,0,64,0,0,16,0,0,0,2,0,0,4,0,0,0,0,0,57,0,1.0,1.0,2.0,2.0,-1,1,19.0,0
0,0,1,0,0,0,0,1,0,4194304,16,4,0,241664,1766614113,512,1918988898,16761,1048576,4096,4096,0,3,0.0,3,3,3,3,3,3,0,1,1,1,1,0,0.003,0,3,0.643,0.003,1,-1,-1,-1,5.243,3.081,5.222,190,176,17,64,0,173,80,255,118,52,235,124,72,1,3,1,11,1,76,111,97,100,76,105,98,114,97,114,121,65,0,0,24,16,0,0,16,0,0,0,0,64,1,0,0,0,64,0,0,16,0,0,0,2,0,0,4,0,0,0,0,0,57,0,1.0,1.0,2.0,2.0,-1,1,14.0,0
0,0,0,0,0,0,0,1,0,4194304,16,4,0,1077248,1766614113,512,1918988898,16761,1048576,4096,4096,0,3,0.0,3,3,3,3,3,3,0,1,1,1,1,0,0.001,0,3,0.823,0.001,1,-1,-1,-1,5.259,1.607,5.221,190,176,17,64,0,173,80,255,118,52,235,124,72,1,3,1,11,1,76,111,97,100,76,105,98,114,97,114,121,65,0,0,24,16,0,0,16,0,0,0,0,32,3,0,0,0,64,0,0,16,0,0,0,2,0,0,4,0,0,0,0,0,57,0,1.0,1.0,2.0,2.0,-1,1,149.0,0
0,0,0,0,0,0,0,1,0,4194304,16,4,0,2756608,1766614113,512,1918988898,16761,1048576,4096,4096,0,3,0.0,3,3,3,3,3,3,0,1,1,1,1,0,0.0,0,3,0.953,0.0,1,-1,-1,-1,5.268,2.476,5.261,190,176,17,64,0,173,80,255,118,52,235,124,72,1,3,1,11,1,76,111,97,100,76,105,98,114,97,114,121,65,0,0,24,16,0,0,16,0,0,0,0,160,18,0,0,0,64,0,0,16,0,0,0,2,0,0,4,0,0,0,0,0,57,0,1.0,1.0,2.0,2.0,-1,1,318.0,0
0,0,0,0,0,0,0,0,0,4194304,4096,4,0,974848,530432,512,124416,0,1048576,16384,4096,1,1,0.5,2,2,2,2,2,2,0,1,1,1,0,0,0.885,1,2,0.885,0.0,0,-1,-1,7.898,2.846,2.613,7.898,96,232,9,0,0,0,1,102,14,0,233,6,2,0,0,51,201,94,135,14,227,244,43,241,139,222,173,43,216,173,3,195,80,151,173,145,243,165,94,173,86,145,1,30,173,226,251,173,141,110,16,1,93,0,141,125,28,181,28,243,171,94,173,83,1.0,1.0,2.0,2.0,-1,1,199.0,0
0,0,0,0,0,0,0,0,0,4194304,16,4,0,712704,1766614113,512,1918988898,16761,1048576,4096,4096,0,3,0.0,3,3,3,3,3,3,0,1,1,1,1,0,0.001,0,3,0.815,0.001,1,-1,-1,-1,5.254,2.197,5.244,190,176,17,64,0,173,80,255,118,52,235,124,72,1,15,1,11,1,76,111,97,100,76,105,98,114,97,114,121,65,0,0,24,16,0,0,16,0,0,0,0,112,6,0,0,0,64,0,0,16,0,0,0,2,0,0,4,0,0,0,0,0,57,0,1.0,1.0,2.0,2.0,-1,1,123.0,0
0,0,0,0,0,0,0,0,0,4194304,16,4,0,126976,1766614113,512,1918988898,16761,1048576,4096,4096,0,3,0.0,3,3,3,3,3,3,0,1,1,1,1,0,0.007,0,3,0.336,0.007,1,-1,-1,-1,5.199,1.392,5.128,190,176,17,64,0,173,80,255,118,52,235,124,72,1,15,1,11,1,76,111,97,100,76,105,98,114,97,114,121,65,0,0,24,16,0,0,16,0,0,0,0,96,0,0,0,0,64,0,0,16,0,0,0,2,0,0,4,0,0,0,0,0,57,0,1.0,1.0,2.0,2.0,-1,1,31.0,0
0,0,1,0,0,0,0,1,0,4194304,16,4,0,667648,1766614113,512,1918988898,16761,1048576,4096,4096,0,3,0.0,3,3,3,3,3,3,0,1,1,1,1,0,0.001,0,3,0.823,0.001,1,-1,-1,-1,5.289,2.791,5.262,190,176,17,64,0,173,80,255,118,52,235,124,72,1,3,1,11,1,76,111,97,100,76,105,98,114,97,114,121,65,0,0,24,16,0,0,16,0,0,0,0,112,1,0,0,0,64,0,0,16,0,0,0,2,0,0,4,0,0,0,0,0,57,0,1.0,1.0,2.0,2.0,-1,1,22.0,0
0,0,0,0,0,0,0,0,0,4194304,16,4,0,221184,1766614113,512,1918988898,16761,1048576,4096,4096,0,3,0.0,3,3,3,3,3,3,0,1,1,1,1,0,0.004,0,3,0.632,0.004,1,-1,-1,-1,5.212,3.082,5.162,190,176,17,64,0,173,80,255,118,52,235,124,72,1,3,1,11,1,76,111,97,100,76,105,98,114,97,114,121,65,0,0,24,16,0,0,16,0,0,0,0,32,1,0,0,0,64,0,0,16,0,0,0,2,0,0,4,0,0,0,0,0,57,0,1.0,1.0,2.0,2.0,-1,1,151.0,0
0,0,0,0,0,0,0,0,0,4194304,16,4,0,188416,1766614113,512,1918988898,16761,1048576,4096,4096,0,3,0.0,3,3,3,3,3,3,0,1,1,1,1,0,0.005,0,3,0.596,0.005,1,-1,-1,-1,5.217,3.061,5.193,190,176,17,64,0,173,80,255,118,52,235,124,72,1,3,1,11,1,76,111,97,100,76,105,98,114,97,114,121,65,0,0,24,16,0,0,16,0,0,0,0,208,0,0,0,0,64,0,0,16,0,0,0,2,0,0,4,0,0,0,0,0,57,0,1.0,1.0,2.0,2.0,-1,1,134.0,0
0,0,1,0,0,0,0,1,0,4194304,16,4,0,241664,1766614113,512,1918988898,16761,1048576,4096,4096,0,3,0.0,3,3,3,3,3,3,0,1,1,1,1,0,0.003,0,3,0.634,0.003,1,-1,-1,-1,5.237,3.054,5.208,190,176,17,64,0,173,80,255,118,52,235,124,72,1,3,1,11,1,76,111,97,100,76,105,98,114,97,114,121,65,0,0,24,16,0,0,16,0,0,0,0,48,1,0,0,0,64,0,0,16,0,0,0,2,0,0,4,0,0,0,0,0,57,0,1.0,1.0,2.0,2.0,-1,1,14.0,0
0,0,0,0,0,0,0,0,0,4194304,16,4,0,212992,1766614113,512,1918988898,16761,1048576,4096,4096,0,3,0.0,3,3,3,3,3,3,0,1,1,1,1,0,0.004,0,3,0.611,0.004,1,-1,-1,-1,5.214,2.968,5.173,190,176,17,64,0,173,80,255,118,52,235,124,72,1,3,1,11,1,76,111,97,100,76,105,98,114,97,114,121,65,0,0,24,16,0,0,16,0,0,0,0,16,1,0,0,0,64,0,0,16,0,0,0,2,0,0,4,0,0,0,0,0,57,0,1.0,1.0,2.0,2.0,-1,1,150.0,0
0,0,0,0,0,0,0,0,0,4194304,16,4,0,733184,1766614113,512,1918988898,16761,524288,131072,4096,0,3,0.0,3,3,3,3,3,3,0,1,1,1,1,0,0.001,0,3,0.862,0.001,1,-1,-1,-1,5.269,2.77,5.286,190,176,17,64,0,173,80,255,118,52,235,124,72,1,15,1,11,1,76,111,97,100,76,105,98,114,97,114,121,65,0,0,24,16,0,0,16,0,0,0,0,64,5,0,0,0,64,0,0,16,0,0,0,2,0,0,4,0,0,0,0,0,57,0,1.0,1.0,2.0,2.0,-1,1,345.0,0
0,0,0,0,0,0,0,0,0,4194304,16,4,0,2232320,1766614113,512,1918988898,16761,1048576,4096,4096,0,3,0.0,3,3,3,3,3,3,0,1,1,1,1,0,0.0,0,3,0.946,0.0,1,-1,-1,-1,5.239,2.605,5.221,190,176,17,64,0,173,80,255,118,52,235,124,72,1,3,1,11,1,76,111,97,100,76,105,98,114,97,114,121,65,0,0,24,16,0,0,16,0,0,0,0,112,20,0,0,0,64,0,0,16,0,0,0,2,0,0,4,0,0,0,0,0,57,0,1.0,1.0,2.0,2.0,-1,1,97.0,0
0,0,0,0,0,0,0,0,0,4194304,16,4,0,208896,1766614113,512,1918988898,16761,1048576,4096,4096,0,3,0.0,3,3,3,3,3,3,0,1,1,1,1,0,0.004,0,3,0.621,0.004,1,-1,-1,-1,5.244,3.074,5.209,190,176,17,64,0,173,80,255,118,52,235,124,72,1,3,1,11,1,76,111,97,100,76,105,98,114,97,114,121,65,0,0,24,16,0,0,16,0,0,0,0,240,0,0,0,0,64,0,0,16,0,0,0,2,0,0,4,0,0,0,0,0,57,0,1.0,1.0,2.0,2.0,-1,1,151.0,0
0,0,0,0,0,0,0,0,0,4194304,16,4,0,208896,1766614113,512,1918988898,16761,1048576,4096,4096,0,3,0.0,3,3,3,3,3,3,0,1,1,1,1,0,0.004,0,3,0.613,0.004,1,-1,-1,-1,5.219,3.026,5.185,190,176,17,64,0,173,80,255,118,52,235,124,72,1,3,1,11,1,76,111,97,100,76,105,98,114,97,114,121,65,0,0,24,16,0,0,16,0,0,0,0,16,1,0,0,0,64,0,0,16,0,0,0,2,0,0,4,0,0,0,0,0,57,0,1.0,1.0,2.0,2.0,-1,1,118.0,0
0,0,0,0,0,0,0,0,0,4194304,16,4,0,212992,1766614113,512,1918988898,16761,1048576,4096,4096,0,3,0.0,3,3,3,3,3,3,0,1,1,1,1,0,0.003,0,3,0.466,0.003,1,-1,-1,-1,5.142,1.885,5.106,190,176,17,64,0,173,80,255,118,52,235,124,72,1,15,1,11,1,76,111,97,100,76,105,98,114,97,114,121,65,0,0,24,16,0,0,16,0,0,0,0,96,0,0,0,0,64,0,0,16,0,0,0,2,0,0,4,0,0,0,0,0,57,0,0.0,-1,0.0,0.0,-1,1,-1,0
0,0,0,0,0,0,0,0,0,4194304,16,4,0,147456,1766614113,512,1918988898,16761,1048576,4096,4096,0,3,0.0,3,3,3,3,3,3,0,1,1,1,1,0,0.006,0,3,0.509,0.006,1,-1,-1,-1,5.209,2.694,5.175,190,176,17,64,0,173,80,255,118,52,235,124,72,1,3,1,11,1,76,111,97,100,76,105,98,114,97,114,121,65,0,0,24,16,0,0,16,0,0,0,0,176,0,0,0,0,64,0,0,16,0,0,0,2,0,0,4,0,0,0,0,0,57,0,1.0,1.0,2.0,2.0,-1,1,106.0,0
0,0,0,0,0,0,0,1,0,4194304,16,4,0,1908736,1766614113,512,1918988898,16761,1048576,4096,4096,0,3,0.0,3,3,3,3,3,3,0,1,1,1,1,0,0.0,0,3,0.886,0.0,1,-1,-1,-1,5.244,1.499,5.242,190,176,17,64,0,173,80,255,118,52,235,124,72,1,3,1,11,1,76,111,97,100,76,105,98,114,97,114,121,65,0,0,24,16,0,0,16,0,0,0,0,64,3,0,0,0,64,0,0,16,0,0,0,2,0,0,4,0,0,0,0,0,57,0,1.0,1.0,2.0,2.0,-1,1,68.0,0
0,0,0,0,0,0,0,0,0,4194304,16,4,0,348160,1766614113,512,1918988898,16761,1048576,4096,4096,0,3,0.0,3,3,3,3,3,3,0,1,1,1,1,0,0.002,0,3,0.667,0.002,1,-1,-1,-1,5.21,2.264,5.21,190,176,17,64,0,173,80,255,118,52,235,124,72,1,15,1,11,1,76,111,97,100,76,105,98,114,97,114,121,65,0,0,24,16,0,0,16,0,0,0,0,64,1,0,0,0,64,0,0,16,0,0,0,2,0,0,4,0,0,0,0,0,57,0,1.0,1.0,2.0,2.0,-1,1,109.0,0
0,0,0,0,0,0,0,1,0,4194304,16,4,0,757760,1766614113,512,1918988898,16761,1048576,4096,4096,0,3,0.0,3,3,3,3,3,3,0,1,1,1,1,0,0.001,0,3,0.824,0.001,1,-1,-1,-1,5.245,2.348,5.182,190,176,17,64,0,173,80,255,118,52,235,124,72,1,3,1,11,1,76,111,97,100,76,105,98,114,97,114,121,65,0,0,24,16,0,0,16,0,0,0,0,64,3,0,0,0,64,0,0,16,0,0,0,2,0,0,4,0,0,0,0,0,57,0,1.0,1.0,2.0,2.0,-1,1,176.0,0
0,0,0,0,0,0,0,0,0,4194304,16,4,0,143360,1766614113,512,1918988898,16761,1048576,4096,4096,0,3,0.0,3,3,3,3,3,3,0,1,1,1,1,0,0.006,0,3,0.437,0.006,1,-1,-1,-1,5.218,1.824,5.15,190,176,17,64,0,173,80,255,118,52,235,124,72,1,15,1,11,1,76,111,97,100,76,105,98,114,97,114,121,65,0,0,24,16,0,0,16,0,0,0,0,192,0,0,0,0,64,0,0,16,0,0,0,2,0,0,4,0,0,0,0,0,57,0,1.0,1.0,2.0,2.0,-1,1,53.0,0
0,0,0,0,0,0,0,0,0,4194304,16,4,0,212992,1766614113,512,1918988898,16761,1048576,4096,4096,0,3,0.0,3,3,3,3,3,3,0,1,1,1,1,0,0.003,0,3,0.476,0.003,1,-1,-1,-1,5.146,1.912,5.131,190,176,17,64,0,173,80,255,118,52,235,124,72,1,15,1,11,1,76,111,97,100,76,105,98,114,97,114,121,65,0,0,24,16,0,0,16,0,0,0,0,96,0,0,0,0,64,0,0,16,0,0,0,2,0,0,4,0,0,0,0,0,57,0,0.0,-1,0.0,0.0,-1,1,-1,0
0,0,1,0,0,0,0,1,0,4194304,16,4,0,581632,1766614113,512,1918988898,16761,1048576,4096,4096,0,3,0.0,3,3,3,3,3,3,0,1,1,1,1,0,0.001,0,3,0.736,0.001,1,-1,-1,-1,5.243,2.018,5.167,190,176,17,64,0,173,80,255,118,52,235,124,72,1,3,1,11,1,76,111,97,100,76,105,98,114,97,114,121,65,0,0,24,16,0,0,16,0,0,0,0,144,2,0,0,0,64,0,0,16,0,0,0,2,0,0,4,0,0,0,0,0,57,0,1.0,1.0,2.0,2.0,-1,1,14.0,0
0,0,0,0,0,0,0,0,0,4194304,16,4,0,225280,1766614113,512,1918988898,16761,1048576,4096,4096,0,3,0.0,3,3,3,3,3,3,0,1,1,1,1,0,0.003,0,3,0.505,0.003,1,-1,-1,-1,5.206,1.955,5.153,190,176,17,64,0,173,80,255,118,52,235,124,72,1,15,1,11,1,76,111,97,100,76,105,98,114,97,114,121,65,0,0,24,16,0,0,16,0,0,0,0,112,0,0,0,0,64,0,0,16,0,0,0,2,0,0,4,0,0,0,0,0,57,0,1.0,1.0,2.0,2.0,-1,1,24.0,0
0,0,0,0,0,0,0,0,0,4194304,16,4,0,221184,1766614113,512,1918988898,16761,1048576,4096,4096,0,3,0.0,3,3,3,3,3,3,0,1,1,1,1,0,0.003,0,3,0.472,0.003,1,-1,-1,-1,5.145,1.93,5.124,190,176,17,64,0,173,80,255,118,52,235,124,72,1,15,1,11,1,76,111,97,100,76,105,98,114,97,114,121,65,0,0,24,16,0,0,16,0,0,0,0,112,0,0,0,0,64,0,0,16,0,0,0,2,0,0,4,0,0,0,0,0,57,0,0.0,-1,0.0,0.0,-1,1,-1,0
0,0,0,0,0,0,0,1,0,4194304,16,4,0,704512,1766614113,512,1918988898,16761,1048576,4096,4096,0,3,0.0,3,3,3,3,3,3,0,1,1,1,1,0,0.001,0,3,0.84,0.001,1,-1,-1,-1,5.254,2.601,5.254,190,176,17,64,0,173,80,255,118,52,235,124,72,1,3,1,11,1,76,111,97,100,76,105,98,114,97,114,121,65,0,0,24,16,0,0,16,0,0,0,0,0,5,0,0,0,64,0,0,16,0,0,0,2,0,0,4,0,0,0,0,0,57,0,1.0,1.0,2.0,2.0,-1,1,278.0,0
0,0,0,0,0,0,0,1,0,4194304,2289664,5,0,3227648,897024,4096,40960,2285568,1048576,4096,4096,1,2,0.333,2,3,2,2,3,2,0,1,1,1,1,0,0.999,1,3,0.999,0.0,0,-1,-1,3.322,4.086,3.056,7.899,96,190,0,240,98,0,141,190,0,32,221,255,87,235,11,144,138,6,70,136,7,71,1,219,117,7,139,30,131,238,252,17,219,114,237,184,1,0,0,0,1,219,117,7,139,30,131,238,252,17,219,17,192,1,219,115,11,117,40,139,30,131,238,252,12.0,14.0,4.0,0.286,-1,1,1528.0,0
0,0,0,0,0,0,0,0,0,4194304,69632,4,0,122880,40960,4096,12288,65536,1048576,4096,4096,1,2,0.333,2,3,2,2,3,2,0,1,1,1,1,0,0.913,1,3,0.913,0.0,0,-1,-1,3.269,4.149,3.94,7.866,96,190,0,16,65,0,141,190,0,0,255,255,87,131,205,255,235,16,144,144,144,144,144,144,138,6,70,136,7,71,1,219,117,7,139,30,131,238,252,17,219,114,237,184,1,0,0,0,1,219,117,7,139,30,131,238,252,17,219,17,192,1,219,115,8.0,10.0,4.0,0.4,-1,1,119.0,0
0,0,0,0,0,0,0,0,0,4194304,90112,4,0,151552,53248,4096,8192,86016,1048576,4096,4096,1,2,0.333,2,3,2,2,3,2,0,1,1,1,1,0,0.99,1,3,0.99,0.0,0,-1,-1,3.78,3.952,4.436,7.868,96,190,0,96,65,0,141,190,0,176,254,255,87,235,11,144,138,6,70,136,7,71,1,219,117,7,139,30,131,238,252,17,219,114,237,184,1,0,0,0,1,219,117,7,139,30,131,238,252,17,219,17,192,1,219,115,239,117,9,139,30,131,238,252,9.0,11.0,4.0,0.364,-1,1,155.0,0
0,0,0,0,0,0,0,0,0,4194304,86016,4,0,151552,53248,4096,12288,81920,1048576,4096,4096,1,2,0.333,2,3,2,2,3,2,0,1,1,1,1,0,0.952,1,3,0.952,0.0,0,-1,-1,4.788,4.068,4.461,7.854,96,190,0,80,65,0,141,190,0,192,254,255,87,131,205,255,235,16,144,144,144,144,144,144,138,6,70,136,7,71,1,219,117,7,139,30,131,238,252,17,219,114,237,184,1,0,0,0,1,219,117,7,139,30,131,238,252,17,219,17,192,1,219,115,10.0,12.0,4.0,0.333,-1,1,146.0,0
0,0,0,0,0,0,0,1,0,4194304,200704,5,0,335872,126976,4096,8192,196608,1048576,4096,4096,1,2,0.333,2,3,2,2,3,2,0,1,1,1,1,0,1.0,1,2,1.0,0.0,0,-1,-1,4.162,3.912,4.138,7.878,96,190,0,16,67,0,141,190,0,0,253,255,87,131,205,255,235,16,144,144,144,144,144,144,138,6,70,136,7,71,1,219,117,7,139,30,131,238,252,17,219,114,237,184,1,0,0,0,1,219,117,7,139,30,131,238,252,17,219,17,192,1,219,115,13.0,15.0,4.0,0.267,-1,1,96.0,0
0,0,0,0,0,0,0,1,0,4194304,135168,5,0,229376,86016,4096,8192,131072,1048576,4096,4096,1,2,0.333,2,3,2,2,3,2,0,1,1,1,1,0,0.982,1,3,0.982,0.0,0,-1,-1,3.701,4.045,4.114,7.863,96,190,0,16,66,0,141,190,0,0,254,255,87,131,205,255,235,16,144,144,144,144,144,144,138,6,70,136,7,71,1,219,117,7,139,30,131,238,252,17,219,114,237,184,1,0,0,0,1,219,117,7,139,30,131,238,252,17,219,17,192,1,219,115,12.0,14.0,4.0,0.286,-1,1,101.0,0
0,0,0,0,0,0,0,0,0,4194304,77824,4,0,135168,45056,4096,12288,73728,1048576,4096,4096,1,2,0.333,2,3,2,2,3,2,0,1,1,1,1,0,0.943,1,3,0.943,0.0,0,-1,-1,4.709,4.079,4.384,7.839,96,190,0,48,65,0,141,190,0,224,254,255,87,131,205,255,235,16,144,144,144,144,144,144,138,6,70,136,7,71,1,219,117,7,139,30,131,238,252,17,219,114,237,184,1,0,0,0,1,219,117,7,139,30,131,238,252,17,219,17,192,1,219,115,11.0,13.0,4.0,0.308,-1,1,140.0,0
0,0,0,0,0,0,0,0,0,4194304,57344,4,0,98304,32768,4096,8192,53248,1048576,4096,4096,1,2,0.333,2,3,2,2,3,2,0,1,1,1,1,0,0.922,1,3,0.922,0.0,0,-1,-1,3.625,4.041,4.447,7.817,96,190,0,224,64,0,141,190,0,48,255,255,87,235,11,144,138,6,70,136,7,71,1,219,117,7,139,30,131,238,252,17,219,114,237,184,1,0,0,0,1,219,117,7,139,30,131,238,252,17,219,17,192,1,219,115,239,117,9,139,30,131,238,252,11.0,13.0,4.0,0.308,-1,1,137.0,0
0,0,1,0,0,0,0,1,0,4194304,94208,5,1,151552,53248,4096,4096,90112,1048576,4096,4096,1,2,0.333,2,3,2,2,3,2,0,1,1,1,1,0,0.962,1,3,0.962,0.0,0,-1,-1,3.855,4.18,4.487,7.877,96,190,0,112,65,0,141,190,0,160,254,255,87,235,11,144,138,6,70,136,7,71,1,219,117,7,139,30,131,238,252,17,219,114,237,184,1,0,0,0,1,219,117,7,139,30,131,238,252,17,219,17,192,1,219,115,239,117,9,139,30,131,238,252,6.0,8.0,4.0,0.5,-1,1,14.0,0
0,0,0,0,0,0,0,0,0,4194304,57344,4,0,98304,32768,4096,8192,53248,1048576,4096,4096,1,2,0.333,2,3,2,2,3,2,0,1,1,1,1,0,0.938,1,3,0.938,0.0,0,-1,-1,3.566,4.11,4.501,7.852,96,190,0,224,64,0,141,190,0,48,255,255,87,235,11,144,138,6,70,136,7,71,1,219,117,7,139,30,131,238,252,17,219,114,237,184,1,0,0,0,1,219,117,7,139,30,131,238,252,17,219,17,192,1,219,115,239,117,9,139,30,131,238,252,9.0,11.0,4.0,0.364,-1,1,110.0,0
0,0,0,0,0,0,0,0,0,4194304,73728,4,0,126976,45056,4096,8192,69632,1048576,4096,4096,1,2,0.333,2,3,2,2,3,2,0,1,1,1,1,0,0.92,1,3,0.92,0.0,0,-1,-1,4.075,4.104,4.06,7.866,96,190,0,32,65,0,141,190,0,240,254,255,87,235,11,144,138,6,70,136,7,71,1,219,117,7,139,30,131,238,252,17,219,114,237,184,1,0,0,0,1,219,117,7,139,30,131,238,252,17,219,17,192,1,219,115,239,117,9,139,30,131,238,252,11.0,13.0,4.0,0.308,-1,1,128.0,0
0,0,0,0,0,0,0,0,0,4194304,65536,4,0,114688,40960,4096,8192,61440,1048576,4096,4096,1,2,0.333,2,3,2,2,3,2,0,1,1,1,1,0,0.925,1,3,0.925,0.0,0,-1,-1,4.697,3.852,4.349,7.829,96,190,0,0,65,0,141,190,0,16,255,255,87,131,205,255,235,16,144,144,144,144,144,144,138,6,70,136,7,71,1,219,117,7,139,30,131,238,252,17,219,114,237,184,1,0,0,0,1,219,117,7,139,30,131,238,252,17,219,17,192,1,219,115,10.0,12.0,4.0,0.333,-1,1,41.0,0
0,0,0,0,0,0,0,0,0,4194304,192512,4,0,278528,81920,4096,4096,188416,1048576,4096,4096,1,2,0.333,2,3,2,2,3,2,0,1,1,1,1,0,0.975,1,3,0.975,0.0,0,-1,-1,3.122,4.252,3.345,7.851,96,190,0,240,66,0,141,190,0,32,253,255,87,235,11,144,138,6,70,136,7,71,1,219,117,7,139,30,131,238,252,17,219,114,237,184,1,0,0,0,1,219,117,7,139,30,131,238,252,17,219,17,192,1,219,115,239,117,9,139,30,131,238,252,11.0,13.0,4.0,0.308,-1,1,121.0,0
0,0,0,0,0,0,0,0,0,4194304,102400,4,0,184320,73728,4096,8192,98304,1048576,4096,4096,1,2,0.333,2,3,2,2,3,2,0,1,1,1,1,0,0.972,1,3,0.972,0.0,0,-1,-1,4.227,3.984,4.688,7.832,96,190,0,144,65,0,141,190,0,128,254,255,87,131,205,255,235,16,144,144,144,144,144,144,138,6,70,136,7,71,1,219,117,7,139,30,131,238,252,17,219,114,237,184,1,0,0,0,1,219,117,7,139,30,131,238,252,17,219,17,192,1,219,115,11.0,13.0,4.0,0.308,-1,1,137.0,0
0,0,1,0,0,0,0,0,974885,4194304,1744896,4,0,2707456,917504,4096,45056,1740800,2097152,4096,4096,1,2,0.333,2,3,2,2,3,2,0,1,1,1,1,0,0.997,1,3,0.997,0.0,0,-1,-1,3.68,2.846,3.684,7.968,96,190,21,160,90,0,141,190,235,111,229,255,87,137,229,141,156,36,128,193,255,255,49,192,80,57,220,117,251,70,70,83,104,117,107,40,0,87,131,195,4,83,104,142,232,13,0,86,131,195,4,83,80,199,3,3,0,2,0,85,87,86,83,131,14.0,16.0,4.0,0.25,-1,1,205.0,0
0,0,1,0,0,0,0,1,0,4194304,98304,5,1,159744,57344,4096,4096,94208,1048576,4096,4096,1,2,0.333,2,3,2,2,3,2,0,1,1,1,1,0,0.946,1,3,0.946,0.0,0,-1,-1,3.803,4.171,4.444,7.868,96,190,0,128,65,0,141,190,0,144,254,255,87,131,205,255,235,16,144,144,144,144,144,144,138,6,70,136,7,71,1,219,117,7,139,30,131,238,252,17,219,114,237,184,1,0,0,0,1,219,117,7,139,30,131,238,252,17,219,17,192,1,219,115,6.0,8.0,4.0,0.5,-1,1,14.0,0
0,0,1,0,0,0,0,1,0,4194304,86016,5,1,139264,49152,4096,4096,81920,1048576,4096,4096,1,2,0.333,2,3,2,2,3,2,0,1,1,1,1,0,0.927,1,3,0.927,0.0,0,-1,-1,3.71,4.097,4.462,7.864,96,190,0,80,65,0,141,190,0,192,254,255,87,235,11,144,138,6,70,136,7,71,1,219,117,7,139,30,131,238,252,17,219,114,237,184,1,0,0,0,1,219,117,7,139,30,131,238,252,17,219,17,192,1,219,115,239,117,9,139,30,131,238,252,5.0,7.0,4.0,0.571,-1,1,14.0,0
0,0,0,0,0,0,0,0,0,4194304,61440,4,0,106496,36864,4096,8192,57344,1048576,4096,4096,1,2,0.333,2,3,2,2,3,2,0,1,1,1,1,0,0.944,1,3,0.944,0.0,0,-1,-1,3.504,3.916,4.079,7.825,96,190,0,240,64,0,141,190,0,32,255,255,87,235,11,144,138,6,70,136,7,71,1,219,117,7,139,30,131,238,252,17,219,114,237,184,1,0,0,0,1,219,117,7,139,30,131,238,252,17,219,17,192,1,219,115,239,117,9,139,30,131,238,252,10.0,12.0,4.0,0.333,-1,1,131.0,0
0,0,0,0,0,0,0,0,0,4194304,147456,4,0,221184,69632,4096,4096,143360,1048576,4096,4096,1,2,0.333,2,3,2,2,3,2,0,1,1,1,1,0,0.971,1,3,0.971,0.0,0,-1,-1,3.739,3.845,3.547,7.822,96,190,0,64,66,0,141,190,0,208,253,255,87,235,11,144,138,6,70,136,7,71,1,219,117,7,139,30,131,238,252,17,219,114,237,184,1,0,0,0,1,219,117,7,139,30,131,238,252,17,219,17,192,1,219,115,239,117,9,139,30,131,238,252,9.0,11.0,4.0,0.364,-1,1,19.0,0
0,0,1,0,0,0,0,1,0,4194304,135168,5,1,208896,69632,4096,4096,131072,1048576,4096,4096,1,2,0.333,2,3,2,2,3,2,0,1,1,1,1,0,1.0,1,2,1.0,0.0,0,-1,-1,3.941,4.168,4.19,7.867,96,190,0,16,66,0,141,190,0,0,254,255,87,235,11,144,138,6,70,136,7,71,1,219,117,7,139,30,131,238,252,17,219,114,237,184,1,0,0,0,1,219,117,7,139,30,131,238,252,17,219,17,192,1,219,115,239,117,9,139,30,131,238,252,6.0,8.0,4.0,0.5,-1,1,14.0,0
0,0,1,0,0,0,0,1,0,4194304,110592,5,1,176128,61440,4096,4096,106496,1048576,4096,4096,1,2,0.333,2,3,2,2,3,2,0,1,1,1,1,0,0.942,1,3,0.942,0.0,0,-1,-1,3.926,4.184,4.274,7.869,96,190,0,176,65,0,141,190,0,96,254,255,87,235,11,144,138,6,70,136,7,71,1,219,117,7,139,30,131,238,252,17,219,114,237,184,1,0,0,0,1,219,117,7,139,30,131,238,252,17,219,17,192,1,219,115,239,117,9,139,30,131,238,252,6.0,8.0,4.0,0.5,-1,1,14.0,0
0,0,0,0,0,0,0,1,0,4194304,122880,5,0,204800,77824,4096,4096,118784,1048576,4096,4096,1,2,0.333,2,3,2,2,3,2,0,1,1,1,1,0,0.967,1,3,0.967,0.0,0,-1,-1,4.063,3.883,4.085,7.859,96,190,0,224,65,0,141,190,0,48,254,255,87,131,205,255,235,16,144,144,144,144,144,144,138,6,70,136,7,71,1,219,117,7,139,30,131,238,252,17,219,114,237,184,1,0,0,0,1,219,117,7,139,30,131,238,252,17,219,17,192,1,219,115,9.0,11.0,4.0,0.364,-1,1,14.0,0
0,0,1,0,0,0,0,1,0,4194304,106496,5,1,172032,61440,4096,4096,102400,1048576,4096,4096,1,2,0.333,2,3,2,2,3,2,0,1,1,1,1,0,0.95,1,3,0.95,0.0,0,-1,-1,3.797,4.222,4.391,7.877,96,190,0,160,65,0,141,190,0,112,254,255,87,235,11,144,138,6,70,136,7,71,1,219,117,7,139,30,131,238,252,17,219,114,237,184,1,0,0,0,1,219,117,7,139,30,131,238,252,17,219,17,192,1,219,115,239,117,9,139,30,131,238,252,5.0,7.0,4.0,0.571,-1,1,14.0,0
0,0,1,0,0,0,0,1,0,4194304,122880,5,1,196608,69632,4096,4096,118784,1048576,4096,4096,1,2,0.333,2,3,2,2,3,2,0,1,1,1,1,0,1.0,1,2,1.0,0.0,0,-1,-1,3.786,4.122,4.413,7.877,96,190,0,224,65,0,141,190,0,48,254,255,87,235,11,144,138,6,70,136,7,71,1,219,117,7,139,30,131,238,252,17,219,114,237,184,1,0,0,0,1,219,117,7,139,30,131,238,252,17,219,17,192,1,219,115,239,117,9,139,30,131,238,252,5.0,7.0,4.0,0.571,-1,1,14.0,0
0,0,1,0,0,0,0,1,0,4194304,204800,5,1,303104,94208,4096,4096,200704,1048576,4096,4096,1,2,0.333,2,3,2,2,3,2,0,1,1,1,1,0,0.973,1,3,0.973,0.0,0,-1,-1,4.045,4.186,3.709,7.816,96,190,0,32,67,0,141,190,0,240,252,255,87,235,11,144,138,6,70,136,7,71,1,219,117,7,139,30,131,238,252,17,219,114,237,184,1,0,0,0,1,219,117,7,139,30,131,238,252,17,219,17,192,1,219,115,11,117,40,139,30,131,238,252,6.0,8.0,4.0,0.5,-1,1,19.0,0
0,0,1,0,0,0,0,1,0,4194304,253952,5,1,360448,102400,4096,4096,249856,1048576,4096,4096,1,2,0.333,2,3,2,2,3,2,0,1,1,1,1,0,0.995,1,3,0.995,0.0,0,-1,-1,3.692,4.249,3.464,7.834,96,190,0,224,67,0,141,190,0,48,252,255,87,235,11,144,138,6,70,136,7,71,1,219,117,7,139,30,131,238,252,17,219,114,237,184,1,0,0,0,1,219,117,7,139,30,131,238,252,17,219,17,192,1,219,115,11,117,40,139,30,131,238,252,10.0,12.0,4.0,0.333,-1,1,19.0,0
0,0,1,0,0,0,0,1,0,4194304,102400,5,1,167936,61440,4096,4096,98304,1048576,4096,4096,1,2,0.333,2,3,2,2,3,2,0,1,1,1,1,0,0.942,1,3,0.942,0.0,0,-1,-1,3.878,4.161,4.437,7.864,96,190,0,144,65,0,141,190,0,128,254,255,87,235,11,144,138,6,70,136,7,71,1,219,117,7,139,30,131,238,252,17,219,114,237,184,1,0,0,0,1,219,117,7,139,30,131,238,252,17,219,17,192,1,219,115,239,117,9,139,30,131,238,252,6.0,8.0,4.0,0.5,-1,1,14.0,0
0,0,0,0,0,0,0,0,0,4194304,61440,4,0,106496,36864,4096,8192,57344,1048576,4096,4096,1,2,0.333,2,3,2,2,3,2,0,1,1,1,1,0,0.986,1,3,0.986,0.0,0,-1,-1,4.088,3.984,4.67,7.848,96,190,0,240,64,0,141,190,0,32,255,255,87,235,11,144,138,6,70,136,7,71,1,219,117,7,139,30,131,238,252,17,219,114,237,184,1,0,0,0,1,219,117,7,139,30,131,238,252,17,219,17,192,1,219,115,239,117,9,139,30,131,238,252,11.0,13.0,4.0,0.308,-1,1,125.0,0
0,0,0,0,0,0,0,1,0,4194304,753664,5,0,917504,155648,4096,8192,749568,1048576,4096,4096,1,2,0.333,2,3,2,2,3,2,0,1,1,1,1,0,0.99,1,3,0.99,0.0,0,-1,-1,3.622,3.982,2.056,7.872,96,190,0,128,75,0,141,190,0,144,244,255,87,131,205,255,235,16,144,144,144,144,144,144,138,6,70,136,7,71,1,219,117,7,139,30,131,238,252,17,219,114,237,184,1,0,0,0,1,219,117,7,139,30,131,238,252,17,219,17,192,1,219,115,9.0,11.0,4.0,0.364,-1,1,146.0,0
0,0,1,0,0,0,0,1,0,4194304,143360,5,1,229376,81920,4096,4096,139264,1048576,4096,4096,1,2,0.333,2,3,2,2,3,2,0,1,1,1,1,0,0.962,1,3,0.962,0.0,0,-1,-1,3.836,4.146,4.236,7.887,96,190,0,48,66,0,141,190,0,224,253,255,87,235,11,144,138,6,70,136,7,71,1,219,117,7,139,30,131,238,252,17,219,114,237,184,1,0,0,0,1,219,117,7,139,30,131,238,252,17,219,17,192,1,219,115,239,117,9,139,30,131,238,252,6.0,8.0,4.0,0.5,-1,1,14.0,0
0,0,0,0,0,0,0,0,0,4194304,1097728,4,0,1605632,495616,4096,12288,1093632,1048576,8192,4096,1,2,0.333,2,3,2,2,3,2,0,1,1,1,1,0,0.994,1,3,0.994,0.0,0,-1,-1,4.735,1.604,3.313,7.885,96,190,0,192,80,0,141,190,0,80,239,255,199,135,24,44,18,0,10,171,85,70,87,235,17,144,144,144,144,144,144,144,138,6,70,136,7,71,1,219,117,7,139,30,131,238,252,17,219,114,237,184,1,0,0,0,1,219,117,7,139,30,131,238,11.0,13.0,4.0,0.308,-1,1,184.0,0
0,0,0,0,0,0,0,0,0,4194304,65536,4,0,102400,28672,4096,8192,61440,1048576,65536,4096,1,2,0.333,2,3,2,2,3,2,0,1,1,1,1,0,0.982,1,3,0.982,0.0,0,-1,-1,3.578,2.72,3.178,7.854,96,190,0,0,65,0,141,190,0,16,255,255,87,235,11,144,138,6,70,136,7,71,1,219,117,7,139,30,131,238,252,17,219,114,237,184,1,0,0,0,1,219,117,7,139,30,131,238,252,17,219,17,192,1,219,115,239,117,9,139,30,131,238,252,7.0,9.0,4.0,0.444,-1,1,77.0,0
0,0,0,0,0,0,0,0,0,4194304,307200,4,0,368640,57344,4096,4096,303104,1048576,4096,4096,1,2,0.333,2,3,2,2,3,2,0,1,1,1,1,0,0.982,1,3,0.982,0.0,0,-1,-1,4.276,4.108,2.031,7.839,96,190,0,176,68,0,141,190,0,96,251,255,87,235,11,144,138,6,70,136,7,71,1,219,117,7,139,30,131,238,252,17,219,114,237,184,1,0,0,0,1,219,117,7,139,30,131,238,252,17,219,17,192,1,219,115,11,117,40,139,30,131,238,252,7.0,9.0,4.0,0.444,-1,1,54.0,0
0,0,0,0,0,0,0,0,0,4194304,81920,4,0,143360,53248,4096,8192,77824,1048576,4096,4096,1,2,0.333,2,3,2,2,3,2,0,1,1,1,1,0,0.981,1,3,0.981,0.0,0,-1,-1,3.901,4.05,4.575,7.826,96,190,0,64,65,0,141,190,0,208,254,255,87,235,11,144,138,6,70,136,7,71,1,219,117,7,139,30,131,238,252,17,219,114,237,184,1,0,0,0,1,219,117,7,139,30,131,238,252,17,219,17,192,1,219,115,239,117,9,139,30,131,238,252,9.0,11.0,4.0,0.364,-1,1,145.0,0
0,0,1,0,0,0,0,1,0,4194304,98304,5,1,155648,53248,4096,4096,94208,1048576,4096,4096,1,2,0.333,2,3,2,2,3,2,0,1,1,1,1,0,0.981,1,3,0.981,0.0,0,-1,-1,3.837,4.169,4.425,7.866,96,190,0,128,65,0,141,190,0,144,254,255,87,235,11,144,138,6,70,136,7,71,1,219,117,7,139,30,131,238,252,17,219,114,237,184,1,0,0,0,1,219,117,7,139,30,131,238,252,17,219,17,192,1,219,115,239,117,9,139,30,131,238,252,6.0,8.0,4.0,0.5,-1,1,14.0,0
0,0,1,0,0,0,0,1,0,4194304,3936256,5,1,6451200,2342912,4096,172032,3932160,1048576,4096,4096,1,2,0.333,2,3,2,2,3,2,0,1,1,1,1,0,1.0,1,2,1.0,0.0,0,-1,-1,5.373,4.594,3.921,7.874,96,190,0,16,124,0,141,190,0,0,196,255,87,235,11,144,138,6,70,136,7,71,1,219,117,7,139,30,131,238,252,17,219,114,237,184,1,0,0,0,1,219,117,7,139,30,131,238,252,17,219,17,192,1,219,115,11,117,40,139,30,131,238,252,18.0,20.0,4.0,0.2,-1,1,672.0,0
0,0,0,0,0,0,0,0,0,4194304,86016,4,0,147456,49152,4096,12288,81920,1048576,4096,4096,1,2,0.333,2,3,2,2,3,2,0,1,1,1,1,0,1.0,1,2,1.0,0.0,0,-1,-1,5.171,4.129,4.516,7.854,96,190,0,80,65,0,141,190,0,192,254,255,87,131,205,255,235,16,144,144,144,144,144,144,138,6,70,136,7,71,1,219,117,7,139,30,131,238,252,17,219,114,237,184,1,0,0,0,1,219,117,7,139,30,131,238,252,17,219,17,192,1,219,115,9.0,11.0,4.0,0.364,-1,1,149.0,0
0,0,0,0,0,0,0,0,0,4194304,69632,4,0,122880,40960,4096,12288,65536,1048576,4096,4096,1,2,0.333,2,3,2,2,3,2,0,1,1,1,1,0,0.962,1,3,0.962,0.0,0,-1,-1,5.089,4.086,4.538,7.828,96,190,0,16,65,0,141,190,0,0,255,255,87,131,205,255,235,16,144,144,144,144,144,144,138,6,70,136,7,71,1,219,117,7,139,30,131,238,252,17,219,114,237,184,1,0,0,0,1,219,117,7,139,30,131,238,252,17,219,17,192,1,219,115,9.0,11.0,4.0,0.364,-1,1,128.0,0
0,0,1,0,0,0,0,1,0,4194304,102400,5,1,163840,57344,4096,4096,98304,1048576,4096,4096,1,2,0.333,2,3,2,2,3,2,0,1,1,1,1,0,1.0,1,2,1.0,0.0,0,-1,-1,3.89,4.192,4.5,7.864,96,190,0,144,65,0,141,190,0,128,254,255,87,131,205,255,235,16,144,144,144,144,144,144,138,6,70,136,7,71,1,219,117,7,139,30,131,238,252,17,219,114,237,184,1,0,0,0,1,219,117,7,139,30,131,238,252,17,219,17,192,1,219,115,7.0,9.0,4.0,0.444,-1,1,14.0,0
0,0,0,0,0,0,0,0,0,4194304,81920,4,0,143360,49152,4096,12288,77824,1048576,4096,4096,1,2,0.333,2,3,2,2,3,2,0,1,1,1,1,0,0.938,1,3,0.938,0.0,0,-1,-1,3.898,3.853,4.328,7.855,96,190,0,64,65,0,141,190,0,208,254,255,87,131,205,255,235,16,144,144,144,144,144,144,138,6,70,136,7,71,1,219,117,7,139,30,131,238,252,17,219,114,237,184,1,0,0,0,1,219,117,7,139,30,131,238,252,17,219,17,192,1,219,115,10.0,12.0,4.0,0.333,-1,1,148.0,0
0,0,0,0,0,0,0,0,0,4194304,323584,4,0,536576,184320,4096,28672,319488,524288,131072,4096,1,2,0.333,2,3,2,2,3,2,0,1,1,1,1,0,0.983,1,2,1.0,0.0,0,-1,-1,5.684,4.363,3.854,7.874,96,190,0,240,68,0,141,190,0,32,251,255,87,131,205,255,235,16,144,144,144,144,144,144,138,6,70,136,7,71,1,219,117,7,139,30,131,238,252,17,219,114,237,184,1,0,0,0,1,219,117,7,139,30,131,238,252,17,219,17,192,1,219,115,11.0,13.0,4.0,0.308,-1,1,321.0,0
0,0,0,0,0,0,0,0,0,4194304,1122304,4,0,1716224,561152,4096,32768,1118208,1048576,4096,4096,1,2,0.333,2,3,2,2,3,2,0,1,1,1,1,0,0.995,1,2,1.0,0.0,0,-1,-1,3.961,4.283,3.584,7.877,96,190,0,32,81,0,141,190,0,240,238,255,87,235,11,144,138,6,70,136,7,71,1,219,117,7,139,30,131,238,252,17,219,114,237,184,1,0,0,0,1,219,117,7,139,30,131,238,252,17,219,17,192,1,219,115,11,117,40,139,30,131,238,252,12.0,14.0,4.0,0.286,-1,1,97.0,0
0,0,0,0,0,0,0,0,0,4194304,77824,4,0,139264,49152,4096,12288,73728,1048576,4096,4096,1,2,0.333,2,3,2,2,3,2,0,1,1,1,1,0,0.927,1,3,0.927,0.0,0,-1,-1,4.72,4.028,4.472,7.83,96,190,0,48,65,0,141,190,0,224,254,255,87,131,205,255,235,16,144,144,144,144,144,144,138,6,70,136,7,71,1,219,117,7,139,30,131,238,252,17,219,114,237,184,1,0,0,0,1,219,117,7,139,30,131,238,252,17,219,17,192,1,219,115,8.0,10.0,4.0,0.4,-1,1,143.0,0
0,0,0,0,0,0,0,0,0,4194304,77824,4,0,139264,49152,4096,12288,73728,1048576,4096,4096,1,2,0.333,2,3,2,2,3,2,0,1,1,1,1,0,0.927,1,3,0.927,0.0,0,-1,-1,4.252,4.179,4.436,7.868,96,190,0,48,65,0,141,190,0,224,254,255,87,131,205,255,235,16,144,144,144,144,144,144,138,6,70,136,7,71,1,219,117,7,139,30,131,238,252,17,219,114,237,184,1,0,0,0,1,219,117,7,139,30,131,238,252,17,219,17,192,1,219,115,10.0,12.0,4.0,0.333,-1,1,116.0,0
0,0,0,0,0,0,0,0,0,4194304,122880,4,0,159744,32768,4096,4096,118784,1048576,4096,4096,0,3,0.0,2,3,2,2,3,2,0,1,1,1,1,0,0.953,1,3,0.953,0.0,0,-1,-1,-1,3.896,2.632,7.815,96,190,0,224,65,0,141,190,0,48,254,255,87,235,11,144,138,6,70,136,7,71,1,219,117,7,139,30,131,238,252,17,219,114,237,184,1,0,0,0,1,219,117,7,139,30,131,238,252,17,219,17,192,1,219,115,239,117,9,139,30,131,238,252,5.0,7.0,4.0,0.571,-1,1,-1,0
0,0,0,0,0,0,0,0,0,4194304,57344,4,0,98304,32768,4096,8192,53248,1048576,4096,4096,1,2,0.333,2,3,2,2,3,2,0,1,1,1,1,0,0.891,1,3,0.891,0.0,0,-1,-1,4.437,4.113,3.948,7.826,96,190,0,224,64,0,141,190,0,48,255,255,87,235,11,144,138,6,70,136,7,71,1,219,117,7,139,30,131,238,252,17,219,114,237,184,1,0,0,0,1,219,117,7,139,30,131,238,252,17,219,17,192,1,219,115,239,117,9,139,30,131,238,252,10.0,12.0,4.0,0.333,-1,1,104.0,0
0,0,0,0,0,0,0,1,0,4194304,1404928,5,0,1662976,249856,4096,8192,1400832,1048576,4096,4096,1,2,0.333,2,3,2,2,3,2,0,1,1,1,1,0,0.994,1,3,0.994,0.0,0,-1,-1,4.878,4.079,1.834,7.89,96,190,0,112,85,0,141,190,0,160,234,255,87,131,205,255,235,16,144,144,144,144,144,144,138,6,70,136,7,71,1,219,117,7,139,30,131,238,252,17,219,114,237,184,1,0,0,0,1,219,117,7,139,30,131,238,252,17,219,17,192,1,219,115,9.0,11.0,4.0,0.364,-1,1,68.0,0
0,0,0,0,0,0,0,0,0,4194304,184320,4,0,262144,69632,4096,8192,180224,1048576,4096,4096,1,2,0.333,2,3,2,2,3,2,0,1,1,1,1,0,0.949,1,3,0.949,0.0,0,-1,-1,3.927,4.257,3.073,7.852,96,190,0,208,66,0,141,190,0,64,253,255,87,235,11,144,138,6,70,136,7,71,1,219,117,7,139,30,131,238,252,17,219,114,237,184,1,0,0,0,1,219,117,7,139,30,131,238,252,17,219,17,192,1,219,115,239,117,9,139,30,131,238,252,10.0,12.0,4.0,0.333,-1,1,100.0,0
0,0,0,0,0,0,0,1,0,4194304,405504,5,0,581632,167936,4096,8192,401408,1048576,4096,4096,1,2,0.333,2,3,2,2,3,2,0,1,1,1,1,0,0.991,1,3,0.991,0.0,0,-1,-1,4.008,4.056,3.23,7.861,96,190,0,48,70,0,141,190,0,224,249,255,87,235,11,144,138,6,70,136,7,71,1,219,117,7,139,30,131,238,252,17,219,114,237,184,1,0,0,0,1,219,117,7,139,30,131,238,252,17,219,17,192,1,219,115,11,117,40,139,30,131,238,252,9.0,11.0,4.0,0.364,-1,1,171.0,0
0,0,0,0,0,0,0,0,0,4194304,65536,4,0,94208,24576,4096,4096,61440,1048576,4096,4096,1,2,0.333,2,3,2,2,3,2,0,1,1,1,1,0,1.0,1,2,1.0,0.0,0,-1,-1,3.216,4.161,2.94,7.798,96,190,0,0,65,0,141,190,0,16,255,255,87,235,11,144,138,6,70,136,7,71,1,219,117,7,139,30,131,238,252,17,219,114,237,184,1,0,0,0,1,219,117,7,139,30,131,238,252,17,219,17,192,1,219,115,239,117,9,139,30,131,238,252,6.0,8.0,4.0,0.5,-1,1,53.0,0
0,0,0,0,0,0,0,0,0,4194304,122880,4,0,159744,32768,4096,4096,118784,1048576,4096,4096,0,3,0.0,2,3,2,2,3,2,0,1,1,1,1,0,0.969,1,3,0.969,0.0,0,-1,-1,-1,3.953,2.662,7.817,96,190,0,224,65,0,141,190,0,48,254,255,87,131,205,255,235,16,144,144,144,144,144,144,138,6,70,136,7,71,1,219,117,7,139,30,131,238,252,17,219,114,237,184,1,0,0,0,1,219,117,7,139,30,131,238,252,17,219,17,192,1,219,115,5.0,7.0,4.0,0.571,-1,1,-1,0
0,0,0,0,0,0,0,1,0,4194304,2146304,5,0,3350528,1073152,4096,131072,2142208,1048576,4096,4096,1,2,0.333,2,3,2,2,3,2,0,1,1,1,1,0,1.0,1,2,1.0,0.0,0,-1,-1,5.764,4.446,3.675,7.866,96,190,0,192,96,0,141,190,0,80,223,255,87,131,205,255,235,16,144,144,144,144,144,144,138,6,70,136,7,71,1,219,117,7,139,30,131,238,252,17,219,114,237,184,1,0,0,0,1,219,117,7,139,30,131,238,252,17,219,17,192,1,219,115,12.0,14.0,4.0,0.286,-1,1,742.0,0
0,0,1,0,0,0,0,1,0,4194304,372736,5,1,471040,94208,4096,4096,368640,1048576,4096,4096,1,2,0.333,2,3,2,2,3,2,0,1,1,1,1,0,0.989,1,3,0.989,0.0,0,-1,-1,3.746,4.231,2.605,7.888,96,190,0,176,69,0,141,190,0,96,250,255,87,235,11,144,138,6,70,136,7,71,1,219,117,7,139,30,131,238,252,17,219,114,237,184,1,0,0,0,1,219,117,7,139,30,131,238,252,17,219,17,192,1,219,115,11,117,40,139,30,131,238,252,6.0,8.0,4.0,0.5,-1,1,14.0,0
0,0,0,0,0,0,0,0,0,4194304,126976,4,0,167936,36864,4096,4096,122880,1048576,4096,4096,1,2,0.333,2,3,2,2,3,2,0,1,1,1,1,0,0.944,1,3,0.944,0.0,0,-1,-1,2.834,4.016,2.733,7.808,96,190,0,240,65,0,141,190,0,32,254,255,87,235,11,144,138,6,70,136,7,71,1,219,117,7,139,30,131,238,252,17,219,114,237,184,1,0,0,0,1,219,117,7,139,30,131,238,252,17,219,17,192,1,219,115,239,117,9,139,30,131,238,252,6.0,8.0,4.0,0.5,-1,1,24.0,0
0,0,0,0,0,0,0,0,0,4194304,81920,4,0,135168,45056,4096,8192,77824,1048576,4096,4096,1,2,0.333,2,3,2,2,3,2,0,1,1,1,1,0,0.977,1,3,0.977,0.0,0,-1,-1,4.127,4.084,4.053,7.855,96,190,0,64,65,0,141,190,0,208,254,255,87,131,205,255,235,16,144,144,144,144,144,144,138,6,70,136,7,71,1,219,117,7,139,30,131,238,252,17,219,114,237,184,1,0,0,0,1,219,117,7,139,30,131,238,252,17,219,17,192,1,219,115,10.0,12.0,4.0,0.333,-1,1,142.0,0
0,0,0,0,0,0,0,0,0,4194304,65536,4,0,110592,36864,4096,8192,61440,1048576,4096,4096,1,2,0.333,2,3,2,2,3,2,0,1,1,1,1,0,0.931,1,2,1.0,0.0,0,-1,-1,3.668,4.036,3.585,7.852,96,190,0,0,65,0,141,190,0,16,255,255,87,131,205,255,235,16,144,144,144,144,144,144,138,6,70,136,7,71,1,219,117,7,139,30,131,238,252,17,219,114,237,184,1,0,0,0,1,219,117,7,139,30,131,238,252,17,219,17,192,1,219,115,10.0,12.0,4.0,0.333,-1,1,127.0,0
0,0,0,0,0,0,0,0,0,4194304,122880,4,0,163840,36864,4096,4096,118784,1048576,4096,4096,0,3,0.0,2,3,2,2,3,2,0,1,1,1,1,0,0.917,1,3,0.917,0.0,0,-1,-1,-1,3.958,2.72,7.809,96,190,0,224,65,0,141,190,0,48,254,255,87,235,11,144,138,6,70,136,7,71,1,219,117,7,139,30,131,238,252,17,219,114,237,184,1,0,0,0,1,219,117,7,139,30,131,238,252,17,219,17,192,1,219,115,239,117,9,139,30,131,238,252,9.0,11.0,4.0,0.364,-1,1,-1,0
0,0,0,0,0,0,0,1,0,4194304,339968,5,0,524288,163840,4096,20480,335872,1048576,4096,4096,1,2,0.333,2,3,2,2,3,2,0,1,1,1,1,0,0.997,1,3,0.997,0.0,0,-1,-1,4.394,4.055,3.576,7.882,96,190,0,48,69,0,141,190,0,224,250,255,87,131,205,255,235,16,144,144,144,144,144,144,138,6,70,136,7,71,1,219,117,7,139,30,131,238,252,17,219,114,237,184,1,0,0,0,1,219,117,7,139,30,131,238,252,17,219,17,192,1,219,115,14.0,16.0,4.0,0.25,-1,1,251.0,0
0,0,0,0,0,0,0,0,0,4194304,139264,4,0,188416,40960,4096,8192,135168,1048576,4096,4096,1,2,0.333,2,3,2,2,3,2,0,1,1,1,1,0,0.962,1,3,0.962,0.0,0,-1,-1,4.4,4.13,2.868,7.833,96,190,0,32,66,0,141,190,0,240,253,255,87,235,11,144,138,6,70,136,7,71,1,219,117,7,139,30,131,238,252,17,219,114,237,184,1,0,0,0,1,219,117,7,139,30,131,238,252,17,219,17,192,1,219,115,239,117,9,139,30,131,238,252,12.0,14.0,4.0,0.286,-1,1,114.0,0
0,0,0,0,0,0,0,0,2636219,4194304,4096,4,0,6914048,9216,1024,14336,1024,2097152,4096,4096,2,7,0.222,3,6,1,3,6,1,0,1,1,1,1,0,1.0,2,7,8.0,0.0,0,-1,-1,-1,2.496,3.851,7.914,232,75,1,0,0,83,137,227,83,139,115,8,139,123,16,252,178,128,138,6,70,136,7,71,187,2,0,0,0,0,210,117,5,138,22,70,16,210,115,234,0,210,117,5,138,22,70,16,210,115,81,49,192,0,210,117,5,138,22,70,16,210,15,131,4.0,3.0,1.0,0.333,-1,1,-1,0
0,0,0,0,0,0,0,1,2783510,4194304,4096,5,0,7098368,55296,1024,15360,0,1048576,4096,4096,3,6,0.333,3,3,1,3,3,1,0,1,1,1,1,0,1.0,1,8,1.0,0.0,0,-1,-1,4.054,3.407,3.947,7.908,232,75,1,0,0,83,137,227,83,139,115,8,139,123,16,252,178,128,138,6,70,136,7,71,187,2,0,0,0,0,210,117,5,138,22,70,16,210,115,234,0,210,117,5,138,22,70,16,210,115,81,49,192,0,210,117,5,138,22,70,16,210,15,131,4.0,3.0,1.0,0.333,-1,1,8.0,0
0,0,0,0,0,0,0,0,2785298,4194304,4096,4,0,7114752,9216,1024,57344,1536,2097152,4096,4096,4,10,0.286,3,9,1,3,9,1,0,1,1,1,1,0,1.0,2,8,25.6,0.0,0,-1,-1,4.881,2.678,3.965,7.907,232,75,1,0,0,83,137,227,83,139,115,8,139,123,16,252,178,128,138,6,70,136,7,71,187,2,0,0,0,0,210,117,5,138,22,70,16,210,115,234,0,210,117,5,138,22,70,16,210,115,81,49,192,0,210,117,5,138,22,70,16,210,15,131,9.0,8.0,1.0,0.125,-1,1,30.0,0
0,0,0,0,0,0,0,0,2673978,4194304,4096,4,0,7000064,32768,1024,2048,512,33554432,4096,4096,2,5,0.286,3,5,1,3,5,1,0,1,1,1,1,0,1.0,2,5,7.529,0.0,0,-1,-1,-1,2.531,3.91,7.912,232,75,1,0,0,83,137,227,83,139,115,8,139,123,16,252,178,128,138,6,70,136,7,71,187,2,0,0,0,0,210,117,5,138,22,70,16,210,115,234,0,210,117,5,138,22,70,16,210,115,81,49,192,0,210,117,5,138,22,70,16,210,15,131,2.0,1.0,1.0,1.0,-1,1,-1,0
0,0,0,0,0,0,0,0,2630572,4194304,4096,4,0,6930432,14336,1024,23040,0,1048576,4096,4096,2,6,0.25,3,3,1,3,3,1,0,1,1,1,1,0,1.0,1,6,1.0,0.0,0,-1,-1,5.923,2.207,3.865,7.915,232,75,1,0,0,83,137,227,83,139,115,8,139,123,16,252,178,128,138,6,70,136,7,71,187,2,0,0,0,0,210,117,5,138,22,70,16,210,115,234,0,210,117,5,138,22,70,16,210,115,81,49,192,0,210,117,5,138,22,70,16,210,15,131,5.0,4.0,1.0,0.25,-1,1,34.0,0
0,0,0,0,0,0,0,0,2840147,4194304,4096,4,0,7360512,10240,1024,24576,1536,2097152,4096,4096,4,10,0.286,3,9,1,3,9,1,0,1,1,1,1,0,1.0,2,8,25.6,0.0,0,-1,-1,4.878,2.628,3.919,7.915,232,75,1,0,0,83,137,227,83,139,115,8,139,123,16,252,178,128,138,6,70,136,7,71,187,2,0,0,0,0,210,117,5,138,22,70,16,210,115,234,0,210,117,5,138,22,70,16,210,115,81,49,192,0,210,117,5,138,22,70,16,210,15,131,10.0,9.0,1.0,0.111,-1,1,30.0,0
0,0,0,0,0,0,0,1,2844154,4194304,4096,5,0,7254016,237568,1024,55296,0,1048576,4096,4096,2,6,0.25,3,3,1,3,3,1,0,1,1,1,1,0,1.0,1,6,1.0,0.0,0,-1,-1,3.805,3.341,3.936,7.913,232,75,1,0,0,83,137,227,83,139,115,8,139,123,16,252,178,128,138,6,70,136,7,71,187,2,0,0,0,0,210,117,5,138,22,70,16,210,115,234,0,210,117,5,138,22,70,16,210,115,81,49,192,0,210,117,5,138,22,70,16,210,15,131,13.0,12.0,1.0,0.083,-1,1,40.0,0
0,0,0,0,0,0,0,0,2898640,4194304,4096,4,0,7397376,40960,1024,23552,0,1048576,4096,4096,2,6,0.25,3,3,1,3,3,1,0,1,1,1,1,0,1.0,1,7,1.0,0.0,0,-1,-1,3.76,3.343,3.948,7.913,232,75,1,0,0,83,137,227,83,139,115,8,139,123,16,252,178,128,138,6,70,136,7,71,187,2,0,0,0,0,210,117,5,138,22,70,16,210,115,234,0,210,117,5,138,22,70,16,210,115,81,49,192,0,210,117,5,138,22,70,16,210,15,131,11.0,10.0,1.0,0.1,-1,1,36.0,0
0,0,0,0,0,0,0,1,2733527,4194304,4096,5,1,7045120,64512,1024,62464,0,1048576,4096,4096,2,6,0.25,3,3,1,3,3,1,0,1,1,1,1,0,1.0,1,7,1.0,0.0,0,-1,-1,3.813,3.45,3.897,7.913,232,75,1,0,0,83,137,227,83,139,115,8,139,123,16,252,178,128,138,6,70,136,7,71,187,2,0,0,0,0,210,117,5,138,22,70,16,210,115,234,0,210,117,5,138,22,70,16,210,115,81,49,192,0,210,117,5,138,22,70,16,210,15,131,6.0,5.0,1.0,0.2,-1,1,14.0,0
0,0,0,0,0,0,0,0,2863914,4194304,4096,4,0,7376896,45056,4096,32768,0,1048576,4096,4096,2,6,0.25,3,3,1,3,3,1,0,1,1,1,1,0,1.0,1,4,1.023,0.0,0,-1,-1,3.322,3.396,3.936,7.912,232,75,1,0,0,83,137,227,83,139,115,8,139,123,16,252,178,128,138,6,70,136,7,71,187,2,0,0,0,0,210,117,5,138,22,70,16,210,115,234,0,210,117,5,138,22,70,16,210,115,81,49,192,0,210,117,5,138,22,70,16,210,15,131,9.0,8.0,1.0,0.125,-1,1,36.0,0
0,0,0,0,0,0,0,0,2826324,4194304,4096,4,0,7315456,10240,1024,25088,1536,2097152,4096,4096,4,10,0.286,3,9,1,3,9,1,0,1,1,1,1,0,1.0,2,8,25.6,0.0,0,-1,-1,4.881,2.603,3.885,7.912,232,75,1,0,0,83,137,227,83,139,115,8,139,123,16,252,178,128,138,6,70,136,7,71,187,2,0,0,0,0,210,117,5,138,22,70,16,210,115,234,0,210,117,5,138,22,70,16,210,115,81,49,192,0,210,117,5,138,22,70,16,210,15,131,10.0,9.0,1.0,0.111,-1,1,30.0,0
0,0,0,0,0,0,0,0,2851255,4194304,4096,4,0,7356416,58880,1024,35328,0,1048576,4096,4096,2,6,0.25,3,3,1,3,3,1,0,1,1,1,1,0,1.0,1,6,1.0,0.0,0,-1,-1,4.199,3.402,3.897,7.913,232,75,1,0,0,83,137,227,83,139,115,8,139,123,16,252,178,128,138,6,70,136,7,71,187,2,0,0,0,0,210,117,5,138,22,70,16,210,115,234,0,210,117,5,138,22,70,16,210,115,81,49,192,0,210,117,5,138,22,70,16,210,15,131,11.0,10.0,1.0,0.1,-1,1,36.0,0
0,0,0,0,0,0,0,0,2931680,4194304,4096,4,0,7454720,49152,4096,45056,0,1048576,4096,4096,2,6,0.25,3,3,1,3,3,1,0,1,1,1,1,0,1.0,1,5,1.0,0.0,0,-1,-1,4.811,3.247,3.98,7.91,232,75,1,0,0,83,137,227,83,139,115,8,139,123,16,252,178,128,138,6,70,136,7,71,187,2,0,0,0,0,210,117,5,138,22,70,16,210,115,234,0,210,117,5,138,22,70,16,210,115,81,49,192,0,210,117,5,138,22,70,16,210,15,131,10.0,9.0,1.0,0.111,-1,1,26.0,0
0,0,0,0,0,0,0,0,2924710,4194304,4096,4,0,7544832,94208,4096,163840,0,1048576,4096,4096,2,6,0.25,3,3,1,3,3,1,0,1,1,1,1,0,1.0,1,5,1.0,0.0,0,-1,-1,1.042,3.521,3.904,7.912,232,75,1,0,0,83,137,227,83,139,115,8,139,123,16,252,178,128,138,6,70,136,7,71,187,2,0,0,0,0,210,117,5,138,22,70,16,210,115,234,0,210,117,5,138,22,70,16,210,115,81,49,192,0,210,117,5,138,22,70,16,210,15,131,11.0,10.0,1.0,0.1,-1,1,20.0,0
0,0,0,0,0,0,0,1,2720269,4194304,4096,5,1,7041024,69120,1024,65024,0,1048576,4096,4096,2,6,0.25,3,3,1,3,3,1,0,1,1,1,1,0,1.0,1,7,1.0,0.0,0,-1,-1,3.762,3.483,3.893,7.916,232,75,1,0,0,83,137,227,83,139,115,8,139,123,16,252,178,128,138,6,70,136,7,71,187,2,0,0,0,0,210,117,5,138,22,70,16,210,115,234,0,210,117,5,138,22,70,16,210,115,81,49,192,0,210,117,5,138,22,70,16,210,15,131,6.0,5.0,1.0,0.2,-1,1,14.0,0
0,0,0,0,0,0,0,0,2898504,4194304,4096,4,0,7409664,9728,1024,23040,1536,2097152,4096,4096,4,10,0.286,3,9,1,3,9,1,0,1,1,1,1,0,1.0,2,8,21.333,0.0,0,-1,-1,4.878,2.627,3.947,7.909,232,75,1,0,0,83,137,227,83,139,115,8,139,123,16,252,178,128,138,6,70,136,7,71,187,2,0,0,0,0,210,117,5,138,22,70,16,210,115,234,0,210,117,5,138,22,70,16,210,115,81,49,192,0,210,117,5,138,22,70,16,210,15,131,6.0,5.0,1.0,0.2,-1,1,30.0,0
0,0,0,0,0,0,0,0,2754170,4194304,4096,4,0,7041024,49152,4096,12288,0,1048576,4096,4096,1,5,0.167,3,3,1,3,3,1,0,1,1,1,1,0,1.0,1,3,2.124,0.0,0,-1,-1,-1,3.372,3.938,7.91,232,75,1,0,0,83,137,227,83,139,115,8,139,123,16,252,178,128,138,6,70,136,7,71,187,2,0,0,0,0,210,117,5,138,22,70,16,210,115,234,0,210,117,5,138,22,70,16,210,115,81,49,192,0,210,117,5,138,22,70,16,210,15,131,2.0,1.0,1.0,1.0,-1,1,-1,0
0,0,0,0,0,0,0,1,2760816,4194304,4096,5,1,7077888,55296,1024,53760,0,1048576,4096,4096,2,6,0.25,3,3,1,3,3,1,0,1,1,1,1,0,1.0,1,7,1.0,0.0,0,-1,-1,3.768,3.38,3.935,7.914,232,75,1,0,0,83,137,227,83,139,115,8,139,123,16,252,178,128,138,6,70,136,7,71,187,2,0,0,0,0,210,117,5,138,22,70,16,210,115,234,0,210,117,5,138,22,70,16,210,115,81,49,192,0,210,117,5,138,22,70,16,210,15,131,5.0,4.0,1.0,0.25,-1,1,14.0,0
0,0,0,0,0,0,0,0,2814994,4194304,4096,4,0,7110656,48128,1024,26112,0,1048576,4096,4096,2,6,0.25,3,3,1,3,3,1,0,1,1,1,1,0,1.0,1,7,1.0,0.0,0,-1,-1,3.407,3.285,3.966,7.907,232,75,1,0,0,83,137,227,83,139,115,8,139,123,16,252,178,128,138,6,70,136,7,71,187,2,0,0,0,0,210,117,5,138,22,70,16,210,115,234,0,210,117,5,138,22,70,16,210,115,81,49,192,0,210,117,5,138,22,70,16,210,15,131,10.0,9.0,2.0,0.222,-1,1,36.0,0
0,0,0,0,0,0,0,1,2718433,486539264,4096,5,0,7000064,2560,1024,23552,0,2000000,4096,4096,2,6,0.25,3,3,1,3,3,1,0,1,1,1,1,0,1.0,1,6,1.0,0.0,0,-1,-1,4.324,3.243,3.902,7.916,232,75,1,0,0,83,137,227,83,139,115,8,139,123,16,252,178,128,138,6,70,136,7,71,187,2,0,0,0,0,210,117,5,138,22,70,16,210,115,234,0,210,117,5,138,22,70,16,210,115,81,49,192,0,210,117,5,138,22,70,16,210,15,131,3.0,2.0,1.0,0.5,-1,1,44.0,0
0,0,0,0,0,0,0,0,2781661,4194304,4096,4,0,7163904,69632,4096,126976,0,1048576,4096,4096,2,6,0.25,3,3,1,3,3,1,0,1,1,1,1,0,1.0,1,5,1.0,0.0,0,-1,-1,1.376,3.215,3.942,7.912,232,75,1,0,0,83,137,227,83,139,115,8,139,123,16,252,178,128,138,6,70,136,7,71,187,2,0,0,0,0,210,117,5,138,22,70,16,210,115,234,0,210,117,5,138,22,70,16,210,115,81,49,192,0,210,117,5,138,22,70,16,210,15,131,9.0,8.0,1.0,0.125,-1,1,14.0,0
0,0,0,0,0,0,0,1,2713812,4194304,4096,5,1,7122944,99840,1024,81920,0,1048576,4096,4096,2,6,0.25,3,3,1,3,3,1,0,1,1,1,1,0,1.0,1,7,1.0,0.0,0,-1,-1,3.885,3.579,3.921,7.918,232,75,1,0,0,83,137,227,83,139,115,8,139,123,16,252,178,128,138,6,70,136,7,71,187,2,0,0,0,0,210,117,5,138,22,70,16,210,115,234,0,210,117,5,138,22,70,16,210,115,81,49,192,0,210,117,5,138,22,70,16,210,15,131,6.0,5.0,1.0,0.2,-1,1,14.0,0
0,0,0,0,0,0,0,1,2737600,4194304,4096,5,1,7090176,75776,1024,71168,0,1048576,4096,4096,2,6,0.25,3,3,1,3,3,1,0,1,1,1,1,0,1.0,1,7,1.0,0.0,0,-1,-1,3.85,3.558,3.921,7.916,232,75,1,0,0,83,137,227,83,139,115,8,139,123,16,252,178,128,138,6,70,136,7,71,187,2,0,0,0,0,210,117,5,138,22,70,16,210,115,234,0,210,117,5,138,22,70,16,210,115,81,49,192,0,210,117,5,138,22,70,16,210,15,131,6.0,5.0,1.0,0.2,-1,1,14.0,0
0,0,0,0,0,0,0,1,2786470,4194304,4096,5,0,7163904,134656,1024,36352,0,1048576,4096,4096,2,6,0.25,3,3,1,3,3,1,0,1,1,1,1,0,1.0,1,7,1.0,0.0,0,-1,-1,3.703,3.282,3.941,7.911,232,75,1,0,0,83,137,227,83,139,115,8,139,123,16,252,178,128,138,6,70,136,7,71,187,2,0,0,0,0,210,117,5,138,22,70,16,210,115,234,0,210,117,5,138,22,70,16,210,115,81,49,192,0,210,117,5,138,22,70,16,210,15,131,9.0,8.0,1.0,0.125,-1,1,14.0,0
0,0,0,0,0,0,0,1,2719326,4194304,4096,5,1,7106560,78336,1024,64512,0,1048576,4096,4096,2,6,0.25,3,3,1,3,3,1,0,1,1,1,1,0,1.0,1,7,1.0,0.0,0,-1,-1,3.827,3.557,3.931,7.915,232,75,1,0,0,83,137,227,83,139,115,8,139,123,16,252,178,128,138,6,70,136,7,71,187,2,0,0,0,0,210,117,5,138,22,70,16,210,115,234,0,210,117,5,138,22,70,16,210,115,81,49,192,0,210,117,5,138,22,70,16,210,15,131,5.0,4.0,1.0,0.25,-1,1,14.0,0
0,0,0,0,0,0,0,1,2696642,4194304,4096,5,1,6828032,97280,1024,73728,0,1048576,4096,4096,2,6,0.25,3,3,1,3,3,1,0,1,1,1,1,0,1.0,1,7,1.0,0.0,0,-1,-1,3.783,3.517,3.956,7.914,232,75,1,0,0,83,137,227,83,139,115,8,139,123,16,252,178,128,138,6,70,136,7,71,187,2,0,0,0,0,210,117,5,138,22,70,16,210,115,234,0,210,117,5,138,22,70,16,210,115,81,49,192,0,210,117,5,138,22,70,16,210,15,131,5.0,4.0,1.0,0.25,-1,1,14.0,0
0,0,0,0,0,0,0,1,2938672,4194304,4096,5,1,7577600,86528,1024,189952,0,1048576,4096,4096,2,6,0.25,3,3,1,3,3,1,0,1,1,1,1,0,1.0,1,7,1.0,0.0,0,-1,-1,3.856,3.584,3.951,7.911,232,75,1,0,0,83,137,227,83,139,115,8,139,123,16,252,178,128,138,6,70,136,7,71,187,2,0,0,0,0,210,117,5,138,22,70,16,210,115,234,0,210,117,5,138,22,70,16,210,115,81,49,192,0,210,117,5,138,22,70,16,210,15,131,6.0,5.0,1.0,0.2,-1,1,14.0,0
0,0,0,0,0,0,0,1,2857254,4194304,4096,5,1,7323648,102912,1024,231936,0,1048576,4096,4096,2,6,0.25,3,3,1,3,3,1,0,1,1,1,1,0,1.0,1,7,1.0,0.0,0,-1,-1,3.854,3.626,3.954,7.911,232,75,1,0,0,83,137,227,83,139,115,8,139,123,16,252,178,128,138,6,70,136,7,71,187,2,0,0,0,0,210,117,5,138,22,70,16,210,115,234,0,210,117,5,138,22,70,16,210,115,81,49,192,0,210,117,5,138,22,70,16,210,15,131,10.0,9.0,1.0,0.111,-1,1,14.0,0
0,0,0,0,0,0,0,1,2807043,4194304,4096,5,1,7127040,76800,1024,66048,0,1048576,4096,4096,2,6,0.25,3,3,1,3,3,1,0,1,1,1,1,0,1.0,1,7,1.0,0.0,0,-1,-1,3.767,3.538,3.953,7.914,232,75,1,0,0,83,137,227,83,139,115,8,139,123,16,252,178,128,138,6,70,136,7,71,187,2,0,0,0,0,210,117,5,138,22,70,16,210,115,234,0,210,117,5,138,22,70,16,210,115,81,49,192,0,210,117,5,138,22,70,16,210,15,131,6.0,5.0,1.0,0.2,-1,1,14.0,0
0,0,0,0,0,0,0,0,2743183,4194304,4096,4,0,7073792,50688,1024,27136,0,1048576,4096,4096,2,6,0.25,3,3,1,3,3,1,0,1,1,1,1,0,1.0,1,6,1.0,0.0,0,-1,-1,3.858,3.322,3.951,7.911,232,75,1,0,0,83,137,227,83,139,115,8,139,123,16,252,178,128,138,6,70,136,7,71,187,2,0,0,0,0,210,117,5,138,22,70,16,210,115,234,0,210,117,5,138,22,70,16,210,115,81,49,192,0,210,117,5,138,22,70,16,210,15,131,11.0,10.0,1.0,0.1,-1,1,36.0,0
0,0,0,0,0,0,0,1,3103893,4194304,4096,5,0,8245248,199168,1024,244224,0,1048576,4096,4096,2,6,0.25,3,3,1,3,3,1,0,1,1,1,1,0,1.0,1,7,1.0,0.0,0,-1,-1,3.513,3.379,3.809,7.911,232,75,1,0,0,83,137,227,83,139,115,8,139,123,16,252,178,128,138,6,70,136,7,71,187,2,0,0,0,0,210,117,5,138,22,70,16,210,115,234,0,210,117,5,138,22,70,16,210,115,81,49,192,0,210,117,5,138,22,70,16,210,15,131,9.0,8.0,1.0,0.125,-1,1,32.0,0
0,0,0,0,0,0,0,0,2710485,4194304,4096,4,0,7036928,12800,1024,27136,1536,2097152,4096,4096,4,10,0.286,3,9,1,3,9,1,0,1,1,1,1,0,1.0,2,8,21.333,0.0,0,-1,-1,4.892,2.645,3.916,7.912,232,75,1,0,0,83,137,227,83,139,115,8,139,123,16,252,178,128,138,6,70,136,7,71,187,2,0,0,0,0,210,117,5,138,22,70,16,210,115,234,0,210,117,5,138,22,70,16,210,115,81,49,192,0,210,117,5,138,22,70,16,210,15,131,10.0,9.0,1.0,0.111,-1,1,30.0,0
0,0,0,0,0,0,0,1,2718197,4194304,4096,5,1,7090176,137216,1024,66560,0,1048576,4096,4096,2,6,0.25,3,3,1,3,3,1,0,1,1,1,1,0,1.0,1,7,1.0,0.0,0,-1,-1,3.801,3.515,3.889,7.917,232,75,1,0,0,83,137,227,83,139,115,8,139,123,16,252,178,128,138,6,70,136,7,71,187,2,0,0,0,0,210,117,5,138,22,70,16,210,115,234,0,210,117,5,138,22,70,16,210,115,81,49,192,0,210,117,5,138,22,70,16,210,15,131,6.0,5.0,1.0,0.2,-1,1,14.0,0
0,0,0,0,0,0,0,0,2681345,4194304,4096,4,0,7028736,33280,1024,33280,0,1048576,65536,4096,2,7,0.222,4,3,1,4,3,1,0,1,1,1,1,0,1.0,1,7,1.0,0.0,0,-1,-1,3.294,2.764,3.903,7.917,232,75,1,0,0,83,137,227,83,139,115,8,139,123,16,252,178,128,138,6,70,136,7,71,187,2,0,0,0,0,210,117,5,138,22,70,16,210,115,234,0,210,117,5,138,22,70,16,210,115,81,49,192,0,210,117,5,138,22,70,16,210,15,131,7.0,6.0,2.0,0.333,-1,1,40.0,0
0,0,0,0,0,0,0,0,2820219,4194304,4096,4,0,7364608,36864,4096,315392,0,1048576,4096,4096,2,6,0.25,3,3,1,3,3,1,0,1,1,1,1,0,1.0,1,5,1.0,0.0,0,-1,-1,3.097,3.359,3.87,7.912,232,75,1,0,0,83,137,227,83,139,115,8,139,123,16,252,178,128,138,6,70,136,7,71,187,2,0,0,0,0,210,117,5,138,22,70,16,210,115,234,0,210,117,5,138,22,70,16,210,115,81,49,192,0,210,117,5,138,22,70,16,210,15,131,7.0,6.0,2.0,0.333,-1,1,26.0,0
0,0,0,0,0,0,0,1,5808717,4194304,4096,5,1,14041088,1693696,1024,4558848,0,1048576,4096,4096,3,6,0.333,3,4,1,3,4,1,0,1,1,1,1,0,1.0,1,7,1.0,0.0,0,-1,-1,5.504,3.814,4.153,7.919,232,75,1,0,0,83,137,227,83,139,115,8,139,123,16,252,178,128,138,6,70,136,7,71,187,2,0,0,0,0,210,117,5,138,22,70,16,210,115,234,0,210,117,5,138,22,70,16,210,115,81,49,192,0,210,117,5,138,22,70,16,210,15,131,18.0,17.0,1.0,0.059,-1,1,52.0,0
0,0,0,0,0,0,0,0,2673181,4194304,4096,4,0,7004160,67584,1024,43520,0,1048576,4096,4096,2,6,0.25,3,3,1,3,3,1,0,1,1,1,1,0,1.0,1,6,1.0,0.0,0,-1,-1,5.424,3.44,3.888,7.917,232,75,1,0,0,83,137,227,83,139,115,8,139,123,16,252,178,128,138,6,70,136,7,71,187,2,0,0,0,0,210,117,5,138,22,70,16,210,115,234,0,210,117,5,138,22,70,16,210,115,81,49,192,0,210,117,5,138,22,70,16,210,15,131,9.0,8.0,1.0,0.125,-1,1,36.0,0
0,0,0,0,0,0,0,0,2741077,4194304,4096,4,0,7057408,47104,1024,40960,0,1048576,4096,4096,2,6,0.25,3,3,1,3,3,1,0,1,1,1,1,0,1.0,1,6,1.0,0.0,0,-1,-1,5.281,3.383,3.936,7.916,232,75,1,0,0,83,137,227,83,139,115,8,139,123,16,252,178,128,138,6,70,136,7,71,187,2,0,0,0,0,210,117,5,138,22,70,16,210,115,234,0,210,117,5,138,22,70,16,210,115,81,49,192,0,210,117,5,138,22,70,16,210,15,131,9.0,8.0,1.0,0.125,-1,1,36.0,0
0,0,0,0,0,0,0,1,2763435,4194304,4096,5,1,7110656,72192,1024,66048,0,1048576,4096,4096,2,6,0.25,3,3,1,3,3,1,0,1,1,1,1,0,1.0,1,7,1.0,0.0,0,-1,-1,3.793,3.522,3.941,7.915,232,75,1,0,0,83,137,227,83,139,115,8,139,123,16,252,178,128,138,6,70,136,7,71,187,2,0,0,0,0,210,117,5,138,22,70,16,210,115,234,0,210,117,5,138,22,70,16,210,115,81,49,192,0,210,117,5,138,22,70,16,210,15,131,7.0,6.0,1.0,0.167,-1,1,14.0,0
0,0,0,0,0,0,0,0,2995838,4194304,4096,4,0,7786496,339456,1024,136192,0,524288,131072,4096,2,6,0.25,3,3,1,3,3,1,0,1,1,1,1,0,1.0,1,6,1.0,0.0,0,-1,-1,5.983,3.705,3.941,7.917,232,75,1,0,0,83,137,227,83,139,115,8,139,123,16,252,178,128,138,6,70,136,7,71,187,2,0,0,0,0,210,117,5,138,22,70,16,210,115,234,0,210,117,5,138,22,70,16,210,115,81,49,192,0,210,117,5,138,22,70,16,210,15,131,11.0,10.0,1.0,0.1,-1,1,64.0,0
0,0,0,0,0,0,0,0,3491157,4194304,4096,4,0,8962048,1332224,1024,321536,0,1048576,4096,4096,2,6,0.25,3,3,1,3,3,1,0,1,1,1,1,0,1.0,1,6,1.0,0.0,0,-1,-1,3.946,3.589,3.947,7.92,232,75,1,0,0,83,137,227,83,139,115,8,139,123,16,252,178,128,138,6,70,136,7,71,187,2,0,0,0,0,210,117,5,138,22,70,16,210,115,234,0,210,117,5,138,22,70,16,210,115,81,49,192,0,210,117,5,138,22,70,16,210,15,131,12.0,11.0,1.0,0.091,-1,1,66.0,0
0,0,0,0,0,0,0,0,2761571,4194304,4096,4,0,7057408,55808,1024,44032,0,1048576,4096,4096,2,6,0.25,3,3,1,3,3,1,0,1,1,1,1,0,1.0,1,6,1.0,0.0,0,-1,-1,4.761,3.334,3.936,7.92,232,75,1,0,0,83,137,227,83,139,115,8,139,123,16,252,178,128,138,6,70,136,7,71,187,2,0,0,0,0,210,117,5,138,22,70,16,210,115,234,0,210,117,5,138,22,70,16,210,115,81,49,192,0,210,117,5,138,22,70,16,210,15,131,8.0,7.0,1.0,0.143,-1,1,36.0,0
0,0,0,0,0,0,0,0,2695309,4194304,4096,4,0,7041024,62464,1024,36352,0,1048576,4096,4096,2,6,0.25,3,3,1,3,3,1,0,1,1,1,1,0,1.0,1,6,1.0,0.0,0,-1,-1,4.448,3.459,3.922,7.919,232,75,1,0,0,83,137,227,83,139,115,8,139,123,16,252,178,128,138,6,70,136,7,71,187,2,0,0,0,0,210,117,5,138,22,70,16,210,115,234,0,210,117,5,138,22,70,16,210,115,81,49,192,0,210,117,5,138,22,70,16,210,15,131,10.0,9.0,1.0,0.111,-1,1,36.0,0
0,0,0,0,0,0,0,0,2767659,4194304,4096,4,0,7098368,20480,4096,122880,0,1048576,4096,4096,1,5,0.167,3,3,1,3,3,1,0,1,1,1,1,0,1.0,1,3,1.336,0.0,0,-1,-1,-1,3.322,3.906,7.915,232,75,1,0,0,83,137,227,83,139,115,8,139,123,16,252,178,128,138,6,70,136,7,71,187,2,0,0,0,0,210,117,5,138,22,70,16,210,115,234,0,210,117,5,138,22,70,16,210,115,81,49,192,0,210,117,5,138,22,70,16,210,15,131,5.0,4.0,1.0,0.25,-1,1,-1,0
0,0,0,0,0,0,0,0,2904230,4194304,4096,4,0,7405568,38912,1024,22016,0,1048576,4096,4096,2,6,0.25,3,3,1,3,3,1,0,1,1,1,1,0,1.0,1,7,1.0,0.0,0,-1,-1,4.68,3.391,3.953,7.916,232,75,1,0,0,83,137,227,83,139,115,8,139,123,16,252,178,128,138,6,70,136,7,71,187,2,0,0,0,0,210,117,5,138,22,70,16,210,115,234,0,210,117,5,138,22,70,16,210,115,81,49,192,0,210,117,5,138,22,70,16,210,15,131,10.0,9.0,1.0,0.111,-1,1,36.0,0
0,0,0,0,0,0,0,1,3157815,4194304,4096,5,0,9019392,206336,1024,1424384,0,1048576,4096,4096,2,6,0.25,3,3,1,3,3,1,0,1,1,1,1,0,1.0,1,6,1.0,0.0,0,-1,-1,4.813,3.41,3.637,7.914,232,75,1,0,0,83,137,227,83,139,115,8,139,123,16,252,178,128,138,6,70,136,7,71,187,2,0,0,0,0,210,117,5,138,22,70,16,210,115,234,0,210,117,5,138,22,70,16,210,115,81,49,192,0,210,117,5,138,22,70,16,210,15,131,9.0,8.0,1.0,0.125,-1,1,30.0,0
0,0,0,0,0,0,0,0,2807303,4194304,4096,4,0,7217152,77824,4096,159744,0,1048576,4096,4096,2,6,0.25,3,3,1,3,3,1,0,1,1,1,1,0,1.0,1,5,1.0,0.0,0,-1,-1,3.034,3.543,3.918,7.916,232,75,1,0,0,83,137,227,83,139,115,8,139,123,16,252,178,128,138,6,70,136,7,71,187,2,0,0,0,0,210,117,5,138,22,70,16,210,115,234,0,210,117,5,138,22,70,16,210,115,81,49,192,0,210,117,5,138,22,70,16,210,15,131,10.0,9.0,1.0,0.111,-1,1,32.0,0
0,0,0,0,0,0,0,1,2919659,4194304,4096,5,0,7536640,206848,1024,253440,0,1048576,4096,4096,2,6,0.25,3,3,1,3,3,1,0,1,1,1,1,0,1.0,1,7,1.0,0.0,0,-1,-1,3.826,3.42,3.939,7.914,232,75,1,0,0,83,137,227,83,139,115,8,139,123,16,252,178,128,138,6,70,136,7,71,187,2,0,0,0,0,210,117,5,138,22,70,16,210,115,234,0,210,117,5,138,22,70,16,210,115,81,49,192,0,210,117,5,138,22,70,16,210,15,131,9.0,8.0,1.0,0.125,-1,1,32.0,0
0,0,0,0,0,0,0,0,2844102,4194304,4096,4,0,7131136,45056,4096,32768,0,1048576,4096,4096,2,6,0.25,3,3,1,3,3,1,0,1,1,1,1,0,1.0,1,4,1.542,0.0,0,-1,-1,1.891,3.427,3.974,7.912,232,75,1,0,0,83,137,227,83,139,115,8,139,123,16,252,178,128,138,6,70,136,7,71,187,2,0,0,0,0,210,117,5,138,22,70,16,210,115,234,0,210,117,5,138,22,70,16,210,115,81,49,192,0,210,117,5,138,22,70,16,210,15,131,6.0,5.0,1.0,0.2,-1,1,24.0,0
0,0,0,0,0,0,0,0,2792046,4194304,4096,4,0,7139328,20480,4096,122880,0,1048576,4096,4096,1,5,0.167,3,3,1,3,3,1,0,1,1,1,1,0,1.0,1,3,1.373,0.0,0,-1,-1,-1,3.308,3.926,7.909,232,75,1,0,0,83,137,227,83,139,115,8,139,123,16,252,178,128,138,6,70,136,7,71,187,2,0,0,0,0,210,117,5,138,22,70,16,210,115,234,0,210,117,5,138,22,70,16,210,115,81,49,192,0,210,117,5,138,22,70,16,210,15,131,5.0,4.0,1.0,0.25,-1,1,-1,0
0,0,0,0,0,0,0,1,4127562,4194304,4096,5,0,10579968,1161216,1024,2016256,0,1048576,4096,4096,2,6,0.25,3,3,1,3,3,1,0,1,1,1,1,0,1.0,1,6,1.0,0.0,0,-1,-1,5.805,3.79,3.988,7.92,232,75,1,0,0,83,137,227,83,139,115,8,139,123,16,252,178,128,138,6,70,136,7,71,187,2,0,0,0,0,210,117,5,138,22,70,16,210,115,234,0,210,117,5,138,22,70,16,210,115,81,49,192,0,210,117,5,138,22,70,16,210,15,131,12.0,11.0,1.0,0.091,-1,1,48.0,0
0,0,0,0,0,0,0,1,2839731,4194304,4096,5,1,7438336,162304,1024,283648,0,1048576,4096,4096,2,6,0.25,3,3,1,3,3,1,0,1,1,1,1,0,1.0,1,7,1.0,0.0,0,-1,-1,3.639,3.565,3.87,7.916,232,75,1,0,0,83,137,227,83,139,115,8,139,123,16,252,178,128,138,6,70,136,7,71,187,2,0,0,0,0,210,117,5,138,22,70,16,210,115,234,0,210,117,5,138,22,70,16,210,115,81,49,192,0,210,117,5,138,22,70,16,210,15,131,6.0,5.0,1.0,0.2,-1,1,14.0,0
0,0,0,0,0,0,0,0,2793964,4194304,4096,4,0,7168000,24576,4096,126976,0,1048576,4096,4096,2,6,0.25,3,3,1,3,3,1,0,1,1,1,1,0,1.0,1,3,1.515,0.0,0,-1,-1,0.61,3.338,3.939,7.913,232,75,1,0,0,83,137,227,83,139,115,8,139,123,16,252,178,128,138,6,70,136,7,71,187,2,0,0,0,0,210,117,5,138,22,70,16,210,115,234,0,210,117,5,138,22,70,16,210,115,81,49,192,0,210,117,5,138,22,70,16,210,15,131,6.0,5.0,1.0,0.2,-1,1,14.0,0
0,0,0,0,0,0,0,0,2753123,4194304,4096,4,0,7118848,56320,1024,45568,0,1048576,4096,4096,2,6,0.25,3,3,1,3,3,1,0,1,1,1,1,0,1.0,1,6,1.0,0.0,0,-1,-1,4.073,3.387,3.958,7.915,232,75,1,0,0,83,137,227,83,139,115,8,139,123,16,252,178,128,138,6,70,136,7,71,187,2,0,0,0,0,210,117,5,138,22,70,16,210,115,234,0,210,117,5,138,22,70,16,210,115,81,49,192,0,210,117,5,138,22,70,16,210,15,131,10.0,9.0,1.0,0.111,-1,1,36.0,0
0,0,0,0,0,0,0,0,2749128,4194304,4096,4,0,7319552,46080,1024,32768,0,1048576,4096,4096,2,6,0.25,3,3,1,3,3,1,0,1,1,1,1,0,1.0,1,6,1.0,0.0,0,-1,-1,3.674,3.381,3.88,7.919,232,75,1,0,0,83,137,227,83,139,115,8,139,123,16,252,178,128,138,6,70,136,7,71,187,2,0,0,0,0,210,117,5,138,22,70,16,210,115,234,0,210,117,5,138,22,70,16,210,115,81,49,192,0,210,117,5,138,22,70,16,210,15,131,10.0,9.0,1.0,0.111,-1,1,32.0,0
0,0,0,0,0,0,0,0,2739886,4194304,4096,4,0,7135232,24576,4096,122880,0,1048576,4096,4096,1,5,0.167,3,3,1,3,3,1,0,1,1,1,1,0,1.0,1,3,1.047,0.0,0,-1,-1,-1,3.289,3.933,7.917,232,75,1,0,0,83,137,227,83,139,115,8,139,123,16,252,178,128,138,6,70,136,7,71,187,2,0,0,0,0,210,117,5,138,22,70,16,210,115,234,0,210,117,5,138,22,70,16,210,115,81,49,192,0,210,117,5,138,22,70,16,210,15,131,9.0,8.0,1.0,0.125,-1,1,-1,0
0,0,0,0,0,0,0,1,2999616,4194304,4096,5,0,7770112,323584,1024,148480,0,1048576,4096,4096,2,6,0.25,3,3,1,3,3,1,0,1,1,1,1,0,1.0,1,6,1.0,0.0,0,-1,-1,4.433,3.384,3.925,7.922,232,75,1,0,0,83,137,227,83,139,115,8,139,123,16,252,178,128,138,6,70,136,7,71,187,2,0,0,0,0,210,117,5,138,22,70,16,210,115,234,0,210,117,5,138,22,70,16,210,115,81,49,192,0,210,117,5,138,22,70,16,210,15,131,14.0,13.0,1.0,0.077,-1,1,52.0,0
0,0,0,0,0,0,0,0,2735265,4194304,4096,4,0,7098368,28672,4096,139264,0,1048576,4096,4096,2,6,0.25,3,3,1,3,3,1,0,1,1,1,1,0,1.0,1,5,1.0,0.0,0,-1,-1,2.888,3.399,3.886,7.917,232,75,1,0,0,83,137,227,83,139,115,8,139,123,16,252,178,128,138,6,70,136,7,71,187,2,0,0,0,0,210,117,5,138,22,70,16,210,115,234,0,210,117,5,138,22,70,16,210,115,81,49,192,0,210,117,5,138,22,70,16,210,15,131,12.0,11.0,1.0,0.091,-1,1,26.0,0
0,0,0,0,0,0,0,0,2797333,4194304,4096,4,0,7094272,65536,4096,28672,0,1048576,4096,4096,2,6,0.25,3,3,1,3,3,1,0,1,1,1,1,0,1.0,1,4,4.303,0.0,0,-1,-1,0.989,3.409,3.965,7.92,232,75,1,0,0,83,137,227,83,139,115,8,139,123,16,252,178,128,138,6,70,136,7,71,187,2,0,0,0,0,210,117,5,138,22,70,16,210,115,234,0,210,117,5,138,22,70,16,210,115,81,49,192,0,210,117,5,138,22,70,16,210,15,131,6.0,5.0,2.0,0.4,-1,1,8.0,0
0,0,0,0,0,0,0,0,33209,4194304,4096,4,0,49152,0,1024,14336,1024,2097152,4096,4096,6,1,0.857,0,7,0,0,7,0,1,0,0,1,1,1,0.708,1,7,0.708,0.0,0,7.928,7.52,6.819,2.501,3.325,7.591,233,37,228,255,255,0,0,0,148,5,223,37,30,172,0,0,0,0,0,0,0,0,0,0,62,172,0,0,46,172,0,0,38,172,0,0,0,0,0,0,0,0,0,0,75,172,0,0,54,172,0,0,0,0,0,0,0,0,0,0,0,0,0,0,2.0,1.0,2.0,2.0,-1,1,8.0,0
0,0,0,0,0,0,0,0,67492,4194304,4096,4,0,77824,0,1024,47616,1024,2097152,4096,4096,5,1,0.833,0,6,0,0,6,0,1,0,0,1,1,1,0.708,1,6,0.708,0.0,0,7.964,7.526,-1,2.6,4.188,7.597,233,37,228,255,255,0,0,0,49,53,92,71,30,28,1,0,0,0,0,0,0,0,0,0,62,28,1,0,46,28,1,0,38,28,1,0,0,0,0,0,0,0,0,0,75,28,1,0,54,28,1,0,0,0,0,0,0,0,0,0,0,0,0,0,2.0,1.0,2.0,2.0,-1,1,-1,0
0,0,0,0,1,0,0,0,47792,4194304,4096,4,0,40960,0,1024,5632,0,1048576,4096,4096,3,1,0.75,0,4,0,0,4,0,1,0,0,1,1,1,0.833,0,4,0.833,0.125,0,7.939,7.537,5.208,3.725,4.269,7.086,233,37,228,255,255,0,0,0,134,128,94,7,30,140,0,0,0,0,0,0,0,0,0,0,62,140,0,0,46,140,0,0,38,140,0,0,0,0,0,0,0,0,0,0,75,140,0,0,54,140,0,0,0,0,0,0,0,0,0,0,0,0,0,0,2.0,1.0,2.0,2.0,-1,1,18.0,0
0,0,0,0,0,0,0,0,51911,4194304,4096,4,0,61440,0,1024,2048,512,33554432,4096,4096,4,1,0.8,0,5,0,0,5,0,1,0,0,1,1,1,0.708,1,5,0.708,0.0,0,7.957,7.548,-1,2.52,4.25,7.589,233,37,228,255,255,0,0,0,129,180,100,65,30,220,0,0,0,0,0,0,0,0,0,0,62,220,0,0,46,220,0,0,38,220,0,0,0,0,0,0,0,0,0,0,75,220,0,0,54,220,0,0,0,0,0,0,0,0,0,0,0,0,0,0,2.0,1.0,2.0,2.0,-1,1,-1,0
0,0,0,0,0,0,0,0,53452,4194304,4096,4,0,94208,0,4096,23552,0,1048576,4096,4096,4,1,0.8,0,5,0,0,5,0,1,0,0,1,1,1,0.833,0,5,0.833,0.062,0,7.889,7.578,6.552,3.667,4.855,7.27,233,37,228,255,255,0,0,0,97,236,88,100,30,92,1,0,0,0,0,0,0,0,0,0,62,92,1,0,46,92,1,0,38,92,1,0,0,0,0,0,0,0,0,0,75,92,1,0,54,92,1,0,0,0,0,0,0,0,0,0,0,0,0,0,2.0,1.0,2.0,2.0,-1,1,164.0,0
0,0,0,0,0,0,0,0,54913,4194304,4096,4,0,94208,0,4096,32768,0,1048576,4096,4096,4,1,0.8,0,5,0,0,5,0,1,0,0,1,1,1,0.833,0,5,0.833,0.125,0,7.96,7.522,6.774,3.649,4.604,7.149,233,37,228,255,255,0,0,0,136,206,254,22,30,92,1,0,0,0,0,0,0,0,0,0,62,92,1,0,46,92,1,0,38,92,1,0,0,0,0,0,0,0,0,0,75,92,1,0,54,92,1,0,0,0,0,0,0,0,0,0,0,0,0,0,2.0,1.0,2.0,2.0,-1,1,128.0,0
0,0,0,0,0,0,0,0,78403,4194304,4096,4,0,122880,0,4096,35328,0,1048576,4096,4096,4,1,0.8,0,5,0,0,5,0,1,0,0,1,1,1,0.833,0,5,0.833,0.062,0,7.909,7.555,7.032,3.659,4.777,7.199,233,37,228,255,255,0,0,0,48,167,159,198,30,204,1,0,0,0,0,0,0,0,0,0,62,204,1,0,46,204,1,0,38,204,1,0,0,0,0,0,0,0,0,0,75,204,1,0,54,204,1,0,0,0,0,0,0,0,0,0,0,0,0,0,2.0,1.0,2.0,2.0,-1,1,147.0,0
0,0,0,0,0,0,0,0,66431,4194304,4096,4,0,102400,0,1024,66048,3072,2097152,4096,4096,6,3,0.667,0,9,0,0,9,0,1,0,0,1,1,1,0.708,1,9,0.708,0.0,0,7.964,7.533,-1,2.636,4.128,7.596,233,37,228,255,255,0,0,0,214,248,169,212,30,124,1,0,0,0,0,0,0,0,0,0,62,124,1,0,46,124,1,0,38,124,1,0,0,0,0,0,0,0,0,0,75,124,1,0,54,124,1,0,0,0,0,0,0,0,0,0,0,0,0,0,2.0,1.0,2.0,2.0,-1,1,-1,0
0,0,0,0,0,0,0,0,63225,4194304,4096,4,0,106496,0,1024,67072,2048,2097152,4096,4096,6,3,0.667,0,9,0,0,9,0,1,0,0,1,1,1,0.708,1,9,0.708,0.0,0,7.96,7.521,-1,2.639,4.079,7.597,233,37,228,255,255,0,0,0,217,232,2,243,30,140,1,0,0,0,0,0,0,0,0,0,62,140,1,0,46,140,1,0,38,140,1,0,0,0,0,0,0,0,0,0,75,140,1,0,54,140,1,0,0,0,0,0,0,0,0,0,0,0,0,0,2.0,1.0,2.0,2.0,-1,1,-1,0
0,0,0,0,0,0,0,0,55067,4194304,4096,4,0,77824,0,4096,12288,0,1048576,4096,4096,3,1,0.75,0,4,0,0,4,0,1,0,0,1,1,1,0.708,0,4,0.708,0.25,0,7.964,7.865,-1,3.76,4.954,7.598,233,37,228,255,255,0,0,0,208,242,203,207,30,28,1,0,0,0,0,0,0,0,0,0,62,28,1,0,46,28,1,0,38,28,1,0,0,0,0,0,0,0,0,0,75,28,1,0,54,28,1,0,0,0,0,0,0,0,0,0,0,0,0,0,2.0,1.0,2.0,2.0,-1,1,-1,0
0,0,1,0,1,0,0,0,86848,4194304,8192,4,0,57344,0,4096,8192,0,1048576,4096,8192,2,1,0.667,0,3,0,0,3,0,1,0,0,1,1,1,0.594,0,3,0.594,0.062,0,7.944,-1,6.112,2.646,3.139,7.338,233,37,228,255,255,0,0,0,61,173,128,139,30,188,0,0,0,0,0,0,0,0,0,0,62,188,0,0,46,188,0,0,38,188,0,0,0,0,0,0,0,0,0,0,75,188,0,0,54,188,0,0,0,0,0,0,0,0,0,0,0,0,0,0,2.0,1.0,2.0,2.0,-1,1,13.0,0
0,0,0,0,0,0,0,0,60886,4194304,4096,4,0,102400,0,4096,26112,0,1048576,4096,4096,4,1,0.8,0,5,0,0,5,0,1,0,0,1,1,1,0.833,0,5,0.833,0.062,0,7.914,7.627,6.658,3.51,4.903,7.234,233,37,228,255,255,0,0,0,150,157,69,21,30,124,1,0,0,0,0,0,0,0,0,0,62,124,1,0,46,124,1,0,38,124,1,0,0,0,0,0,0,0,0,0,75,124,1,0,54,124,1,0,0,0,0,0,0,0,0,0,0,0,0,0,2.0,1.0,2.0,2.0,-1,1,156.0,0
0,0,1,0,1,0,0,0,48862,4194304,8192,4,0,73728,0,4096,8192,0,1048576,4096,8192,2,1,0.667,0,3,0,0,3,0,1,0,0,1,1,1,0.594,0,3,0.594,0.062,0,7.954,-1,6.102,2.664,3.506,7.337,233,37,228,255,255,0,0,0,37,201,14,144,30,252,0,0,0,0,0,0,0,0,0,0,62,252,0,0,46,252,0,0,38,252,0,0,0,0,0,0,0,0,0,0,75,252,0,0,54,252,0,0,0,0,0,0,0,0,0,0,0,0,0,0,2.0,1.0,2.0,2.0,-1,1,13.0,0
0,0,0,0,0,0,0,1,85517,486539264,4096,5,0,69632,0,1024,23552,0,2000000,4096,4096,4,1,0.8,0,5,0,0,5,0,1,0,0,1,1,1,0.982,0,5,0.982,0.042,0,7.858,7.589,5.566,3.574,3.248,5.483,233,37,228,255,255,0,0,0,251,189,240,52,30,188,0,0,0,0,0,0,0,0,0,0,62,188,0,0,46,188,0,0,38,188,0,0,0,0,0,0,0,0,0,0,75,188,0,0,54,188,0,0,0,0,0,0,0,0,0,0,0,0,0,0,2.0,1.0,2.0,2.0,-1,1,36.0,0
0,0,1,0,0,0,0,1,34702,4194304,4096,5,1,36864,0,1024,7168,0,1048576,4096,4096,4,1,0.8,0,5,0,0,5,0,1,0,0,1,1,1,0.708,0,5,0.708,0.125,0,7.932,7.551,4.696,3.653,4.226,7.59,233,37,228,255,255,0,0,0,245,8,99,117,30,124,0,0,0,0,0,0,0,0,0,0,62,124,0,0,46,124,0,0,38,124,0,0,0,0,0,0,0,0,0,0,75,124,0,0,54,124,0,0,0,0,0,0,0,0,0,0,0,0,0,0,2.0,1.0,2.0,2.0,-1,1,8.0,0
0,0,0,0,0,0,0,0,729049,4194304,4096,4,0,1511424,0,1536,90112,0,1048576,8192,4096,7,1,0.875,0,8,0,0,8,0,1,0,0,1,1,1,0.969,0,8,0.969,0.125,0,7.968,7.958,7.81,1.519,4.57,6.701,233,37,228,255,255,0,0,0,116,54,21,233,30,236,22,0,0,0,0,0,0,0,0,0,62,236,22,0,46,236,22,0,38,236,22,0,0,0,0,0,0,0,0,0,75,236,22,0,54,236,22,0,0,0,0,0,0,0,0,0,0,0,0,0,2.0,1.0,2.0,2.0,-1,1,193.0,0
0,0,0,0,0,0,0,0,105545,4194304,4096,4,0,98304,0,1024,33280,0,1048576,65536,4096,2,4,0.333,0,6,0,0,6,0,0,0,1,1,1,1,1.0,0,5,1.0,0.062,0,-1,-1,7.243,2.721,4.257,6.545,233,37,228,255,255,0,0,0,161,57,108,243,30,108,1,0,0,0,0,0,0,0,0,0,62,108,1,0,46,108,1,0,38,108,1,0,0,0,0,0,0,0,0,0,75,108,1,0,54,108,1,0,0,0,0,0,0,0,0,0,0,0,0,0,2.0,1.0,2.0,2.0,-1,1,83.0,0
0,0,0,0,0,0,0,0,109976,4194304,4096,4,0,135168,0,4096,50176,0,1048576,4096,4096,4,1,0.8,0,5,0,0,5,0,1,0,0,1,1,1,0.833,0,5,0.833,0.062,0,7.903,7.502,7.501,3.705,5.05,7.267,233,37,228,255,255,0,0,0,63,127,209,161,30,252,1,0,0,0,0,0,0,0,0,0,62,252,1,0,46,252,1,0,38,252,1,0,0,0,0,0,0,0,0,0,75,252,1,0,54,252,1,0,0,0,0,0,0,0,0,0,0,0,0,0,2.0,1.0,2.0,2.0,-1,1,149.0,0
0,0,0,0,0,0,0,0,43645,4194304,4096,4,0,49152,0,4096,20480,0,1048576,4096,4096,4,1,0.8,0,5,0,0,5,0,1,0,0,1,1,1,0.812,0,5,0.812,0.062,0,7.914,7.882,4.118,3.684,3.824,6.336,233,37,228,255,255,0,0,0,37,185,136,30,30,156,0,0,0,0,0,0,0,0,0,0,62,156,0,0,46,156,0,0,38,156,0,0,0,0,0,0,0,0,0,0,75,156,0,0,54,156,0,0,0,0,0,0,0,0,0,0,0,0,0,0,2.0,1.0,2.0,2.0,-1,1,23.0,0
0,0,1,0,1,0,0,0,89669,4194304,8192,4,0,98304,0,4096,16384,0,1048576,4096,8192,2,1,0.667,0,3,0,0,3,0,1,0,0,1,1,1,0.792,0,3,0.792,0.062,0,7.96,-1,5.234,2.76,3.716,6.601,233,37,228,255,255,0,0,0,108,26,86,89,30,60,1,0,0,0,0,0,0,0,0,0,62,60,1,0,46,60,1,0,38,60,1,0,0,0,0,0,0,0,0,0,75,60,1,0,54,60,1,0,0,0,0,0,0,0,0,0,0,0,0,0,2.0,1.0,2.0,2.0,-1,1,38.0,0
0,0,0,0,0,0,0,0,73818,4194304,4096,4,0,122880,0,1024,45056,41472,2097152,4096,4096,6,3,0.667,0,9,0,0,9,0,1,0,0,1,1,1,0.708,1,9,0.708,0.0,0,7.951,7.922,-1,2.624,2.698,7.595,233,37,228,255,255,0,0,0,225,182,46,4,30,204,1,0,0,0,0,0,0,0,0,0,62,204,1,0,46,204,1,0,38,204,1,0,0,0,0,0,0,0,0,0,75,204,1,0,54,204,1,0,0,0,0,0,0,0,0,0,0,0,0,0,2.0,1.0,2.0,2.0,-1,1,-1,0
0,0,1,0,0,0,0,1,95355,4194304,4096,5,1,73728,0,1024,25600,0,1048576,4096,4096,4,1,0.8,0,5,0,0,5,0,1,0,0,1,1,1,0.875,0,5,0.875,0.075,0,7.92,7.591,6.842,3.86,3.025,4.944,233,37,228,255,255,0,0,0,62,182,168,199,30,204,0,0,0,0,0,0,0,0,0,0,62,204,0,0,46,204,0,0,38,204,0,0,0,0,0,0,0,0,0,0,75,204,0,0,54,204,0,0,0,0,0,0,0,0,0,0,0,0,0,0,2.0,1.0,2.0,2.0,-1,1,29.0,0
0,0,0,0,0,0,0,0,108245,4194304,4096,4,0,425984,0,1024,14848,332800,2097152,4096,4096,6,1,0.857,0,7,0,0,7,0,1,0,0,1,1,1,1.0,1,6,1.0,0.0,0,7.967,7.877,5.816,2.663,1.269,6.565,233,37,228,255,255,0,0,0,193,199,95,150,30,108,6,0,0,0,0,0,0,0,0,0,62,108,6,0,46,108,6,0,38,108,6,0,0,0,0,0,0,0,0,0,75,108,6,0,54,108,6,0,0,0,0,0,0,0,0,0,0,0,0,0,2.0,1.0,2.0,2.0,-1,1,18.0,0
0,0,0,0,0,0,0,1,106979,4194304,4096,5,0,94208,0,1024,19968,0,1048576,4096,4096,3,1,0.75,0,4,0,0,4,0,1,0,0,1,1,1,0.708,0,4,0.708,0.083,0,7.96,7.788,-1,3.736,4.691,7.596,233,37,228,255,255,0,0,0,167,60,251,45,30,92,1,0,0,0,0,0,0,0,0,0,62,92,1,0,46,92,1,0,38,92,1,0,0,0,0,0,0,0,0,0,75,92,1,0,54,92,1,0,0,0,0,0,0,0,0,0,0,0,0,0,2.0,1.0,2.0,2.0,-1,1,-1,0
0,0,0,0,0,0,0,0,47635,4194304,4096,4,0,61440,0,1024,19968,512,2097152,4096,4096,6,3,0.667,0,9,0,0,9,0,1,0,0,1,1,1,0.708,1,9,0.708,0.0,0,7.94,7.575,-1,2.505,3.381,7.588,233,37,228,255,255,0,0,0,129,150,219,228,30,220,0,0,0,0,0,0,0,0,0,0,62,220,0,0,46,220,0,0,38,220,0,0,0,0,0,0,0,0,0,0,75,220,0,0,54,220,0,0,0,0,0,0,0,0,0,0,0,0,0,0,2.0,1.0,2.0,2.0,-1,1,-1,0
0,0,0,0,0,0,0,0,81766,4194304,4096,4,0,57344,0,1024,19456,512,2097152,4096,4096,6,3,0.667,0,9,0,0,9,0,1,0,0,1,1,1,0.708,1,9,0.708,0.0,0,7.953,7.61,-1,2.501,3.505,7.587,233,37,228,255,255,0,0,0,244,131,51,32,30,204,0,0,0,0,0,0,0,0,0,0,62,204,0,0,46,204,0,0,38,204,0,0,0,0,0,0,0,0,0,0,75,204,0,0,54,204,0,0,0,0,0,0,0,0,0,0,0,0,0,0,2.0,1.0,2.0,2.0,-1,1,-1,0
0,0,0,0,0,0,0,0,253574,4194304,4096,4,0,528384,0,1024,136192,0,524288,131072,4096,4,1,0.8,0,5,0,0,5,0,1,0,0,1,1,1,0.938,0,5,0.938,0.125,0,7.967,7.905,6.279,3.996,4.367,6.65,233,37,228,255,255,0,0,0,154,129,156,82,30,172,7,0,0,0,0,0,0,0,0,0,62,172,7,0,46,172,7,0,38,172,7,0,0,0,0,0,0,0,0,0,75,172,7,0,54,172,7,0,0,0,0,0,0,0,0,0,0,0,0,0,2.0,1.0,2.0,2.0,-1,1,344.0,0
0,0,0,0,0,0,0,0,56017,4194304,4096,4,0,65536,0,1024,16384,512,2097152,4096,4096,5,1,0.833,0,6,0,0,6,0,1,0,0,1,1,1,0.708,1,6,0.708,0.0,0,7.952,7.58,-1,2.559,3.898,7.581,233,37,228,255,255,0,0,0,107,185,135,55,30,236,0,0,0,0,0,0,0,0,0,0,62,236,0,0,46,236,0,0,38,236,0,0,0,0,0,0,0,0,0,0,75,236,0,0,54,236,0,0,0,0,0,0,0,0,0,0,0,0,0,0,2.0,1.0,2.0,2.0,-1,1,-1,0
0,0,0,0,0,0,0,0,65330,4194304,4096,4,0,90112,0,1024,15872,3072,2097152,4096,4096,5,2,0.714,0,7,0,0,7,0,1,0,0,1,1,1,0.708,1,7,0.708,0.0,0,7.964,7.568,-1,2.625,4.006,7.589,233,37,228,255,255,0,0,0,142,123,221,197,30,76,1,0,0,0,0,0,0,0,0,0,62,76,1,0,46,76,1,0,38,76,1,0,0,0,0,0,0,0,0,0,75,76,1,0,54,76,1,0,0,0,0,0,0,0,0,0,0,0,0,0,2.0,1.0,2.0,2.0,-1,1,-1,0
0,0,0,0,0,0,0,0,95188,4194304,4096,4,0,90112,0,4096,22016,0,1048576,4096,4096,4,1,0.8,0,5,0,0,5,0,1,0,0,1,1,1,0.833,0,5,0.833,0.062,0,7.909,7.579,6.714,3.668,4.888,7.298,233,37,228,255,255,0,0,0,76,89,26,44,30,76,1,0,0,0,0,0,0,0,0,0,62,76,1,0,46,76,1,0,38,76,1,0,0,0,0,0,0,0,0,0,75,76,1,0,54,76,1,0,0,0,0,0,0,0,0,0,0,0,0,0,2.0,1.0,2.0,2.0,-1,1,120.0,0
0,0,0,0,0,0,0,0,100775,4194304,4096,4,0,86016,0,1024,50176,3584,2097152,4096,4096,6,2,0.75,0,8,0,0,8,0,1,0,0,1,1,1,0.708,1,8,0.708,0.0,0,7.956,7.55,-1,2.593,4.062,7.588,233,37,228,255,255,0,0,0,6,236,220,24,30,60,1,0,0,0,0,0,0,0,0,0,62,60,1,0,46,60,1,0,38,60,1,0,0,0,0,0,0,0,0,0,75,60,1,0,54,60,1,0,0,0,0,0,0,0,0,0,0,0,0,0,2.0,1.0,2.0,2.0,-1,1,-1,0
0,0,0,0,0,0,0,0,50403,4194304,4096,4,0,77824,0,1024,43008,3584,2097152,4096,4096,6,2,0.75,0,8,0,0,8,0,1,0,0,1,1,1,0.708,1,8,0.708,0.0,0,7.958,7.572,-1,2.585,4.132,7.588,233,37,228,255,255,0,0,0,119,218,196,176,30,28,1,0,0,0,0,0,0,0,0,0,62,28,1,0,46,28,1,0,38,28,1,0,0,0,0,0,0,0,0,0,75,28,1,0,54,28,1,0,0,0,0,0,0,0,0,0,0,0,0,0,2.0,1.0,2.0,2.0,-1,1,-1,0
0,0,0,0,0,0,0,0,92415,4194304,4096,4,0,94208,0,1024,2560,2048,33554432,4096,4096,4,1,0.8,0,5,0,0,5,0,1,0,0,1,1,1,0.708,1,5,0.708,0.0,0,7.966,7.572,-1,2.554,4.551,7.589,233,37,228,255,255,0,0,0,189,81,253,56,30,92,1,0,0,0,0,0,0,0,0,0,62,92,1,0,46,92,1,0,38,92,1,0,0,0,0,0,0,0,0,0,75,92,1,0,54,92,1,0,0,0,0,0,0,0,0,0,0,0,0,0,2.0,1.0,2.0,2.0,-1,1,-1,0
0,0,0,0,0,0,0,0,41808,4194304,4096,4,0,73728,0,1024,32256,3072,2097152,4096,4096,6,3,0.667,0,9,0,0,9,0,1,0,0,1,1,1,0.708,1,9,0.708,0.0,0,7.954,7.598,-1,2.604,3.845,7.588,233,37,228,255,255,0,0,0,17,75,62,126,30,12,1,0,0,0,0,0,0,0,0,0,62,12,1,0,46,12,1,0,38,12,1,0,0,0,0,0,0,0,0,0,75,12,1,0,54,12,1,0,0,0,0,0,0,0,0,0,0,0,0,0,2.0,1.0,2.0,2.0,-1,1,-1,0
0,0,0,0,0,0,0,0,92147,4194304,4096,4,0,94208,0,4096,32768,0,1048576,4096,4096,4,1,0.8,0,5,0,0,5,0,1,0,0,1,1,1,0.875,0,5,0.875,0.219,0,7.958,7.845,7.122,3.702,4.123,6.979,233,37,228,255,255,0,0,0,197,77,161,108,30,92,1,0,0,0,0,0,0,0,0,0,62,92,1,0,46,92,1,0,38,92,1,0,0,0,0,0,0,0,0,0,75,92,1,0,54,92,1,0,0,0,0,0,0,0,0,0,0,0,0,0,2.0,1.0,2.0,2.0,-1,1,56.0,0
0,0,0,0,0,0,0,0,60329,4194304,4096,1,0,118784,0,1024,16896,0,1048576,16384,4096,4,4,0.5,0,8,0,0,8,0,0,0,1,1,1,1,0.833,2,8,0.833,0.0,0,-1,-1,6.967,2.148,4.15,7.203,233,37,228,255,255,0,0,0,219,137,123,56,30,188,1,0,0,0,0,0,0,0,0,0,62,188,1,0,46,188,1,0,38,188,1,0,0,0,0,0,0,0,0,0,75,188,1,0,54,188,1,0,0,0,0,0,0,0,0,0,0,0,0,0,2.0,1.0,2.0,2.0,-1,1,53.0,0
0,0,0,0,0,0,0,0,54331,4194304,4096,4,0,77824,0,1024,43520,3584,2097152,4096,4096,6,2,0.75,0,8,0,0,8,0,1,0,0,1,1,1,0.708,1,8,0.708,0.0,0,7.957,7.545,-1,2.589,4.188,7.588,233,37,228,255,255,0,0,0,100,166,127,12,30,28,1,0,0,0,0,0,0,0,0,0,62,28,1,0,46,28,1,0,38,28,1,0,0,0,0,0,0,0,0,0,75,28,1,0,54,28,1,0,0,0,0,0,0,0,0,0,0,0,0,0,2.0,1.0,2.0,2.0,-1,1,-1,0
0,0,0,0,0,0,0,0,64285,4194304,4096,4,0,81920,0,1024,32768,5632,2097152,4096,4096,6,4,0.6,0,10,0,0,10,0,1,0,0,1,1,1,0.708,1,10,0.708,0.0,0,7.951,7.515,-1,2.653,3.24,7.589,233,37,228,255,255,0,0,0,142,248,168,87,30,44,1,0,0,0,0,0,0,0,0,0,62,44,1,0,46,44,1,0,38,44,1,0,0,0,0,0,0,0,0,0,75,44,1,0,54,44,1,0,0,0,0,0,0,0,0,0,0,0,0,0,2.0,1.0,2.0,2.0,-1,1,-1,0
0,0,0,0,0,0,0,0,88773,4194304,4096,4,0,135168,0,4096,45568,0,1048576,4096,4096,4,1,0.8,0,5,0,0,5,0,1,0,0,1,1,1,0.781,0,5,0.781,0.125,0,7.91,7.844,6.905,3.717,4.617,6.793,233,37,228,255,255,0,0,0,86,190,51,140,30,236,1,0,0,0,0,0,0,0,0,0,62,236,1,0,46,236,1,0,38,236,1,0,0,0,0,0,0,0,0,0,75,236,1,0,54,236,1,0,0,0,0,0,0,0,0,0,0,0,0,0,2.0,1.0,2.0,2.0,-1,1,163.0,0
0,0,0,0,0,0,0,0,57784,4194304,4096,4,0,110592,0,1024,32768,0,1048576,4096,4096,4,1,0.8,0,5,0,0,5,0,1,0,0,1,1,1,0.844,0,5,0.844,0.062,0,7.963,7.568,6.8,3.755,4.458,6.388,233,37,228,255,255,0,0,0,57,103,194,152,30,140,1,0,0,0,0,0,0,0,0,0,62,140,1,0,46,140,1,0,38,140,1,0,0,0,0,0,0,0,0,0,75,140,1,0,54,140,1,0,0,0,0,0,0,0,0,0,0,0,0,0,2.0,1.0,2.0,2.0,-1,1,153.0,0
0,0,0,0,0,0,0,0,89449,16777216,4096,5,0,57344,0,1536,16384,0,262144,4096,4096,2,1,0.667,0,3,0,0,3,0,1,0,0,1,1,1,0.708,0,3,0.708,0.062,0,7.96,7.808,-1,3.388,4.122,7.57,233,37,228,255,255,0,0,0,147,191,103,3,30,204,0,0,0,0,0,0,0,0,0,0,62,204,0,0,46,204,0,0,38,204,0,0,0,0,0,0,0,0,0,0,75,204,0,0,54,204,0,0,0,0,0,0,0,0,0,0,0,0,0,0,2.0,1.0,2.0,2.0,-1,1,-1,0
0,0,1,0,1,0,0,0,37808,4194304,8192,4,0,49152,0,4096,8192,0,1048576,4096,8192,2,1,0.667,0,3,0,0,3,0,1,0,0,1,1,1,0.594,0,3,0.594,0.062,0,7.924,-1,6.15,2.695,3.191,7.319,233,37,228,255,255,0,0,0,207,196,206,164,30,156,0,0,0,0,0,0,0,0,0,0,62,156,0,0,46,156,0,0,38,156,0,0,0,0,0,0,0,0,0,0,75,156,0,0,54,156,0,0,0,0,0,0,0,0,0,0,0,0,0,0,2.0,1.0,2.0,2.0,-1,1,13.0,0
0,0,1,0,1,0,0,0,82477,4194304,8192,4,0,57344,0,4096,8192,0,1048576,4096,8192,2,1,0.667,0,3,0,0,3,0,1,0,0,1,1,1,0.594,0,3,0.594,0.062,0,7.95,-1,6.163,2.667,3.461,7.315,233,37,228,255,255,0,0,0,173,3,247,173,30,188,0,0,0,0,0,0,0,0,0,0,62,188,0,0,46,188,0,0,38,188,0,0,0,0,0,0,0,0,0,0,75,188,0,0,54,188,0,0,0,0,0,0,0,0,0,0,0,0,0,0,2.0,1.0,2.0,2.0,-1,1,13.0,0
0,0,0,0,0,0,0,0,57147,4194304,4096,4,0,32768,0,1024,4096,0,1048576,4096,4096,4,1,0.8,0,5,0,0,5,0,1,0,0,1,1,1,0.708,0,5,0.75,0.125,0,7.909,7.552,7.268,3.646,4.386,7.575,233,37,228,255,255,0,0,0,238,174,176,68,30,108,0,0,0,0,0,0,0,0,0,0,62,108,0,0,46,108,0,0,38,108,0,0,0,0,0,0,0,0,0,0,75,108,0,0,54,108,0,0,0,0,0,0,0,0,0,0,0,0,0,0,2.0,1.0,2.0,2.0,-1,1,14.0,0
0,0,0,0,1,0,0,0,83093,4194304,4096,4,0,45056,0,1024,15872,0,1048576,4096,4096,4,1,0.8,0,5,0,0,5,0,1,0,0,1,1,1,0.781,0,5,0.781,0.125,0,7.855,7.57,7.464,3.234,4.198,7.078,233,37,228,255,255,0,0,0,192,64,24,162,30,140,0,0,0,0,0,0,0,0,0,0,62,140,0,0,46,140,0,0,38,140,0,0,0,0,0,0,0,0,0,0,75,140,0,0,54,140,0,0,0,0,0,0,0,0,0,0,0,0,0,0,2.0,1.0,2.0,2.0,-1,1,32.0,0
0,0,0,0,0,0,0,0,77578,4194304,4096,4,0,110592,0,4096,28672,0,1048576,4096,4096,4,1,0.8,0,5,0,0,5,0,1,0,0,1,1,1,0.75,0,5,0.75,0.125,0,7.967,7.887,6.862,3.692,4.64,7.531,233,37,228,255,255,0,0,0,24,229,136,90,30,156,1,0,0,0,0,0,0,0,0,0,62,156,1,0,46,156,1,0,38,156,1,0,0,0,0,0,0,0,0,0,75,156,1,0,54,156,1,0,0,0,0,0,0,0,0,0,0,0,0,0,2.0,1.0,2.0,2.0,-1,1,7.0,0
0,0,0,0,0,0,0,0,0,4194304,0,4,0,322477,0,512,0,0,1048576,4096,4096,0,2,0.0,2,1,1,2,1,1,0,1,1,1,1,0,1.0,1,1,1.0,0.0,0,-1,-1,-1,3.578,2.761,7.936,96,232,0,0,0,0,139,44,36,131,196,4,131,124,36,40,1,117,12,139,68,36,36,137,133,224,12,0,0,235,12,139,133,220,12,0,0,137,133,224,12,0,0,232,135,1,0,0,141,181,8,13,0,0,141,157,198,4,0,0,51,255,106,64,5.0,8.0,5.0,0.625,-1,1,14.0,0
0,0,0,0,0,0,0,0,0,4194304,0,4,0,445968,0,512,0,0,1048576,4096,4096,0,2,0.0,2,1,1,2,1,1,0,1,1,1,1,0,1.0,1,1,1.0,0.0,0,-1,-1,-1,3.583,3.042,7.909,96,232,0,0,0,0,139,44,36,131,196,4,131,124,36,40,1,117,12,139,68,36,36,137,133,224,12,0,0,235,12,139,133,220,12,0,0,137,133,224,12,0,0,232,135,1,0,0,141,181,8,13,0,0,141,157,198,4,0,0,51,255,106,64,13.0,16.0,5.0,0.312,-1,1,96.0,0
0,0,0,0,0,0,0,0,0,4194304,0,4,0,305407,0,512,0,0,1048576,4096,4096,0,2,0.0,2,1,1,2,1,1,0,1,1,1,1,0,1.0,1,1,1.0,0.0,0,-1,-1,-1,3.546,3.063,7.869,96,232,0,0,0,0,139,44,36,131,196,4,131,124,36,40,1,117,12,139,68,36,36,137,133,224,12,0,0,235,12,139,133,220,12,0,0,137,133,224,12,0,0,232,135,1,0,0,141,181,8,13,0,0,141,157,198,4,0,0,51,255,106,64,12.0,15.0,5.0,0.333,-1,1,101.0,0
0,0,0,0,0,0,0,0,0,4194304,0,4,0,173215,0,512,0,0,1048576,4096,4096,0,2,0.0,2,1,1,2,1,1,0,1,1,1,1,0,1.0,1,1,1.0,0.0,0,-1,-1,-1,3.571,3.122,7.555,96,232,0,0,0,0,139,44,36,131,196,4,131,124,36,40,1,117,12,139,68,36,36,137,133,224,12,0,0,235,12,139,133,220,12,0,0,137,133,224,12,0,0,232,135,1,0,0,141,181,8,13,0,0,141,157,198,4,0,0,51,255,106,64,11.0,14.0,5.0,0.357,-1,1,140.0,0
0,0,0,0,0,0,0,0,0,4194304,0,4,0,1233215,0,512,0,0,1048576,4096,4096,0,2,0.0,2,1,1,2,1,1,0,1,1,1,1,0,1.0,1,1,1.0,0.0,0,-1,-1,-1,3.618,2.451,5.368,96,232,0,0,0,0,139,44,36,131,196,4,131,124,36,40,1,117,12,139,68,36,36,137,133,224,12,0,0,235,12,139,133,220,12,0,0,137,133,224,12,0,0,232,135,1,0,0,141,181,8,13,0,0,141,157,198,4,0,0,51,255,106,64,2.0,5.0,5.0,1.0,-1,1,26.0,0
0,0,0,0,0,0,0,0,0,4194304,0,4,0,3544539,0,512,0,0,1048576,4096,4096,0,2,0.0,2,1,1,2,1,1,0,1,1,1,1,0,1.0,1,1,1.0,0.0,0,-1,-1,-1,3.621,2.211,7.967,96,232,0,0,0,0,139,44,36,131,196,4,131,124,36,40,1,117,12,139,68,36,36,137,133,224,12,0,0,235,12,139,133,220,12,0,0,137,133,224,12,0,0,232,135,1,0,0,141,181,8,13,0,0,141,157,198,4,0,0,51,255,106,64,15.0,18.0,5.0,0.278,-1,1,42.0,0
0,0,0,0,0,0,0,0,0,4194304,0,4,0,123006,0,512,0,0,1048576,4096,4096,0,2,0.0,2,1,1,2,1,1,0,1,1,1,1,0,1.0,1,1,1.0,0.0,0,-1,-1,-1,3.555,3.869,7.631,96,232,0,0,0,0,139,44,36,131,196,4,131,124,36,40,1,117,12,139,68,36,36,137,133,224,12,0,0,235,12,139,133,220,12,0,0,137,133,224,12,0,0,232,135,1,0,0,141,181,8,13,0,0,141,157,198,4,0,0,51,255,106,64,11.0,14.0,5.0,0.357,-1,1,137.0,0
0,0,0,0,0,0,0,0,0,4194304,0,4,0,207365,0,512,0,0,1048576,4096,4096,0,2,0.0,2,1,1,2,1,1,0,1,1,1,1,0,1.0,1,1,1.0,0.0,0,-1,-1,-1,3.572,2.726,7.901,96,232,0,0,0,0,139,44,36,131,196,4,131,124,36,40,1,117,12,139,68,36,36,137,133,224,12,0,0,235,12,139,133,220,12,0,0,137,133,224,12,0,0,232,135,1,0,0,141,181,8,13,0,0,141,157,198,4,0,0,51,255,106,64,6.0,9.0,5.0,0.556,-1,1,14.0,0
0,0,0,0,0,0,0,0,0,4194304,0,4,0,213997,0,512,0,0,1048576,4096,4096,0,2,0.0,2,1,1,2,1,1,0,1,1,1,1,0,1.0,1,1,1.0,0.0,0,-1,-1,-1,3.586,2.765,7.903,96,232,0,0,0,0,139,44,36,131,196,4,131,124,36,40,1,117,12,139,68,36,36,137,133,224,12,0,0,235,12,139,133,220,12,0,0,137,133,224,12,0,0,232,135,1,0,0,141,181,8,13,0,0,141,157,198,4,0,0,51,255,106,64,6.0,9.0,5.0,0.556,-1,1,14.0,0
0,0,0,0,0,0,0,0,0,4194304,0,4,0,194849,0,512,0,0,1048576,4096,4096,0,2,0.0,2,1,1,2,1,1,0,1,1,1,1,0,1.0,1,1,1.0,0.0,0,-1,-1,-1,3.575,2.862,7.896,96,232,0,0,0,0,139,44,36,131,196,4,131,124,36,40,1,117,12,139,68,36,36,137,133,224,12,0,0,235,12,139,133,220,12,0,0,137,133,224,12,0,0,232,135,1,0,0,141,181,8,13,0,0,141,157,198,4,0,0,51,255,106,64,6.0,9.0,5.0,0.556,-1,1,14.0,0
0,0,0,0,0,0,0,0,0,4194304,0,4,0,339949,0,512,0,0,1048576,4096,4096,0,2,0.0,2,1,1,2,1,1,0,1,1,1,1,0,1.0,1,1,1.0,0.0,0,-1,-1,-1,3.596,4.379,7.714,96,232,0,0,0,0,139,44,36,131,196,4,131,124,36,40,1,117,12,139,68,36,36,137,133,224,12,0,0,235,12,139,133,220,12,0,0,137,133,224,12,0,0,232,135,1,0,0,141,181,8,13,0,0,141,157,198,4,0,0,51,255,106,64,2.0,5.0,5.0,1.0,-1,1,38.0,0
0,0,0,0,0,0,0,0,0,4194304,0,4,0,518231,0,512,0,0,1048576,4096,4096,0,2,0.0,2,1,1,2,1,1,0,1,1,1,1,0,1.0,1,1,1.0,0.0,0,-1,-1,-1,3.629,2.755,7.946,96,232,0,0,0,0,139,44,36,131,196,4,131,124,36,40,1,117,12,139,68,36,36,137,133,224,12,0,0,235,12,139,133,220,12,0,0,137,133,224,12,0,0,232,135,1,0,0,141,181,8,13,0,0,141,157,198,4,0,0,51,255,106,64,14.0,17.0,5.0,0.294,-1,1,14.0,0
0,0,0,0,0,0,0,0,0,4194304,0,4,0,123348,0,512,0,0,1048576,4096,4096,0,2,0.0,2,1,1,2,1,1,0,1,1,1,1,0,1.0,1,1,1.0,0.0,0,-1,-1,-1,3.566,3.89,7.642,96,232,0,0,0,0,139,44,36,131,196,4,131,124,36,40,1,117,12,139,68,36,36,137,133,224,12,0,0,235,12,139,133,220,12,0,0,137,133,224,12,0,0,232,135,1,0,0,141,181,8,13,0,0,141,157,198,4,0,0,51,255,106,64,9.0,12.0,5.0,0.417,-1,1,110.0,0
0,0,0,0,0,0,0,0,0,4194304,0,4,0,163190,0,512,0,0,1048576,4096,4096,0,2,0.0,2,1,1,2,1,1,0,1,1,1,1,0,1.0,1,1,1.0,0.0,0,-1,-1,-1,3.594,3.39,7.72,96,232,0,0,0,0,139,44,36,131,196,4,131,124,36,40,1,117,12,139,68,36,36,137,133,224,12,0,0,235,12,139,133,220,12,0,0,137,133,224,12,0,0,232,135,1,0,0,141,181,8,13,0,0,141,157,198,4,0,0,51,255,106,64,11.0,14.0,5.0,0.357,-1,1,128.0,0
0,0,0,0,0,0,0,0,0,4194304,0,4,0,150567,0,512,0,0,1048576,4096,4096,0,2,0.0,2,1,1,2,1,1,0,1,1,1,1,0,1.0,1,1,1.0,0.0,0,-1,-1,-1,3.573,3.184,7.62,96,232,0,0,0,0,139,44,36,131,196,4,131,124,36,40,1,117,12,139,68,36,36,137,133,224,12,0,0,235,12,139,133,220,12,0,0,137,133,224,12,0,0,232,135,1,0,0,141,181,8,13,0,0,141,157,198,4,0,0,51,255,106,64,10.0,13.0,5.0,0.385,-1,1,41.0,0
0,0,0,0,0,0,0,0,0,4194304,0,4,0,363283,0,512,0,0,1048576,4096,4096,0,2,0.0,2,1,1,2,1,1,0,1,1,1,1,0,1.0,1,1,1.0,0.0,0,-1,-1,-1,3.556,2.585,7.254,96,232,0,0,0,0,139,44,36,131,196,4,131,124,36,40,1,117,12,139,68,36,36,137,133,224,12,0,0,235,12,139,133,220,12,0,0,137,133,224,12,0,0,232,135,1,0,0,141,181,8,13,0,0,141,157,198,4,0,0,51,255,106,64,11.0,14.0,5.0,0.357,-1,1,121.0,0
0,0,0,0,0,0,0,0,0,4194304,0,4,0,246391,0,512,0,0,1048576,4096,4096,0,2,0.0,2,1,1,2,1,1,0,1,1,1,1,0,1.0,1,1,1.0,0.0,0,-1,-1,-1,3.578,3.709,7.807,96,232,0,0,0,0,139,44,36,131,196,4,131,124,36,40,1,117,12,139,68,36,36,137,133,224,12,0,0,235,12,139,133,220,12,0,0,137,133,224,12,0,0,232,135,1,0,0,141,181,8,13,0,0,141,157,198,4,0,0,51,255,106,64,11.0,14.0,5.0,0.357,-1,1,137.0,0
0,0,0,0,0,0,0,0,0,4194304,0,4,0,225907,0,512,0,0,1048576,4096,4096,0,2,0.0,2,1,1,2,1,1,0,1,1,1,1,0,1.0,1,1,1.0,0.0,0,-1,-1,-1,3.556,2.8,7.911,96,232,0,0,0,0,139,44,36,131,196,4,131,124,36,40,1,117,12,139,68,36,36,137,133,224,12,0,0,235,12,139,133,220,12,0,0,137,133,224,12,0,0,232,135,1,0,0,141,181,8,13,0,0,141,157,198,4,0,0,51,255,106,64,6.0,9.0,5.0,0.556,-1,1,14.0,0
0,0,0,0,0,0,0,0,0,4194304,0,4,0,270210,0,512,0,0,1048576,4096,4096,0,2,0.0,2,1,1,2,1,1,0,1,1,1,1,0,1.0,1,1,1.0,0.0,0,-1,-1,-1,3.558,2.375,7.909,96,232,0,0,0,0,139,44,36,131,196,4,131,124,36,40,1,117,12,139,68,36,36,137,133,224,12,0,0,235,12,139,133,220,12,0,0,137,133,224,12,0,0,232,135,1,0,0,141,181,8,13,0,0,141,157,198,4,0,0,51,255,106,64,6.0,9.0,5.0,0.556,-1,1,14.0,0
0,0,0,0,0,0,0,0,0,4194304,0,4,0,173528,0,512,0,0,1048576,4096,4096,0,2,0.0,2,1,1,2,1,1,0,1,1,1,1,0,1.0,1,1,1.0,0.0,0,-1,-1,-1,3.591,2.896,7.89,96,232,0,0,0,0,139,44,36,131,196,4,131,124,36,40,1,117,12,139,68,36,36,137,133,224,12,0,0,235,12,139,133,220,12,0,0,137,133,224,12,0,0,232,135,1,0,0,141,181,8,13,0,0,141,157,198,4,0,0,51,255,106,64,5.0,8.0,5.0,0.625,-1,1,14.0,0
0,0,0,0,0,0,0,0,0,4194304,0,4,0,135305,0,512,0,0,1048576,4096,4096,0,2,0.0,2,1,1,2,1,1,0,1,1,1,1,0,1.0,1,1,1.0,0.0,0,-1,-1,-1,3.528,3.483,7.678,96,232,0,0,0,0,139,44,36,131,196,4,131,124,36,40,1,117,12,139,68,36,36,137,133,224,12,0,0,235,12,139,133,220,12,0,0,137,133,224,12,0,0,232,135,1,0,0,141,181,8,13,0,0,141,157,198,4,0,0,51,255,106,64,10.0,13.0,6.0,0.462,-1,1,131.0,0
0,0,0,0,0,0,0,0,0,4194304,0,4,0,214569,0,512,0,0,1048576,4096,4096,0,2,0.0,2,1,1,2,1,1,0,1,1,1,1,0,1.0,1,1,1.0,0.0,0,-1,-1,-1,3.575,2.781,7.897,96,232,0,0,0,0,139,44,36,131,196,4,131,124,36,40,1,117,12,139,68,36,36,137,133,224,12,0,0,235,12,139,133,220,12,0,0,137,133,224,12,0,0,232,135,1,0,0,141,181,8,13,0,0,141,157,198,4,0,0,51,255,106,64,6.0,9.0,5.0,0.556,-1,1,14.0,0
0,0,0,0,0,0,0,0,0,4194304,0,4,0,903899,0,512,0,0,1048576,4096,4096,0,2,0.0,2,1,1,2,1,1,0,1,1,1,1,0,1.0,1,1,1.0,0.0,0,-1,-1,-1,3.566,3.026,7.925,96,232,0,0,0,0,139,44,36,131,196,4,131,124,36,40,1,117,12,139,68,36,36,137,133,224,12,0,0,235,12,139,133,220,12,0,0,137,133,224,12,0,0,232,135,1,0,0,141,181,8,13,0,0,141,157,198,4,0,0,51,255,106,64,10.0,13.0,5.0,0.385,-1,1,92.0,0
0,0,0,0,0,0,0,0,0,4194304,0,4,0,767303,0,512,0,0,1048576,4096,4096,0,2,0.0,2,1,1,2,1,1,0,1,1,1,1,0,1.0,1,1,1.0,0.0,0,-1,-1,-1,3.487,3.109,7.92,96,232,0,0,0,0,139,44,36,131,196,4,131,124,36,40,1,117,12,139,68,36,36,137,133,224,12,0,0,235,12,139,133,220,12,0,0,137,133,224,12,0,0,232,135,1,0,0,141,181,8,13,0,0,141,157,198,4,0,0,51,255,106,64,8.0,11.0,5.0,0.455,-1,1,81.0,0
0,0,0,0,0,0,0,0,0,4194304,0,4,0,416597,0,512,0,0,1048576,4096,4096,0,2,0.0,2,1,1,2,1,1,0,1,1,1,1,0,1.0,1,1,1.0,0.0,0,-1,-1,-1,3.566,3.062,7.944,96,232,0,0,0,0,139,44,36,131,196,4,131,124,36,40,1,117,12,139,68,36,36,137,133,224,12,0,0,235,12,139,133,220,12,0,0,137,133,224,12,0,0,232,135,1,0,0,141,181,8,13,0,0,141,157,198,4,0,0,51,255,106,64,6.0,9.0,5.0,0.556,-1,1,19.0,0
0,0,0,0,0,0,0,0,0,4194304,0,4,0,300045,0,512,0,0,1048576,4096,4096,0,2,0.0,2,1,1,2,1,1,0,1,1,1,1,0,1.0,1,1,1.0,0.0,0,-1,-1,-1,3.538,3.12,7.93,96,232,0,0,0,0,139,44,36,131,196,4,131,124,36,40,1,117,12,139,68,36,36,137,133,224,12,0,0,235,12,139,133,220,12,0,0,137,133,224,12,0,0,232,135,1,0,0,141,181,8,13,0,0,141,157,198,4,0,0,51,255,106,64,9.0,12.0,5.0,0.417,-1,1,19.0,0
0,0,0,0,0,0,0,0,0,4194304,0,4,0,268373,0,512,0,0,1048576,4096,4096,0,2,0.0,2,1,1,2,1,1,0,1,1,1,1,0,1.0,1,1,1.0,0.0,0,-1,-1,-1,3.515,2.764,7.92,96,232,0,0,0,0,139,44,36,131,196,4,131,124,36,40,1,117,12,139,68,36,36,137,133,224,12,0,0,235,12,139,133,220,12,0,0,137,133,224,12,0,0,232,135,1,0,0,141,181,8,13,0,0,141,157,198,4,0,0,51,255,106,64,6.0,9.0,5.0,0.556,-1,1,14.0,0
0,0,0,0,0,0,0,0,0,4194304,0,4,0,359069,0,512,0,0,1048576,4096,4096,0,2,0.0,2,1,1,2,1,1,0,1,1,1,1,0,1.0,1,1,1.0,0.0,0,-1,-1,-1,3.542,2.727,7.935,96,232,0,0,0,0,139,44,36,131,196,4,131,124,36,40,1,117,12,139,68,36,36,137,133,224,12,0,0,235,12,139,133,220,12,0,0,137,133,224,12,0,0,232,135,1,0,0,141,181,8,13,0,0,141,157,198,4,0,0,51,255,106,64,9.0,12.0,5.0,0.417,-1,1,14.0,0
0,0,0,0,0,0,0,0,0,4194304,0,4,0,221375,0,512,0,0,1048576,4096,4096,0,2,0.0,2,1,1,2,1,1,0,1,1,1,1,0,1.0,1,1,1.0,0.0,0,-1,-1,-1,3.577,2.828,7.906,96,232,0,0,0,0,139,44,36,131,196,4,131,124,36,40,1,117,12,139,68,36,36,137,133,224,12,0,0,235,12,139,133,220,12,0,0,137,133,224,12,0,0,232,135,1,0,0,141,181,8,13,0,0,141,157,198,4,0,0,51,255,106,64,6.0,9.0,5.0,0.556,-1,1,14.0,0
0,0,0,0,0,0,0,0,0,4194304,0,4,0,271279,0,512,0,0,1048576,4096,4096,0,2,0.0,2,1,1,2,1,1,0,1,1,1,1,0,1.0,1,1,1.0,0.0,0,-1,-1,-1,3.537,2.981,7.922,96,232,0,0,0,0,139,44,36,131,196,4,131,124,36,40,1,117,12,139,68,36,36,137,133,224,12,0,0,235,12,139,133,220,12,0,0,137,133,224,12,0,0,232,135,1,0,0,141,181,8,13,0,0,141,157,198,4,0,0,51,255,106,64,9.0,12.0,5.0,0.417,-1,1,14.0,0
0,0,0,0,0,0,0,0,0,4194304,0,4,0,222004,0,512,0,0,1048576,4096,4096,0,2,0.0,2,1,1,2,1,1,0,1,1,1,1,0,1.0,1,1,1.0,0.0,0,-1,-1,-1,3.569,2.85,7.911,96,232,0,0,0,0,139,44,36,131,196,4,131,124,36,40,1,117,12,139,68,36,36,137,133,224,12,0,0,235,12,139,133,220,12,0,0,137,133,224,12,0,0,232,135,1,0,0,141,181,8,13,0,0,141,157,198,4,0,0,51,255,106,64,5.0,8.0,5.0,0.625,-1,1,14.0,0
0,0,0,0,0,0,0,0,0,4194304,0,4,0,256899,0,512,0,0,1048576,4096,4096,0,2,0.0,2,1,1,2,1,1,0,1,1,1,1,0,1.0,1,1,1.0,0.0,0,-1,-1,-1,3.565,2.901,7.922,96,232,0,0,0,0,139,44,36,131,196,4,131,124,36,40,1,117,12,139,68,36,36,137,133,224,12,0,0,235,12,139,133,220,12,0,0,137,133,224,12,0,0,232,135,1,0,0,141,181,8,13,0,0,141,157,198,4,0,0,51,255,106,64,5.0,8.0,5.0,0.625,-1,1,14.0,0
0,0,0,0,0,0,0,0,0,4194304,0,4,0,412262,0,512,0,0,1048576,4096,4096,0,2,0.0,2,1,1,2,1,1,0,1,1,1,1,0,1.0,1,1,1.0,0.0,0,-1,-1,-1,3.584,3.084,7.945,96,232,0,0,0,0,139,44,36,131,196,4,131,124,36,40,1,117,12,139,68,36,36,137,133,224,12,0,0,235,12,139,133,220,12,0,0,137,133,224,12,0,0,232,135,1,0,0,141,181,8,13,0,0,141,157,198,4,0,0,51,255,106,64,6.0,9.0,5.0,0.556,-1,1,19.0,0
0,0,0,0,0,0,0,0,0,4194304,0,4,0,478466,0,512,0,0,1048576,4096,4096,0,2,0.0,2,1,1,2,1,1,0,1,1,1,1,0,1.0,1,1,1.0,0.0,0,-1,-1,-1,3.595,2.892,7.945,96,232,0,0,0,0,139,44,36,131,196,4,131,124,36,40,1,117,12,139,68,36,36,137,133,224,12,0,0,235,12,139,133,220,12,0,0,137,133,224,12,0,0,232,135,1,0,0,141,181,8,13,0,0,141,157,198,4,0,0,51,255,106,64,10.0,13.0,5.0,0.385,-1,1,19.0,0
0,0,0,0,0,0,0,0,0,4194304,0,4,0,427088,0,512,0,0,1048576,4096,4096,0,2,0.0,2,1,1,2,1,1,0,1,1,1,1,0,1.0,1,1,1.0,0.0,0,-1,-1,-1,3.572,3.049,7.945,96,232,0,0,0,0,139,44,36,131,196,4,131,124,36,40,1,117,12,139,68,36,36,137,133,224,12,0,0,235,12,139,133,220,12,0,0,137,133,224,12,0,0,232,135,1,0,0,141,181,8,13,0,0,141,157,198,4,0,0,51,255,106,64,7.0,10.0,5.0,0.5,-1,1,19.0,0
0,0,0,0,0,0,0,0,0,4194304,0,4,0,213143,0,512,0,0,1048576,4096,4096,0,2,0.0,2,1,1,2,1,1,0,1,1,1,1,0,1.0,1,1,1.0,0.0,0,-1,-1,-1,3.565,2.921,7.91,96,232,0,0,0,0,139,44,36,131,196,4,131,124,36,40,1,117,12,139,68,36,36,137,133,224,12,0,0,235,12,139,133,220,12,0,0,137,133,224,12,0,0,232,135,1,0,0,141,181,8,13,0,0,141,157,198,4,0,0,51,255,106,64,6.0,9.0,5.0,0.556,-1,1,14.0,0
0,0,0,0,0,0,0,0,0,4194304,0,4,0,651736,0,512,0,0,1048576,4096,4096,0,2,0.0,2,1,1,2,1,1,0,1,1,1,1,0,1.0,1,1,1.0,0.0,0,-1,-1,-1,3.603,2.365,7.951,96,232,0,0,0,0,139,44,36,131,196,4,131,124,36,40,1,117,12,139,68,36,36,137,133,224,12,0,0,235,12,139,133,220,12,0,0,137,133,224,12,0,0,232,135,1,0,0,141,181,8,13,0,0,141,157,198,4,0,0,51,255,106,64,7.0,10.0,5.0,0.5,-1,1,24.0,0
0,0,0,0,0,0,0,0,0,4194304,0,4,0,136980,0,512,0,0,1048576,4096,4096,0,2,0.0,2,1,1,2,1,1,0,1,1,1,1,0,1.0,1,1,1.0,0.0,0,-1,-1,-1,3.551,3.154,7.693,96,232,0,0,0,0,139,44,36,131,196,4,131,124,36,40,1,117,12,139,68,36,36,137,133,224,12,0,0,235,12,139,133,220,12,0,0,137,133,224,12,0,0,232,135,1,0,0,141,181,8,13,0,0,141,157,198,4,0,0,51,255,106,64,11.0,14.0,5.0,0.357,-1,1,125.0,0
0,0,0,0,0,0,0,0,0,4194304,0,4,0,2909422,0,512,0,0,1048576,4096,4096,0,2,0.0,2,1,1,2,1,1,0,1,1,1,1,0,1.0,1,1,1.0,0.0,0,-1,-1,-1,3.602,2.695,7.915,96,232,0,0,0,0,139,44,36,131,196,4,131,124,36,40,1,117,12,139,68,36,36,137,133,224,12,0,0,235,12,139,133,220,12,0,0,137,133,224,12,0,0,232,135,1,0,0,141,181,8,13,0,0,141,157,198,4,0,0,51,255,106,64,13.0,16.0,6.0,0.375,-1,1,323.0,0
0,0,0,0,0,0,0,0,0,4194304,0,4,0,3758136,0,512,0,0,1048576,4096,4096,0,2,0.0,2,1,1,2,1,1,0,1,1,1,1,0,1.0,1,1,1.0,0.0,0,-1,-1,-1,3.629,2.601,7.923,96,232,0,0,0,0,139,44,36,131,196,4,131,124,36,40,1,117,12,139,68,36,36,137,133,224,12,0,0,235,12,139,133,220,12,0,0,137,133,224,12,0,0,232,135,1,0,0,141,181,8,13,0,0,141,157,198,4,0,0,51,255,106,64,18.0,21.0,5.0,0.238,-1,1,494.0,0
0,0,0,0,0,0,0,0,0,4194304,0,4,0,902976,0,512,0,0,1048576,4096,4096,0,2,0.0,2,1,1,2,1,1,0,1,1,1,1,0,1.0,1,1,1.0,0.0,0,-1,-1,-1,3.579,2.919,7.961,96,232,0,0,0,0,139,44,36,131,196,4,131,124,36,40,1,117,12,139,68,36,36,137,133,224,12,0,0,235,12,139,133,220,12,0,0,137,133,224,12,0,0,232,135,1,0,0,141,181,8,13,0,0,141,157,198,4,0,0,51,255,106,64,11.0,14.0,5.0,0.357,-1,1,19.0,0
0,0,0,0,0,0,0,0,0,4194304,0,4,0,1081407,0,512,0,0,1048576,4096,4096,0,2,0.0,2,1,1,2,1,1,0,1,1,1,1,0,1.0,1,1,1.0,0.0,0,-1,-1,-1,3.531,1.937,7.932,96,232,0,0,0,0,139,44,36,131,196,4,131,124,36,40,1,117,12,139,68,36,36,137,133,224,12,0,0,235,12,139,133,220,12,0,0,137,133,224,12,0,0,232,135,1,0,0,141,181,8,13,0,0,141,157,198,4,0,0,51,255,106,64,9.0,12.0,5.0,0.417,-1,1,146.0,0
0,0,0,0,0,0,0,0,0,4194304,0,4,0,1027479,0,512,0,0,1048576,4096,4096,0,2,0.0,2,1,1,2,1,1,0,1,1,1,1,0,1.0,1,1,1.0,0.0,0,-1,-1,-1,3.597,3.249,7.709,96,232,0,0,0,0,139,44,36,131,196,4,131,124,36,40,1,117,12,139,68,36,36,137,133,214,5,0,0,235,12,139,133,210,5,0,0,137,133,214,5,0,0,232,76,1,0,0,141,181,254,5,0,0,141,157,133,4,0,0,51,255,232,119,1.0,4.0,5.0,1.25,-1,1,92.0,0
0,0,0,0,0,0,0,0,0,4194304,0,4,0,297573,0,512,0,0,1048576,4096,4096,0,2,0.0,2,1,1,2,1,1,0,1,1,1,1,0,1.0,1,1,1.0,0.0,0,-1,-1,-1,3.564,2.814,7.93,96,232,0,0,0,0,139,44,36,131,196,4,131,124,36,40,1,117,12,139,68,36,36,137,133,224,12,0,0,235,12,139,133,220,12,0,0,137,133,224,12,0,0,232,135,1,0,0,141,181,8,13,0,0,141,157,198,4,0,0,51,255,106,64,6.0,9.0,5.0,0.556,-1,1,14.0,0
0,0,0,0,0,0,0,0,0,4194304,0,4,0,2027709,0,512,0,0,1048576,4096,4096,0,2,0.0,2,2,2,2,2,2,0,1,1,1,1,0,1.0,1,1,1.0,0.0,0,-1,-1,-1,3.601,2.475,7.949,96,232,0,0,0,0,139,44,36,131,196,4,131,124,36,40,1,117,12,139,68,36,36,137,133,224,12,0,0,235,12,139,133,220,12,0,0,137,133,224,12,0,0,232,135,1,0,0,141,181,8,13,0,0,141,157,198,4,0,0,51,255,106,64,11.0,14.0,5.0,0.357,-1,1,184.0,0
0,0,0,0,0,0,0,0,0,4194304,0,4,0,126215,0,512,0,0,1048576,4096,4096,0,2,0.0,2,1,1,2,1,1,0,1,1,1,1,0,1.0,1,1,1.0,0.0,0,-1,-1,-1,3.579,2.844,7.527,96,232,0,0,0,0,139,44,36,131,196,4,131,124,36,40,1,117,12,139,68,36,36,137,133,224,12,0,0,235,12,139,133,220,12,0,0,137,133,224,12,0,0,232,135,1,0,0,141,181,8,13,0,0,141,157,198,4,0,0,51,255,106,64,7.0,10.0,6.0,0.6,-1,1,77.0,0
0,0,0,0,0,0,0,0,0,4194304,0,4,0,202882,0,512,0,0,1048576,4096,4096,0,2,0.0,2,1,1,2,1,1,0,1,1,1,1,0,1.0,1,1,1.0,0.0,0,-1,-1,-1,3.568,2.757,7.893,96,232,0,0,0,0,139,44,36,131,196,4,131,124,36,40,1,117,12,139,68,36,36,137,133,224,12,0,0,235,12,139,133,220,12,0,0,137,133,224,12,0,0,232,135,1,0,0,141,181,8,13,0,0,141,157,198,4,0,0,51,255,106,64,6.0,9.0,5.0,0.556,-1,1,14.0,0
0,0,0,0,0,0,0,0,0,4194304,0,4,0,419420,0,512,0,0,1048576,4096,4096,0,2,0.0,2,1,1,2,1,1,0,1,1,1,1,0,1.0,1,1,1.0,0.0,0,-1,-1,-1,3.601,1.642,7.856,96,232,0,0,0,0,139,44,36,131,196,4,131,124,36,40,1,117,12,139,68,36,36,137,133,224,12,0,0,235,12,139,133,220,12,0,0,137,133,224,12,0,0,232,135,1,0,0,141,181,8,13,0,0,141,157,198,4,0,0,51,255,106,64,7.0,10.0,6.0,0.6,-1,1,54.0,0
0,0,0,0,0,0,0,0,0,4194304,0,4,0,184883,0,512,0,0,1048576,4096,4096,0,2,0.0,2,1,1,2,1,1,0,1,1,1,1,0,1.0,1,1,1.0,0.0,0,-1,-1,-1,3.575,3.781,7.782,96,232,0,0,0,0,139,44,36,131,196,4,131,124,36,40,1,117,12,139,68,36,36,137,133,224,12,0,0,235,12,139,133,220,12,0,0,137,133,224,12,0,0,232,135,1,0,0,141,181,8,13,0,0,141,157,198,4,0,0,51,255,106,64,9.0,12.0,5.0,0.417,-1,1,145.0,0
0,0,0,0,0,0,0,0,0,4194304,0,4,0,199429,0,512,0,0,1048576,4096,4096,0,2,0.0,2,1,1,2,1,1,0,1,1,1,1,0,1.0,1,1,1.0,0.0,0,-1,-1,-1,3.541,2.831,7.901,96,232,0,0,0,0,139,44,36,131,196,4,131,124,36,40,1,117,12,139,68,36,36,137,133,224,12,0,0,235,12,139,133,220,12,0,0,137,133,224,12,0,0,232,135,1,0,0,141,181,8,13,0,0,141,157,198,4,0,0,51,255,106,64,6.0,9.0,5.0,0.556,-1,1,14.0,0
0,0,0,0,0,0,0,0,0,4194304,0,4,0,443473,0,512,0,0,1048576,4096,4096,0,2,0.0,2,1,1,2,1,1,0,1,1,1,1,0,1.0,1,1,1.0,0.0,0,-1,-1,-1,3.565,3.932,7.66,96,232,0,0,0,0,139,44,36,131,196,4,131,124,36,40,1,117,12,139,68,36,36,137,133,224,12,0,0,235,12,139,133,220,12,0,0,137,133,224,12,0,0,232,135,1,0,0,141,181,8,13,0,0,141,157,198,4,0,0,51,255,106,64,6.0,9.0,5.0,0.556,-1,1,69.0,0
0,0,0,0,0,0,0,0,0,4194304,0,4,0,432965,0,512,0,0,1048576,4096,4096,0,2,0.0,2,1,1,2,1,1,0,1,1,1,1,0,1.0,1,1,1.0,0.0,0,-1,-1,-1,3.572,3.963,7.653,96,232,0,0,0,0,139,44,36,131,196,4,131,124,36,40,1,117,12,139,68,36,36,137,133,224,12,0,0,235,12,139,133,220,12,0,0,137,133,224,12,0,0,232,135,1,0,0,141,181,8,13,0,0,141,157,198,4,0,0,51,255,106,64,8.0,11.0,5.0,0.455,-1,1,69.0,0
0,0,0,0,0,0,0,0,0,16777216,0,4,0,1436716,0,512,0,0,1048576,4096,4096,0,2,0.0,2,1,1,2,1,1,0,1,1,1,1,0,1.0,1,1,1.0,0.0,0,-1,-1,-1,3.63,4.142,6.606,96,232,0,0,0,0,139,44,36,131,196,4,131,124,36,40,1,117,12,139,68,36,36,137,133,224,12,0,0,235,12,139,133,220,12,0,0,137,133,224,12,0,0,232,135,1,0,0,141,181,8,13,0,0,141,157,198,4,0,0,51,255,106,64,4.0,7.0,5.0,0.714,-1,1,35.0,0
0,0,0,0,0,0,0,0,0,4194304,0,4,0,198053,0,512,0,0,1048576,4096,4096,0,2,0.0,2,1,1,2,1,1,0,1,1,1,1,0,1.0,1,1,1.0,0.0,0,-1,-1,-1,3.555,2.78,7.895,96,232,0,0,0,0,139,44,36,131,196,4,131,124,36,40,1,117,12,139,68,36,36,137,133,224,12,0,0,235,12,139,133,220,12,0,0,137,133,224,12,0,0,232,135,1,0,0,141,181,8,13,0,0,141,157,198,4,0,0,51,255,106,64,6.0,9.0,5.0,0.556,-1,1,14.0,0
0,0,0,0,0,0,0,0,0,4194304,0,4,0,1314656,0,512,0,0,1048576,4096,4096,0,2,0.0,2,2,2,2,2,2,0,1,1,1,1,0,1.0,1,1,1.0,0.0,0,-1,-1,-1,3.606,3.071,7.867,96,232,0,0,0,0,139,44,36,131,196,4,131,124,36,40,1,117,12,139,68,36,36,137,133,224,12,0,0,235,12,139,133,220,12,0,0,137,133,224,12,0,0,232,135,1,0,0,141,181,8,13,0,0,141,157,198,4,0,0,51,255,106,64,10.0,13.0,6.0,0.462,-1,1,280.0,0
0,0,0,0,0,0,0,0,0,4194304,0,4,0,321595,0,512,0,0,1048576,4096,4096,0,2,0.0,2,1,1,2,1,1,0,1,1,1,1,0,1.0,1,1,1.0,0.0,0,-1,-1,-1,3.58,2.975,7.932,96,232,0,0,0,0,139,44,36,131,196,4,131,124,36,40,1,117,12,139,68,36,36,137,133,224,12,0,0,235,12,139,133,220,12,0,0,137,133,224,12,0,0,232,135,1,0,0,141,181,8,13,0,0,141,157,198,4,0,0,51,255,106,64,8.0,11.0,5.0,0.455,-1,1,22.0,0
0,0,0,0,0,0,0,0,0,4194304,0,4,0,272562,0,512,0,0,1048576,4096,4096,0,2,0.0,2,1,1,2,1,1,0,1,1,1,1,0,1.0,1,1,1.0,0.0,0,-1,-1,-1,3.581,2.555,7.87,96,232,0,0,0,0,139,44,36,131,196,4,131,124,36,40,1,117,12,139,68,36,36,137,133,224,12,0,0,235,12,139,133,220,12,0,0,137,133,224,12,0,0,232,135,1,0,0,141,181,8,13,0,0,141,157,198,4,0,0,51,255,106,64,6.0,9.0,5.0,0.556,-1,1,30.0,0
0,0,0,0,0,0,0,0,0,4194304,0,4,0,229398,0,512,0,0,1048576,4096,4096,0,2,0.0,2,1,1,2,1,1,0,1,1,1,1,0,1.0,1,1,1.0,0.0,0,-1,-1,-1,3.553,2.525,7.838,96,232,0,0,0,0,139,44,36,131,196,4,131,124,36,40,1,117,12,139,68,36,36,137,133,224,12,0,0,235,12,139,133,220,12,0,0,137,133,224,12,0,0,232,135,1,0,0,141,181,8,13,0,0,141,157,198,4,0,0,51,255,106,64,7.0,10.0,6.0,0.6,-1,1,30.0,0
0,0,0,0,0,0,0,0,0,4194304,0,4,0,887489,0,512,0,0,1048576,4096,4096,0,2,0.0,2,1,1,2,1,1,0,1,1,1,1,0,1.0,1,1,1.0,0.0,0,-1,-1,-1,3.595,2.973,7.962,96,232,0,0,0,0,139,44,36,131,196,4,131,124,36,40,1,117,12,139,68,36,36,137,133,224,12,0,0,235,12,139,133,220,12,0,0,137,133,224,12,0,0,232,135,1,0,0,141,181,8,13,0,0,141,157,198,4,0,0,51,255,106,64,6.0,9.0,5.0,0.556,-1,1,27.0,0
0,0,0,0,0,0,0,0,0,4194304,0,4,0,604844,0,512,0,0,1048576,4096,4096,0,2,0.0,2,1,1,2,1,1,0,1,1,1,1,0,1.0,1,1,1.0,0.0,0,-1,-1,-1,3.596,3.072,7.956,96,232,0,0,0,0,139,44,36,131,196,4,131,124,36,40,1,117,12,139,68,36,36,137,133,224,12,0,0,235,12,139,133,220,12,0,0,137,133,224,12,0,0,232,135,1,0,0,141,181,8,13,0,0,141,157,198,4,0,0,51,255,106,64,9.0,12.0,5.0,0.417,-1,1,19.0,0
0,0,0,0,0,0,0,0,0,4194304,0,4,0,263871,0,512,0,0,1048576,4096,4096,0,2,0.0,2,1,1,2,1,1,0,1,1,1,1,0,1.0,1,1,1.0,0.0,0,-1,-1,-1,3.56,2.681,7.72,96,232,0,0,0,0,139,44,36,131,196,4,131,124,36,40,1,117,12,139,68,36,36,137,133,224,12,0,0,235,12,139,133,220,12,0,0,137,133,224,12,0,0,232,135,1,0,0,141,181,8,13,0,0,141,157,198,4,0,0,51,255,106,64,11.0,14.0,5.0,0.357,-1,1,122.0,0
0,0,0,0,0,0,0,0,0,4194304,0,4,0,302938,0,512,0,0,1048576,4096,4096,0,2,0.0,2,1,1,2,1,1,0,1,1,1,1,0,1.0,1,1,1.0,0.0,0,-1,-1,-1,3.541,2.809,7.926,96,232,0,0,0,0,139,44,36,131,196,4,131,124,36,40,1,117,12,139,68,36,36,137,133,224,12,0,0,235,12,139,133,220,12,0,0,137,133,224,12,0,0,232,135,1,0,0,141,181,8,13,0,0,141,157,198,4,0,0,51,255,106,64,6.0,9.0,5.0,0.556,-1,1,14.0,0
0,0,0,0,0,0,0,0,0,4194304,0,4,0,158055,0,512,0,0,1048576,4096,4096,0,2,0.0,2,1,1,2,1,1,0,1,1,1,1,0,1.0,1,1,1.0,0.0,0,-1,-1,-1,3.557,3.223,7.542,96,232,0,0,0,0,139,44,36,131,196,4,131,124,36,40,1,117,12,139,68,36,36,137,133,224,12,0,0,235,12,139,133,220,12,0,0,137,133,224,12,0,0,232,135,1,0,0,141,181,8,13,0,0,141,157,198,4,0,0,51,255,106,64,9.0,12.0,5.0,0.417,-1,1,119.0,0
0,0,0,0,0,0,0,0,0,4194304,0,4,0,2742884,0,512,0,0,1048576,4096,4096,0,2,0.0,2,1,1,2,1,1,0,1,1,1,1,0,1.0,1,1,1.0,0.0,0,-1,-1,-1,3.629,2.515,7.589,96,232,0,0,0,0,139,44,36,131,196,4,131,124,36,40,1,117,12,139,68,36,36,137,133,224,12,0,0,235,12,139,133,220,12,0,0,137,133,224,12,0,0,232,135,1,0,0,141,181,8,13,0,0,141,157,198,4,0,0,51,255,106,64,14.0,17.0,6.0,0.353,-1,1,316.0,0
0,0,0,0,0,0,0,0,0,4194304,0,4,0,218812,0,512,0,0,1048576,4096,4096,0,2,0.0,2,1,1,2,1,1,0,1,1,1,1,0,1.0,1,1,1.0,0.0,0,-1,-1,-1,3.572,2.747,7.906,96,232,0,0,0,0,139,44,36,131,196,4,131,124,36,40,1,117,12,139,68,36,36,137,133,224,12,0,0,235,12,139,133,220,12,0,0,137,133,224,12,0,0,232,135,1,0,0,141,181,8,13,0,0,141,157,198,4,0,0,51,255,106,64,6.0,9.0,5.0,0.556,-1,1,14.0,0
0,0,0,0,0,0,0,0,0,4194304,0,4,0,9462498,0,512,0,0,1048576,4096,4096,0,2,0.0,2,2,2,2,2,2,0,1,1,1,1,0,1.0,1,1,1.0,0.0,0,-1,-1,-1,3.615,2.662,7.913,96,232,0,0,0,0,139,44,36,131,196,4,131,124,36,40,1,117,12,139,68,36,36,137,133,224,12,0,0,235,12,139,133,220,12,0,0,137,133,224,12,0,0,232,135,1,0,0,141,181,8,13,0,0,141,157,198,4,0,0,51,255,106,64,15.0,18.0,6.0,0.333,-1,1,431.0,0
0,0,0,0,0,0,0,0,0,4194304,0,4,0,920218,0,512,0,0,1048576,4096,4096,0,2,0.0,2,2,2,2,2,2,0,1,1,1,1,0,1.0,1,1,1.0,0.0,0,-1,-1,-1,3.597,2.736,7.885,96,232,0,0,0,0,139,44,36,131,196,4,131,124,36,40,1,117,12,139,68,36,36,137,133,224,12,0,0,235,12,139,133,220,12,0,0,137,133,224,12,0,0,232,135,1,0,0,141,181,8,13,0,0,141,157,198,4,0,0,51,255,106,64,10.0,13.0,6.0,0.462,-1,1,199.0,0
0,0,0,0,0,0,0,0,0,4194304,0,4,0,689420,0,512,0,0,1048576,4096,4096,0,2,0.0,2,1,1,2,1,1,0,1,1,1,1,0,1.0,1,1,1.0,0.0,0,-1,-1,-1,3.605,2.405,7.797,96,232,0,0,0,0,139,44,36,131,196,4,131,124,36,40,1,117,12,139,68,36,36,137,133,224,12,0,0,235,12,139,133,220,12,0,0,137,133,224,12,0,0,232,135,1,0,0,141,181,8,13,0,0,141,157,198,4,0,0,51,255,106,64,13.0,16.0,6.0,0.375,-1,1,123.0,0
0,0,0,0,0,0,0,0,0,4194304,0,4,0,100124,0,512,0,0,1048576,4096,4096,0,2,0.0,2,1,1,2,1,1,0,1,1,1,1,0,1.0,1,1,1.0,0.0,0,-1,-1,-1,3.574,2.239,7.37,96,232,0,0,0,0,139,44,36,131,196,4,131,124,36,40,1,117,12,139,68,36,36,137,133,224,12,0,0,235,12,139,133,220,12,0,0,137,133,224,12,0,0,232,135,1,0,0,141,181,8,13,0,0,141,157,198,4,0,0,51,255,106,64,8.0,11.0,5.0,0.455,-1,1,31.0,0
0,0,0,0,0,0,0,0,0,4194304,0,4,0,649276,0,512,0,0,1048576,4096,4096,0,2,0.0,2,1,1,2,1,1,0,1,1,1,1,0,1.0,1,1,1.0,0.0,0,-1,-1,-1,3.608,2.884,7.956,96,232,0,0,0,0,139,44,36,131,196,4,131,124,36,40,1,117,12,139,68,36,36,137,133,224,12,0,0,235,12,139,133,220,12,0,0,137,133,224,12,0,0,232,135,1,0,0,141,181,8,13,0,0,141,157,198,4,0,0,51,255,106,64,6.0,9.0,5.0,0.556,-1,1,22.0,0
0,0,0,0,0,0,0,0,0,4194304,0,4,0,1601192,0,512,0,0,1048576,4096,4096,0,2,0.0,2,1,1,2,1,1,0,1,1,1,1,0,1.0,1,1,1.0,0.0,0,-1,-1,-1,3.591,2.605,7.172,96,232,0,0,0,0,139,44,36,131,196,4,131,124,36,40,1,117,12,139,68,36,36,137,133,224,12,0,0,235,12,139,133,220,12,0,0,137,133,224,12,0,0,232,135,1,0,0,141,181,8,13,0,0,141,157,198,4,0,0,51,255,106,64,1.0,4.0,5.0,1.25,-1,1,102.0,0
0,0,0,0,0,0,0,0,0,4194304,0,4,0,8398263,0,512,0,0,1048576,4096,4096,0,2,0.0,2,2,2,2,2,2,0,1,1,1,1,0,1.0,1,1,1.0,0.0,0,-1,-1,-1,3.643,2.743,7.87,96,232,0,0,0,0,139,44,36,131,196,4,131,124,36,40,1,117,12,139,68,36,36,137,133,224,12,0,0,235,12,139,133,220,12,0,0,137,133,224,12,0,0,232,135,1,0,0,141,181,8,13,0,0,141,157,198,4,0,0,51,255,106,64,18.0,21.0,5.0,0.238,-1,1,672.0,0
0,0,0,0,0,0,0,0,0,4194304,0,4,0,192791,0,512,0,0,1048576,4096,4096,0,2,0.0,2,1,1,2,1,1,0,1,1,1,1,0,1.0,1,1,1.0,0.0,0,-1,-1,-1,3.558,3.221,7.67,96,232,0,0,0,0,139,44,36,131,196,4,131,124,36,40,1,117,12,139,68,36,36,137,133,224,12,0,0,235,12,139,133,220,12,0,0,137,133,224,12,0,0,232,135,1,0,0,141,181,8,13,0,0,141,157,198,4,0,0,51,255,106,64,9.0,12.0,5.0,0.417,-1,1,149.0,0
0,0,0,0,0,0,0,0,0,16777216,0,4,0,100064,0,512,0,0,1048576,4096,4096,0,2,0.0,2,1,1,2,1,1,0,1,1,1,1,0,1.0,1,1,1.0,0.0,0,-1,-1,-1,3.552,2.378,7.684,96,232,0,0,0,0,139,44,36,131,196,4,131,124,36,40,1,117,12,139,68,36,36,137,133,224,12,0,0,235,12,139,133,220,12,0,0,137,133,224,12,0,0,232,135,1,0,0,141,181,8,13,0,0,141,157,198,4,0,0,51,255,106,64,6.0,9.0,5.0,0.556,-1,1,19.0,0
0,0,0,0,0,0,0,0,0,4194304,0,4,0,158369,0,512,0,0,1048576,4096,4096,0,2,0.0,2,1,1,2,1,1,0,1,1,1,1,0,1.0,1,1,1.0,0.0,0,-1,-1,-1,3.579,3.242,7.591,96,232,0,0,0,0,139,44,36,131,196,4,131,124,36,40,1,117,12,139,68,36,36,137,133,224,12,0,0,235,12,139,133,220,12,0,0,137,133,224,12,0,0,232,135,1,0,0,141,181,8,13,0,0,141,157,198,4,0,0,51,255,106,64,9.0,12.0,5.0,0.417,-1,1,128.0,0
0,0,0,0,0,0,0,0,0,4194304,0,4,0,212597,0,512,0,0,1048576,4096,4096,0,2,0.0,2,1,1,2,1,1,0,1,1,1,1,0,1.0,1,1,1.0,0.0,0,-1,-1,-1,3.569,2.902,7.908,96,232,0,0,0,0,139,44,36,131,196,4,131,124,36,40,1,117,12,139,68,36,36,137,133,224,12,0,0,235,12,139,133,220,12,0,0,137,133,224,12,0,0,232,135,1,0,0,141,181,8,13,0,0,141,157,198,4,0,0,51,255,106,64,7.0,10.0,5.0,0.5,-1,1,14.0,0
0,0,0,0,0,0,0,0,0,16777216,0,4,0,1072144,0,512,0,0,1048576,4096,4096,0,2,0.0,2,1,1,2,1,1,0,1,1,1,1,0,1.0,1,1,1.0,0.0,0,-1,-1,-1,3.553,4.318,7.848,96,232,0,0,0,0,139,44,36,131,196,4,131,124,36,40,1,117,12,139,68,36,36,137,133,224,12,0,0,235,12,139,133,220,12,0,0,137,133,224,12,0,0,232,135,1,0,0,141,181,8,13,0,0,141,157,198,4,0,0,51,255,106,64,12.0,15.0,5.0,0.333,-1,1,186.0,0
0,0,0,0,0,0,0,0,0,4194304,0,4,0,186409,0,512,0,0,1048576,4096,4096,0,2,0.0,2,1,1,2,1,1,0,1,1,1,1,0,1.0,1,1,1.0,0.0,0,-1,-1,-1,3.549,2.91,7.819,96,232,0,0,0,0,139,44,36,131,196,4,131,124,36,40,1,117,12,139,68,36,36,137,133,224,12,0,0,235,12,139,133,220,12,0,0,137,133,224,12,0,0,232,135,1,0,0,141,181,8,13,0,0,141,157,198,4,0,0,51,255,106,64,6.0,9.0,5.0,0.556,-1,1,65.0,0
0,0,0,0,0,0,0,0,0,4194304,0,4,0,759955,0,512,0,0,1048576,4096,4096,0,2,0.0,2,1,1,2,1,1,0,1,1,1,1,0,1.0,1,1,1.0,0.0,0,-1,-1,-1,3.6,2.804,7.931,96,232,0,0,0,0,139,44,36,131,196,4,131,124,36,40,1,117,12,139,68,36,36,137,133,224,12,0,0,235,12,139,133,220,12,0,0,137,133,224,12,0,0,232,135,1,0,0,141,181,8,13,0,0,141,157,198,4,0,0,51,255,106,64,9.0,12.0,5.0,0.417,-1,1,171.0,0
0,0,0,0,0,0,0,0,0,4194304,0,4,0,115576,0,512,0,0,1048576,4096,4096,0,2,0.0,2,1,1,2,1,1,0,1,1,1,1,0,1.0,1,1,1.0,0.0,0,-1,-1,-1,3.556,2.553,7.406,96,232,0,0,0,0,139,44,36,131,196,4,131,124,36,40,1,117,12,139,68,36,36,137,133,224,12,0,0,235,12,139,133,220,12,0,0,137,133,224,12,0,0,232,135,1,0,0,141,181,8,13,0,0,141,157,198,4,0,0,51,255,106,64,6.0,9.0,5.0,0.556,-1,1,53.0,0
0,0,0,0,0,0,0,0,0,4194304,0,4,0,4307925,0,512,0,0,1048576,4096,4096,0,2,0.0,2,1,1,2,1,1,0,1,1,1,1,0,1.0,1,1,1.0,0.0,0,-1,-1,-1,3.611,2.747,7.782,96,232,0,0,0,0,139,44,36,131,196,4,131,124,36,40,1,117,12,139,68,36,36,137,133,224,12,0,0,235,12,139,133,220,12,0,0,137,133,224,12,0,0,232,135,1,0,0,141,181,8,13,0,0,141,157,198,4,0,0,51,255,106,64,12.0,15.0,5.0,0.333,-1,1,742.0,0
0,0,0,0,0,0,0,0,0,4194304,0,4,0,1063771,0,512,0,0,1048576,4096,4096,0,2,0.0,2,1,1,2,1,1,0,1,1,1,1,0,1.0,1,1,1.0,0.0,0,-1,-1,-1,3.583,1.773,7.955,96,232,0,0,0,0,139,44,36,131,196,4,131,124,36,40,1,117,12,139,68,36,36,137,133,224,12,0,0,235,12,139,133,220,12,0,0,137,133,224,12,0,0,232,135,1,0,0,141,181,8,13,0,0,141,157,198,4,0,0,51,255,106,64,6.0,9.0,5.0,0.556,-1,1,22.0,0
0,0,0,0,0,0,0,0,0,4194304,0,4,0,552303,0,512,0,0,1048576,4096,4096,0,2,0.0,2,1,1,2,1,1,0,1,1,1,1,0,1.0,1,1,1.0,0.0,0,-1,-1,-1,3.575,1.898,7.938,96,232,0,0,0,0,139,44,36,131,196,4,131,124,36,40,1,117,12,139,68,36,36,137,133,224,12,0,0,235,12,139,133,220,12,0,0,137,133,224,12,0,0,232,135,1,0,0,141,181,8,13,0,0,141,157,198,4,0,0,51,255,106,64,6.0,9.0,5.0,0.556,-1,1,14.0,0
0,0,0,0,0,0,0,0,0,4194304,0,4,0,3447178,0,512,0,0,1048576,4096,4096,0,2,0.0,2,1,1,2,1,1,0,1,1,1,1,0,1.0,1,1,1.0,0.0,0,-1,-1,-1,3.655,3.784,7.791,96,232,0,0,0,0,139,44,36,131,196,4,131,124,36,40,1,117,12,139,68,36,36,137,133,224,12,0,0,235,12,139,133,220,12,0,0,137,133,224,12,0,0,232,135,1,0,0,141,181,8,13,0,0,141,157,198,4,0,0,51,255,106,64,18.0,21.0,5.0,0.238,-1,1,936.0,0
0,0,0,0,0,0,0,0,0,4194304,0,4,0,197905,0,512,0,0,1048576,4096,4096,0,2,0.0,2,1,1,2,1,1,0,1,1,1,1,0,1.0,1,1,1.0,0.0,0,-1,-1,-1,3.551,2.777,7.897,96,232,0,0,0,0,139,44,36,131,196,4,131,124,36,40,1,117,12,139,68,36,36,137,133,224,12,0,0,235,12,139,133,220,12,0,0,137,133,224,12,0,0,232,135,1,0,0,141,181,8,13,0,0,141,157,198,4,0,0,51,255,106,64,6.0,9.0,5.0,0.556,-1,1,14.0,0
0,0,0,0,0,0,0,0,0,16777216,0,4,0,1150054,0,512,0,0,1048576,4096,4096,0,2,0.0,2,1,1,2,1,1,0,1,1,1,1,0,1.0,1,1,1.0,0.0,0,-1,-1,-1,3.582,3.135,7.648,96,232,0,0,0,0,139,44,36,131,196,4,131,124,36,40,1,117,12,139,68,36,36,137,133,224,12,0,0,235,12,139,133,220,12,0,0,137,133,224,12,0,0,232,135,1,0,0,141,181,8,13,0,0,141,157,198,4,0,0,51,255,106,64,16.0,19.0,5.0,0.263,-1,1,310.0,0
0,0,0,0,0,0,0,0,0,4194304,0,4,0,195627,0,512,0,0,1048576,4096,4096,0,2,0.0,2,1,1,2,1,1,0,1,1,1,1,0,1.0,1,1,1.0,0.0,0,-1,-1,-1,3.564,2.061,7.823,96,232,0,0,0,0,139,44,36,131,196,4,131,124,36,40,1,117,12,139,68,36,36,137,133,224,12,0,0,235,12,139,133,220,12,0,0,137,133,224,12,0,0,232,135,1,0,0,141,181,8,13,0,0,141,157,198,4,0,0,51,255,106,64,6.0,9.0,5.0,0.556,-1,1,24.0,0
0,0,0,0,0,0,0,0,0,4194304,0,4,0,176717,0,512,0,0,1048576,4096,4096,0,2,0.0,2,1,1,2,1,1,0,1,1,1,1,0,1.0,1,1,1.0,0.0,0,-1,-1,-1,3.544,3.378,7.657,96,232,0,0,0,0,139,44,36,131,196,4,131,124,36,40,1,117,12,139,68,36,36,137,133,224,12,0,0,235,12,139,133,220,12,0,0,137,133,224,12,0,0,232,135,1,0,0,141,181,8,13,0,0,141,157,198,4,0,0,51,255,106,64,10.0,13.0,5.0,0.385,-1,1,142.0,0
0,0,0,0,0,0,0,0,0,4194304,0,4,0,4041470,0,512,0,0,1048576,4096,4096,0,2,0.0,2,1,1,2,1,1,0,1,1,1,1,0,1.0,1,1,1.0,0.0,0,-1,-1,-1,3.621,2.694,7.964,96,232,0,0,0,0,139,44,36,131,196,4,131,124,36,40,1,117,12,139,68,36,36,137,133,224,12,0,0,235,12,139,133,220,12,0,0,137,133,224,12,0,0,232,135,1,0,0,141,181,8,13,0,0,141,157,198,4,0,0,51,255,106,64,23.0,26.0,5.0,0.192,-1,1,148.0,0
0,0,0,0,0,0,0,0,0,4194304,0,4,0,970238,0,512,0,0,1048576,4096,4096,0,2,0.0,2,1,1,2,1,1,0,1,1,1,1,0,1.0,1,1,1.0,0.0,0,-1,-1,-1,3.617,2.726,6.833,96,232,0,0,0,0,139,44,36,131,196,4,131,124,36,40,1,117,12,139,68,36,36,137,133,224,12,0,0,235,12,139,133,220,12,0,0,137,133,224,12,0,0,232,135,1,0,0,141,181,8,13,0,0,141,157,198,4,0,0,51,255,106,64,15.0,18.0,5.0,0.278,-1,1,495.0,0
0,0,0,0,0,0,0,0,0,4194304,0,4,0,1081737,0,512,0,0,1048576,4096,4096,0,2,0.0,2,1,1,2,1,1,0,1,1,1,1,0,1.0,1,1,1.0,0.0,0,-1,-1,-1,3.603,2.749,6.961,96,232,0,0,0,0,139,44,36,131,196,4,131,124,36,40,1,117,12,139,68,36,36,137,133,224,12,0,0,235,12,139,133,220,12,0,0,137,133,224,12,0,0,232,135,1,0,0,141,181,8,13,0,0,141,157,198,4,0,0,51,255,106,64,15.0,18.0,5.0,0.278,-1,1,495.0,0
0,0,0,0,0,0,0,0,0,4194304,0,4,0,198433,0,512,0,0,1048576,4096,4096,0,2,0.0,2,1,1,2,1,1,0,1,1,1,1,0,1.0,1,1,1.0,0.0,0,-1,-1,-1,3.524,2.789,7.889,96,232,0,0,0,0,139,44,36,131,196,4,131,124,36,40,1,117,12,139,68,36,36,137,133,224,12,0,0,235,12,139,133,220,12,0,0,137,133,224,12,0,0,232,135,1,0,0,141,181,8,13,0,0,141,157,198,4,0,0,51,255,106,64,6.0,9.0,5.0,0.556,-1,1,22.0,0
0,0,0,0,0,0,0,0,0,4194304,0,4,0,26916164,0,512,0,0,1048576,4096,4096,0,2,0.0,2,1,1,2,1,1,0,1,1,1,1,0,1.0,1,1,1.0,0.0,0,-1,-1,-1,3.694,3.031,7.942,96,232,0,0,0,0,139,44,36,131,196,4,131,124,36,40,1,117,12,139,68,36,36,137,133,224,12,0,0,235,12,139,133,220,12,0,0,137,133,224,12,0,0,232,135,1,0,0,141,181,8,13,0,0,141,157,198,4,0,0,51,255,106,64,20.0,23.0,5.0,0.217,-1,1,54.0,0
0,0,0,0,0,0,0,0,0,4194304,0,4,0,228900,0,512,0,0,1048576,4096,4096,0,2,0.0,2,1,1,2,1,1,0,1,1,1,1,0,1.0,1,1,1.0,0.0,0,-1,-1,-1,3.503,1.684,7.882,96,232,0,0,0,0,139,44,36,131,196,4,131,124,36,40,1,117,12,139,68,36,36,137,133,214,5,0,0,235,12,139,133,210,5,0,0,137,133,214,5,0,0,232,76,1,0,0,141,181,254,5,0,0,141,157,133,4,0,0,51,255,232,119,1.0,4.0,5.0,1.25,-1,1,-1,0
0,0,0,0,0,0,0,0,0,4194304,0,4,0,4897402,0,512,0,0,1048576,4096,4096,0,2,0.0,2,1,1,2,1,1,0,1,1,1,1,0,1.0,1,1,1.0,0.0,0,-1,-1,-1,3.606,1.361,7.934,96,232,0,0,0,0,139,44,36,131,196,4,131,124,36,40,1,117,12,139,68,36,36,137,133,224,12,0,0,235,12,139,133,220,12,0,0,137,133,224,12,0,0,232,135,1,0,0,141,181,8,13,0,0,141,157,198,4,0,0,51,255,106,64,13.0,16.0,5.0,0.312,-1,1,260.0,0
0,0,0,0,0,0,0,0,0,4194304,0,4,0,669188,0,512,0,0,1048576,4096,4096,0,2,0.0,2,1,1,2,1,1,0,1,1,1,1,0,1.0,1,1,1.0,0.0,0,-1,-1,-1,3.609,2.748,7.799,96,232,0,0,0,0,139,44,36,131,196,4,131,124,36,40,1,117,12,139,68,36,36,137,133,224,12,0,0,235,12,139,133,220,12,0,0,137,133,224,12,0,0,232,135,1,0,0,141,181,8,13,0,0,141,157,198,4,0,0,51,255,106,64,14.0,17.0,5.0,0.294,-1,1,251.0,0
0,0,0,0,0,0,0,0,0,4194304,0,4,0,231045,0,512,0,0,1048576,4096,4096,0,2,0.0,2,1,1,2,1,1,0,1,1,1,1,0,1.0,1,1,1.0,0.0,0,-1,-1,-1,3.586,2.345,7.326,96,232,0,0,0,0,139,44,36,131,196,4,131,124,36,40,1,117,12,139,68,36,36,137,133,224,12,0,0,235,12,139,133,220,12,0,0,137,133,224,12,0,0,232,135,1,0,0,141,181,8,13,0,0,141,157,198,4,0,0,51,255,106,64,12.0,15.0,5.0,0.333,-1,1,114.0,0
0,0,0,0,0,0,0,0,0,4194304,0,4,0,994687,0,512,0,0,1048576,4096,4096,0,2,0.0,2,1,1,2,1,1,0,1,1,1,1,0,1.0,1,1,1.0,0.0,0,-1,-1,-1,3.58,2.261,7.959,96,232,0,0,0,0,139,44,36,131,196,4,131,124,36,40,1,117,12,139,68,36,36,137,133,224,12,0,0,235,12,139,133,220,12,0,0,137,133,224,12,0,0,232,135,1,0,0,141,181,8,13,0,0,141,157,198,4,0,0,51,255,106,64,8.0,11.0,5.0,0.455,-1,1,22.0,0
0,0,0,0,0,0,0,0,180124,4194304,4096,4,0,163840,99328,1024,31232,0,1048576,16384,4096,0,8,0.0,2,6,2,2,6,2,0,1,1,1,1,0,1.044,4,7,1.044,0.0,0,-1,-1,-1,2.688,4.512,6.022,184,0,96,66,0,106,0,104,73,250,65,0,100,255,53,0,0,0,0,100,137,37,0,0,0,0,102,156,96,80,139,216,3,0,104,112,188,0,0,106,0,255,80,28,139,204,141,160,112,188,0,0,137,97,46,104,0,0,64,0,81,139,124,36,9.0,13.0,5.0,0.385,-1,1,42.0,0
0,0,0,0,0,0,0,0,1147418,4194304,4096,4,0,1122304,1007104,1024,1093632,4096,2097152,4096,4096,0,5,0.0,2,5,2,2,5,2,0,1,1,1,1,0,1.076,2,4,1.076,0.0,0,-1,-1,-1,3.035,3.816,5.936,184,0,0,81,0,106,0,104,152,137,79,0,100,255,53,0,0,0,0,100,137,37,0,0,0,0,102,156,96,80,139,216,3,0,104,112,188,0,0,106,0,255,80,28,139,204,141,160,112,188,0,0,137,97,46,104,0,0,64,0,81,139,124,36,5.0,9.0,5.0,0.556,-1,1,-1,0
0,0,0,0,0,0,0,0,5411746,4194304,4096,5,0,5959680,4175872,1024,1196032,0,1048576,16384,4096,0,9,0.0,2,7,2,2,7,2,0,1,1,1,1,0,1.011,4,8,1.011,0.0,0,-1,-1,-1,2.736,3.923,6.055,184,0,208,154,0,106,0,104,148,72,129,0,100,255,53,0,0,0,0,100,137,37,0,0,0,0,102,156,96,80,139,216,3,0,104,112,188,0,0,106,0,255,80,28,139,204,141,160,112,188,0,0,137,97,46,104,0,0,64,0,81,139,124,36,31.0,35.0,5.0,0.143,-1,1,884.0,0
0,0,0,0,0,0,0,0,6957179,4194304,4096,5,0,7716864,5462016,1024,1433088,0,1048576,16384,4096,0,11,0.0,3,8,3,3,8,3,0,1,1,1,1,0,1.059,4,10,1.059,0.0,0,-1,-1,-1,2.589,5.677,5.953,184,0,160,181,0,106,0,104,124,87,148,0,100,255,53,0,0,0,0,100,137,37,0,0,0,0,102,156,96,80,139,216,3,0,104,112,188,0,0,106,0,255,80,28,139,204,141,160,112,188,0,0,137,97,46,104,0,0,64,0,81,139,124,36,16.0,20.0,5.0,0.25,-1,1,712.0,0
0,0,0,0,0,0,0,0,221822,4194304,4096,4,0,274432,106496,1024,155648,0,1048576,4096,4096,0,4,0.0,2,3,2,2,3,2,0,1,1,1,1,0,1.047,0,3,1.047,0.387,0,-1,-1,-1,4.588,4.391,6.0,184,0,16,68,0,106,0,104,83,167,65,0,100,255,53,0,0,0,0,100,137,37,0,0,0,0,102,156,96,80,139,216,3,0,104,112,188,0,0,106,0,255,80,28,139,204,141,160,112,188,0,0,137,97,46,104,0,0,64,0,81,139,124,36,10.0,14.0,5.0,0.357,-1,1,72.0,0
0,0,0,0,0,0,0,0,134079,4194304,4096,4,0,118784,54272,1024,35328,0,1048576,4096,4096,0,3,0.0,2,2,2,2,2,2,0,1,1,1,1,0,1.039,0,2,1.039,0.456,0,-1,-1,-1,4.575,4.62,6.024,184,0,176,65,0,106,0,104,79,33,65,0,100,255,53,0,0,0,0,100,137,37,0,0,0,0,102,156,96,80,139,216,3,0,104,112,188,0,0,106,0,255,80,28,139,204,141,160,112,188,0,0,137,97,46,104,0,0,64,0,81,139,124,36,10.0,14.0,5.0,0.357,-1,1,132.0,0
0,0,0,0,0,0,0,0,94167,4194304,4096,4,0,106496,52736,1024,31232,0,1048576,4096,4096,0,3,0.0,2,2,2,2,2,2,0,1,1,1,1,0,1.058,0,2,1.058,0.486,0,-1,-1,-1,4.654,4.682,5.968,184,0,128,65,0,106,0,104,0,20,65,0,100,255,53,0,0,0,0,100,137,37,0,0,0,0,102,156,96,80,139,216,3,0,104,112,188,0,0,106,0,255,80,28,139,204,141,160,112,188,0,0,137,97,46,104,0,0,64,0,81,139,124,36,8.0,12.0,5.0,0.417,-1,1,144.0,0
0,0,0,0,0,0,0,0,0,4194304,4096,4,0,835584,536576,1024,286720,0,1048576,4096,4096,0,3,0.0,2,2,2,2,2,2,0,1,1,1,1,0,1.018,0,2,1.018,0.376,0,-1,-1,-1,4.821,4.013,6.089,184,0,160,76,0,106,0,104,31,97,74,0,100,255,53,0,0,0,0,100,137,37,0,0,0,0,102,156,96,80,139,216,3,0,104,112,188,0,0,106,0,255,80,28,139,204,141,160,112,188,0,0,137,97,46,104,0,0,64,0,81,139,124,36,13.0,17.0,5.0,0.294,-1,1,730.0,0
0,0,0,0,0,0,0,0,172236,4194304,4096,4,0,143360,76800,1024,40960,0,1048576,4096,4096,0,3,0.0,2,2,2,2,2,2,0,1,1,1,1,0,1.052,0,2,1.052,0.475,0,-1,-1,-1,4.508,4.665,5.991,184,0,16,66,0,106,0,104,103,116,65,0,100,255,53,0,0,0,0,100,137,37,0,0,0,0,102,156,96,80,139,216,3,0,104,112,188,0,0,106,0,255,80,28,139,204,141,160,112,188,0,0,137,97,46,104,0,0,64,0,81,139,124,36,9.0,13.0,5.0,0.385,-1,1,192.0,0
0,0,0,0,0,0,0,0,2487405,4194304,4096,5,0,2658304,1573888,1024,834048,0,1048576,16384,4096,0,8,0.0,2,6,2,2,6,2,0,1,1,1,1,0,1.035,4,7,1.035,0.0,0,-1,-1,-1,2.706,4.19,5.978,184,0,112,104,0,106,0,104,3,185,92,0,100,255,53,0,0,0,0,100,137,37,0,0,0,0,102,156,96,80,139,216,3,0,104,112,188,0,0,106,0,255,80,28,139,204,141,160,112,188,0,0,137,97,46,104,0,0,64,0,81,139,124,36,27.0,31.0,5.0,0.161,-1,1,404.0,0
0,0,0,0,0,0,0,0,183745,4194304,4096,4,0,139264,58368,1024,52736,0,1048576,4096,4096,0,3,0.0,2,2,2,2,2,2,0,1,1,1,1,0,1.039,0,2,1.039,0.457,0,-1,-1,-1,4.559,4.685,6.031,184,0,0,66,0,106,0,104,0,92,65,0,100,255,53,0,0,0,0,100,137,37,0,0,0,0,102,156,96,80,139,216,3,0,104,112,188,0,0,106,0,255,80,28,139,204,141,160,112,188,0,0,137,97,46,104,0,0,64,0,81,139,124,36,10.0,14.0,5.0,0.357,-1,1,180.0,0
0,0,0,0,0,0,0,0,36632,4194304,4096,4,0,53248,14336,512,23040,0,1048576,4096,4096,0,3,0.0,2,2,2,2,2,2,0,1,1,1,1,0,1.082,0,2,1.082,0.458,0,-1,-1,-1,2.551,5.239,5.891,184,0,176,64,0,106,0,104,185,91,64,0,100,255,53,0,0,0,0,100,137,37,0,0,0,0,102,156,96,80,139,216,3,0,104,112,188,0,0,106,0,255,80,28,139,204,141,160,112,188,0,0,137,97,46,104,0,0,64,0,81,139,124,36,5.0,9.0,5.0,0.556,-1,1,40.0,0
0,0,0,0,0,0,0,0,142004,4194304,4096,4,0,98304,41472,1024,31232,0,1048576,4096,4096,0,3,0.0,2,2,2,2,2,2,0,1,1,1,1,0,1.049,0,2,1.049,0.445,0,-1,-1,-1,4.622,4.653,5.999,184,0,96,65,0,106,0,104,137,233,64,0,100,255,53,0,0,0,0,100,137,37,0,0,0,0,102,156,96,80,139,216,3,0,104,112,188,0,0,106,0,255,80,28,139,204,141,160,112,188,0,0,137,97,46,104,0,0,64,0,81,139,124,36,9.0,13.0,5.0,0.385,-1,1,112.0,0
0,0,0,0,0,0,0,0,149356,4194304,4096,4,0,122880,54784,1024,39936,0,1048576,4096,4096,0,3,0.0,2,2,2,2,2,2,0,1,1,1,1,0,1.033,0,2,1.033,0.463,0,-1,-1,-1,4.606,4.616,6.04,184,0,192,65,0,106,0,104,85,32,65,0,100,255,53,0,0,0,0,100,137,37,0,0,0,0,102,156,96,80,139,216,3,0,104,112,188,0,0,106,0,255,80,28,139,204,141,160,112,188,0,0,137,97,46,104,0,0,64,0,81,139,124,36,11.0,15.0,5.0,0.333,-1,1,172.0,0
0,0,0,0,0,0,0,0,0,4194304,4096,4,0,2527232,1565184,1024,915456,0,1048576,16384,4096,0,8,0.0,2,6,2,2,6,2,0,1,1,1,1,0,1.061,4,7,1.061,0.0,0,-1,-1,-1,2.587,4.672,5.853,184,0,112,102,0,106,0,104,0,76,88,0,100,255,53,0,0,0,0,100,137,37,0,0,0,0,102,156,96,80,139,216,3,0,104,112,188,0,0,106,0,255,80,28,139,204,141,160,112,188,0,0,137,97,46,104,0,0,64,0,81,139,124,36,33.0,37.0,5.0,0.135,-1,1,760.0,0
0,0,0,0,0,0,0,0,0,4194304,4096,4,0,90112,40960,1024,23552,0,1048576,4096,4096,0,3,0.0,2,2,2,2,2,2,0,1,1,1,1,0,1.033,0,2,1.033,0.458,0,-1,-1,-1,4.524,4.511,6.031,184,0,64,65,0,106,0,104,103,209,64,0,100,255,53,0,0,0,0,100,137,37,0,0,0,0,102,156,96,80,139,216,3,0,104,112,188,0,0,106,0,255,80,28,139,204,141,160,112,188,0,0,137,97,46,104,0,0,64,0,81,139,124,36,11.0,15.0,5.0,0.333,-1,1,168.0,0
0,0,0,0,0,0,0,0,0,4194304,4096,1,0,319488,233472,1024,54272,0,1048576,16384,4096,0,8,0.0,2,6,2,2,6,2,0,1,1,1,1,0,1.068,4,7,1.068,0.0,0,-1,-1,-1,2.546,4.522,5.919,184,0,192,68,0,106,0,104,156,171,67,0,100,255,53,0,0,0,0,100,137,37,0,0,0,0,102,156,96,80,139,216,3,0,104,112,188,0,0,106,0,255,80,28,139,204,141,160,112,188,0,0,137,97,46,104,0,0,64,0,81,139,124,36,15.0,19.0,5.0,0.263,-1,1,164.0,0
0,0,0,0,0,0,0,0,4493667,4194304,4096,5,0,5345280,3760128,1024,992256,0,2097152,16384,4096,0,9,0.0,2,6,2,2,6,2,0,1,1,1,1,0,1.051,4,8,1.051,0.0,0,-1,-1,-1,2.581,3.783,5.917,184,0,112,145,0,106,0,104,160,53,127,0,100,255,53,0,0,0,0,100,137,37,0,0,0,0,102,156,96,80,139,216,3,0,104,112,188,0,0,106,0,255,80,28,139,204,141,160,112,188,0,0,137,97,46,104,0,0,64,0,81,139,124,36,26.0,30.0,5.0,0.167,-1,1,552.0,0
0,0,0,0,0,0,0,0,979659,4194304,4096,4,0,1077248,685568,1024,970752,77312,2097152,4096,4096,0,6,0.0,2,6,2,2,6,2,0,1,1,1,1,0,1.069,2,5,1.069,0.0,0,-1,-1,-1,2.929,3.603,5.954,184,0,80,80,0,106,0,104,20,201,78,0,100,255,53,0,0,0,0,100,137,37,0,0,0,0,102,156,96,80,139,216,3,0,104,112,188,0,0,106,0,255,80,28,139,204,141,160,112,188,0,0,137,97,46,104,0,0,64,0,81,139,124,36,6.0,10.0,5.0,0.5,-1,1,14.0,0
0,0,0,0,0,0,0,0,228876,4194304,4096,4,0,184320,81408,1024,117760,1536,2097152,4096,4096,0,6,0.0,2,6,2,2,6,2,0,1,1,1,1,0,1.057,3,5,1.057,0.0,0,-1,-1,-1,2.959,3.724,5.967,184,0,176,66,0,106,0,104,68,80,65,0,100,255,53,0,0,0,0,100,137,37,0,0,0,0,102,156,96,80,139,216,3,0,104,112,188,0,0,106,0,255,80,28,139,204,141,160,112,188,0,0,137,97,46,104,0,0,64,0,81,139,124,36,5.0,9.0,5.0,0.556,-1,1,-1,0
0,0,0,0,0,0,0,0,0,4194304,4096,4,0,3854336,1888864,1024,316372,25028,16777216,4096,4096,0,7,0.0,2,7,2,2,7,2,0,1,1,1,1,0,1.01,3,6,1.01,0.0,0,-1,-1,-1,2.929,4.625,6.131,184,0,176,122,0,106,0,104,116,171,106,0,100,255,53,0,0,0,0,100,137,37,0,0,0,0,102,156,96,80,139,216,3,0,104,112,188,0,0,106,0,255,80,28,139,204,141,160,112,188,0,0,137,97,46,104,0,0,64,0,81,139,124,36,13.0,17.0,5.0,0.294,-1,1,424.0,0
0,0,0,0,0,0,0,0,0,4194304,4096,4,0,90112,45056,1024,32768,0,1048576,4096,4096,0,3,0.0,2,2,2,2,2,2,0,1,1,1,1,0,1.049,0,2,1.049,0.475,0,-1,-1,-1,4.574,4.579,5.995,184,0,64,65,0,106,0,104,161,227,64,0,100,255,53,0,0,0,0,100,137,37,0,0,0,0,102,156,96,80,139,216,3,0,104,112,188,0,0,106,0,255,80,28,139,204,141,160,112,188,0,0,137,97,46,104,0,0,64,0,81,139,124,36,9.0,13.0,5.0,0.385,-1,1,132.0,0
0,0,0,0,0,0,0,0,0,4194304,4096,4,0,118784,58880,1024,35328,0,1048576,4096,4096,0,3,0.0,2,2,2,2,2,2,0,1,1,1,1,0,1.034,0,2,1.034,0.452,0,-1,-1,-1,4.529,4.58,6.033,184,0,176,65,0,106,0,104,219,54,65,0,100,255,53,0,0,0,0,100,137,37,0,0,0,0,102,156,96,80,139,216,3,0,104,112,188,0,0,106,0,255,80,28,139,204,141,160,112,188,0,0,137,97,46,104,0,0,64,0,81,139,124,36,11.0,15.0,5.0,0.333,-1,1,156.0,0
0,0,0,0,0,0,0,0,305536,4194304,4096,4,0,270336,94208,1024,163840,0,1048576,4096,4096,0,3,0.0,2,2,2,2,2,2,0,1,1,1,1,0,1.036,0,2,1.036,0.328,0,-1,-1,-1,4.729,3.587,6.035,184,0,0,68,0,106,0,104,95,182,65,0,100,255,53,0,0,0,0,100,137,37,0,0,0,0,102,156,96,80,139,216,3,0,104,112,188,0,0,106,0,255,80,28,139,204,141,160,112,188,0,0,137,97,46,104,0,0,64,0,81,139,124,36,11.0,15.0,5.0,0.333,-1,1,152.0,0
0,0,1,0,0,0,0,1,0,4194304,4096,5,1,151552,55296,1024,2108,0,1048576,4096,4096,1,2,0.333,1,0,0,1,0,0,0,1,1,1,1,0,0.397,0,2,1.0,0.375,0,-1,-1,3.757,4.131,3.953,7.941,184,0,64,66,0,96,141,168,0,192,253,255,104,231,81,179,36,106,64,104,0,48,0,0,104,86,142,0,0,106,0,255,144,112,1,0,0,137,68,36,28,187,78,3,0,0,141,181,175,226,0,0,139,248,80,232,10,0,0,0,116,7,139,68,6.0,12.0,8.0,0.667,2.0,1,14.0,0
0,0,0,0,0,0,0,0,75699,4194304,4096,4,0,98304,49152,1024,66048,3072,2097152,4096,4096,0,5,0.0,2,5,2,2,5,2,0,1,1,1,1,0,1.003,2,4,1.003,0.0,0,-1,-1,-1,3.05,3.926,6.133,184,0,96,65,0,106,0,104,60,208,64,0,100,255,53,0,0,0,0,100,137,37,0,0,0,0,102,156,96,80,139,216,3,0,104,112,188,0,0,106,0,255,80,28,139,204,141,160,112,188,0,0,137,97,46,104,0,0,64,0,81,139,124,36,4.0,8.0,5.0,0.625,-1,1,-1,0
0,0,0,0,0,0,0,0,83901,4194304,4096,4,0,102400,48128,1024,67072,2048,2097152,4096,4096,0,5,0.0,2,5,2,2,5,2,0,1,1,1,1,0,1.003,2,4,1.003,0.0,0,-1,-1,-1,3.063,3.788,6.134,184,0,112,65,0,106,0,104,124,208,64,0,100,255,53,0,0,0,0,100,137,37,0,0,0,0,102,156,96,80,139,216,3,0,104,112,188,0,0,106,0,255,80,28,139,204,141,160,112,188,0,0,137,97,46,104,0,0,64,0,81,139,124,36,4.0,8.0,5.0,0.625,-1,1,-1,0
0,0,0,0,0,0,0,0,0,4194304,4096,5,0,5611520,3381760,1024,2096640,0,1048576,16384,4096,0,11,0.0,3,8,3,3,8,3,0,1,1,1,1,0,1.028,4,10,1.028,0.0,0,-1,-1,-1,2.503,5.494,6.019,184,0,128,149,0,106,0,104,28,89,116,0,100,255,53,0,0,0,0,100,137,37,0,0,0,0,102,156,96,80,139,216,3,0,104,112,188,0,0,106,0,255,80,28,139,204,141,160,112,188,0,0,137,97,46,104,0,0,64,0,81,139,124,36,29.0,33.0,5.0,0.152,-1,1,1002.0,0
0,0,0,0,0,0,0,0,0,4194304,4096,4,0,5382144,3279792,1024,436884,30708,16777216,4096,4096,0,7,0.0,2,7,2,2,7,2,0,1,1,1,1,0,1.018,3,6,1.018,0.0,0,-1,-1,-1,2.929,4.057,6.109,184,0,0,146,0,106,0,104,4,130,134,0,100,255,53,0,0,0,0,100,137,37,0,0,0,0,102,156,96,80,139,216,3,0,104,112,188,0,0,106,0,255,80,28,139,204,141,160,112,188,0,0,137,97,46,104,0,0,64,0,81,139,124,36,12.0,16.0,5.0,0.312,-1,1,580.0,0
0,0,0,0,0,0,0,0,0,4194304,4096,4,0,192512,122368,1024,48128,0,1048576,4096,4096,0,3,0.0,2,2,2,2,2,2,0,1,1,1,1,0,1.027,0,2,1.027,0.448,0,-1,-1,-1,3.267,4.301,6.063,184,0,208,66,0,106,0,104,112,6,66,0,100,255,53,0,0,0,0,100,137,37,0,0,0,0,102,156,96,80,139,216,3,0,104,112,188,0,0,106,0,255,80,28,139,204,141,160,112,188,0,0,137,97,46,104,0,0,64,0,81,139,124,36,11.0,15.0,5.0,0.333,-1,1,118.0,0
0,0,0,0,0,0,0,0,0,4194304,4096,4,0,98304,48128,1024,26112,0,1048576,4096,4096,0,3,0.0,2,2,2,2,2,2,0,1,1,1,1,0,1.041,0,2,1.041,0.471,0,-1,-1,-1,4.37,4.632,6.022,184,0,96,65,0,106,0,104,117,247,64,0,100,255,53,0,0,0,0,100,137,37,0,0,0,0,102,156,96,80,139,216,3,0,104,112,188,0,0,106,0,255,80,28,139,204,141,160,112,188,0,0,137,97,46,104,0,0,64,0,81,139,124,36,10.0,14.0,5.0,0.357,-1,1,160.0,0
0,0,0,0,0,0,0,0,4287985,4194304,4096,5,0,4317184,3701760,1024,547328,0,1048576,16384,4096,0,10,0.0,3,6,2,3,6,2,0,1,1,1,1,0,1.056,3,9,1.056,0.0,0,-1,-1,-1,2.585,6.274,5.965,184,0,192,129,0,106,0,104,224,101,121,0,100,255,53,0,0,0,0,100,137,37,0,0,0,0,102,156,96,80,139,216,3,0,104,112,188,0,0,106,0,255,80,28,139,204,141,160,112,188,0,0,137,97,46,104,0,0,64,0,81,139,124,36,17.0,21.0,5.0,0.238,-1,1,772.0,0
0,0,0,0,0,0,0,0,0,4194304,4096,4,0,2957312,1622208,1024,928796,21476,16777216,4096,4096,0,5,0.0,2,5,2,2,5,2,0,1,1,1,1,0,1.042,2,4,1.042,0.0,0,-1,-1,-1,2.983,4.489,6.041,184,0,0,109,0,106,0,104,28,12,103,0,100,255,53,0,0,0,0,100,137,37,0,0,0,0,102,156,96,80,139,216,3,0,104,112,188,0,0,106,0,255,80,28,139,204,141,160,112,188,0,0,137,97,46,104,0,0,64,0,81,139,124,36,9.0,13.0,5.0,0.385,-1,1,282.0,0
0,0,0,0,0,0,0,0,0,4194304,4096,4,0,212992,48128,1024,90840,0,1048576,4096,4096,1,2,0.333,1,0,0,1,0,0,0,1,1,1,1,0,0.42,0,1,1.0,0.42,0,-1,-1,5.881,3.81,5.074,7.951,184,0,48,67,0,96,141,168,0,208,252,255,104,80,214,1,37,106,64,104,0,48,0,0,104,226,145,0,0,106,0,255,144,210,1,0,0,137,68,36,28,187,78,3,0,0,141,181,77,199,0,0,139,248,80,232,10,0,0,0,116,7,139,68,9.0,15.0,8.0,0.533,2.0,1,20.0,0
0,0,1,0,0,0,0,1,0,4194304,4096,5,1,200704,70144,1024,2172,0,1048576,4096,4096,1,2,0.333,1,0,0,1,0,0,0,1,1,1,1,0,0.372,0,2,1.0,0.372,0,-1,-1,3.883,4.169,3.796,7.947,184,0,0,67,0,96,141,168,0,0,253,255,104,97,144,92,182,106,64,104,0,48,0,0,104,74,188,0,0,106,0,255,144,156,1,0,0,137,68,36,28,187,78,3,0,0,141,181,77,29,1,0,139,248,80,232,10,0,0,0,116,7,139,68,7.0,13.0,8.0,0.615,2.0,1,14.0,0
0,0,1,0,0,0,0,1,0,4194304,4096,5,1,163840,58880,1024,2176,0,1048576,4096,4096,1,2,0.333,1,0,0,1,0,0,0,1,1,1,1,0,0.389,0,2,1.0,0.375,0,-1,-1,3.844,4.149,3.893,7.939,184,0,112,66,0,96,141,168,0,144,253,255,104,234,71,179,208,106,64,104,0,48,0,0,104,142,155,0,0,106,0,255,144,160,1,0,0,137,68,36,28,187,78,3,0,0,141,181,83,240,0,0,139,248,80,232,10,0,0,0,116,7,139,68,7.0,13.0,8.0,0.615,2.0,1,14.0,0
0,0,0,0,0,0,0,0,101938,4194304,4096,4,0,98304,50688,1024,27136,0,1048576,4096,4096,0,3,0.0,2,2,2,2,2,2,0,1,1,1,1,0,1.035,0,2,1.035,0.485,0,-1,-1,-1,4.494,4.787,6.038,184,0,96,65,0,106,0,104,179,10,65,0,100,255,53,0,0,0,0,100,137,37,0,0,0,0,102,156,96,80,139,216,3,0,104,112,188,0,0,106,0,255,80,28,139,204,141,160,112,188,0,0,137,97,46,104,0,0,64,0,81,139,124,36,11.0,15.0,5.0,0.333,-1,1,152.0,0
0,0,0,0,0,0,0,0,575680,4194304,4096,4,0,536576,241152,1024,327680,3584,2097152,4096,4096,0,7,0.0,2,7,2,2,7,2,0,1,1,1,1,0,1.075,3,6,1.075,0.0,0,-1,-1,-1,3.006,4.347,5.924,184,0,16,72,0,106,0,104,188,192,67,0,100,255,53,0,0,0,0,100,137,37,0,0,0,0,102,156,96,80,139,216,3,0,104,112,188,0,0,106,0,255,80,28,139,204,141,160,112,188,0,0,137,97,46,104,0,0,64,0,81,139,124,36,3.0,7.0,5.0,0.714,-1,1,8.0,0
0,0,1,0,0,0,0,1,0,4194304,4096,5,1,221184,79872,1024,2108,0,1048576,4096,4096,1,2,0.333,1,0,0,1,0,0,0,1,1,1,1,0,0.382,0,2,1.0,0.375,0,-1,-1,3.797,4.162,3.877,7.946,184,0,80,67,0,96,141,168,0,176,252,255,104,241,249,50,131,106,64,104,0,48,0,0,104,98,234,0,0,106,0,255,144,112,1,0,0,137,68,36,28,187,78,3,0,0,141,181,255,65,1,0,139,248,80,232,10,0,0,0,116,7,139,68,6.0,12.0,8.0,0.667,2.0,1,14.0,0
0,0,0,0,0,0,0,0,0,4194304,4096,4,0,208896,137216,1024,22528,0,1048576,16384,4096,0,8,0.0,2,6,2,2,6,2,0,1,1,1,1,0,1.041,4,7,1.041,0.0,0,-1,-1,-1,2.553,3.978,6.027,184,0,16,67,0,106,0,104,153,155,66,0,100,255,53,0,0,0,0,100,137,37,0,0,0,0,102,156,96,80,139,216,3,0,104,112,188,0,0,106,0,255,80,28,139,204,141,160,112,188,0,0,137,97,46,104,0,0,64,0,81,139,124,36,9.0,13.0,5.0,0.385,-1,1,42.0,0
0,0,0,0,0,0,0,0,5820647,4194304,4096,4,0,6283264,5592064,1024,196096,0,1048576,4096,4096,0,3,0.0,2,2,2,2,2,2,0,1,1,1,1,0,1.022,0,2,1.022,0.282,0,-1,-1,-1,4.256,3.276,6.104,184,0,192,159,0,106,0,104,0,114,149,0,100,255,53,0,0,0,0,100,137,37,0,0,0,0,102,156,96,80,139,216,3,0,104,112,188,0,0,106,0,255,80,28,139,204,141,160,112,188,0,0,137,97,46,104,0,0,64,0,81,139,124,36,3.0,7.0,5.0,0.714,-1,1,72.0,0
0,0,0,0,0,0,0,0,0,4194304,4096,4,0,1585152,1122304,1536,90112,0,1048576,8192,4096,0,9,0.0,2,6,2,2,6,2,0,1,1,1,1,0,1.032,2,8,1.032,0.0,0,-1,-1,-1,1.97,6.043,6.065,184,0,16,88,0,106,0,104,0,146,82,0,100,255,53,0,0,0,0,100,137,37,0,0,0,0,102,156,96,80,139,216,3,0,104,112,188,0,0,106,0,255,80,28,139,204,141,160,112,188,0,0,137,97,46,104,0,0,64,0,81,139,124,36,11.0,15.0,5.0,0.333,-1,1,236.0,0
0,0,0,0,0,0,0,0,104208,4194304,4096,4,0,94208,33280,1024,33280,0,1048576,65536,4096,0,4,0.0,3,3,3,3,3,3,0,1,1,1,1,0,1.062,1,3,1.062,0.0,0,-1,-1,-1,3.135,4.17,5.958,184,0,80,65,0,106,0,104,0,164,64,0,100,255,53,0,0,0,0,100,137,37,0,0,0,0,102,156,96,80,139,216,3,0,104,112,188,0,0,106,0,255,80,28,139,204,141,160,112,188,0,0,137,97,46,104,0,0,64,0,81,139,124,36,7.0,11.0,5.0,0.455,-1,1,88.0,0
0,0,0,0,0,0,0,0,0,4194304,4096,4,0,5136384,1862192,1024,130996,2257953,16777216,4096,4096,0,7,0.0,2,7,2,2,7,2,0,1,1,1,1,0,1.042,3,5,1.042,0.0,0,-1,-1,-1,2.901,2.448,6.04,184,0,64,142,0,106,0,104,28,216,101,0,100,255,53,0,0,0,0,100,137,37,0,0,0,0,102,156,96,80,139,216,3,0,104,112,188,0,0,106,0,255,80,28,139,204,141,160,112,188,0,0,137,97,46,104,0,0,64,0,81,139,124,36,9.0,13.0,5.0,0.385,-1,1,314.0,0
0,0,0,0,0,0,0,0,0,4194304,4698112,4,0,7020544,2310144,1024,4096,4694016,2097152,4096,4096,0,3,0.0,3,3,3,3,3,3,0,1,1,1,1,0,1.004,1,2,1.004,0.0,0,-1,-1,-1,3.303,3.466,6.153,184,0,0,171,0,106,0,104,0,242,170,0,100,255,53,0,0,0,0,100,137,37,0,0,0,0,102,156,96,80,139,216,3,0,104,112,188,0,0,106,0,255,80,28,139,204,141,160,112,188,0,0,137,97,46,104,0,0,64,0,81,139,124,36,5.0,9.0,5.0,0.556,-1,1,-1,0
0,0,0,0,0,0,0,0,2564008,4194304,4096,4,0,2572288,532480,1024,2027520,0,1048576,4096,4096,0,3,0.0,2,2,2,2,2,2,0,1,1,1,1,0,1.033,0,2,1.033,0.422,0,-1,-1,-1,4.799,4.682,6.06,184,0,32,103,0,106,0,104,211,22,73,0,100,255,53,0,0,0,0,100,137,37,0,0,0,0,102,156,96,80,139,216,3,0,104,112,188,0,0,106,0,255,80,28,139,204,141,160,112,188,0,0,137,97,46,104,0,0,64,0,81,139,124,36,11.0,15.0,5.0,0.333,-1,1,728.0,0
0,0,0,0,0,0,0,0,269152,4194304,4096,4,0,364544,36864,1024,315392,0,1048576,4096,4096,0,4,0.0,2,3,2,2,3,2,0,1,1,1,1,0,1.07,0,3,1.07,0.438,0,-1,-1,-1,4.405,3.87,5.943,184,0,112,69,0,106,0,104,95,177,64,0,100,255,53,0,0,0,0,100,137,37,0,0,0,0,102,156,96,80,139,216,3,0,104,112,188,0,0,106,0,255,80,28,139,204,141,160,112,188,0,0,137,97,46,104,0,0,64,0,81,139,124,36,7.0,11.0,5.0,0.455,-1,1,60.0,0
0,0,0,0,0,0,0,0,0,4194304,212992,4,0,327680,102400,1024,4096,208896,2097152,4096,4096,0,4,0.0,3,4,3,3,4,3,0,1,1,1,1,0,1.024,1,3,1.024,0.0,0,-1,-1,-1,3.086,3.432,6.085,184,0,224,68,0,106,0,104,0,210,68,0,100,255,53,0,0,0,0,100,137,37,0,0,0,0,102,156,96,80,139,216,3,0,104,112,188,0,0,106,0,255,80,28,139,204,141,160,112,188,0,0,137,97,46,104,0,0,64,0,81,139,124,36,3.0,7.0,5.0,0.714,-1,1,-1,0
0,0,0,0,0,0,0,0,0,4194304,4096,4,0,131072,61440,1024,50176,0,1048576,4096,4096,0,3,0.0,2,2,2,2,2,2,0,1,1,1,1,0,1.049,0,2,1.049,0.5,0,-1,-1,-1,4.535,5.08,5.988,184,0,224,65,0,106,0,104,41,44,65,0,100,255,53,0,0,0,0,100,137,37,0,0,0,0,102,156,96,80,139,216,3,0,104,112,188,0,0,106,0,255,80,28,139,204,141,160,112,188,0,0,137,97,46,104,0,0,64,0,81,139,124,36,9.0,13.0,5.0,0.385,-1,1,178.0,0
0,0,0,0,0,0,0,0,0,4194304,4096,5,0,2248704,1830912,1024,366080,0,1048576,16384,4096,0,9,0.0,2,7,2,2,7,2,0,1,1,1,1,0,1.048,4,8,1.048,0.0,0,-1,-1,-1,2.672,4.236,5.944,184,0,48,98,0,106,0,104,152,232,91,0,100,255,53,0,0,0,0,100,137,37,0,0,0,0,102,156,96,80,139,216,3,0,104,112,188,0,0,106,0,255,80,28,139,204,141,160,112,188,0,0,137,97,46,104,0,0,64,0,81,139,124,36,26.0,30.0,5.0,0.167,-1,1,446.0,0
0,0,0,0,0,0,0,0,0,4194304,4096,5,0,3411968,2875904,1024,470528,0,1048576,16384,4096,0,11,0.0,3,8,3,3,8,3,0,1,1,1,1,0,1.051,4,10,1.051,0.0,0,-1,-1,-1,2.457,5.913,5.97,184,0,240,115,0,106,0,104,236,101,108,0,100,255,53,0,0,0,0,100,137,37,0,0,0,0,102,156,96,80,139,216,3,0,104,112,188,0,0,106,0,255,80,28,139,204,141,160,112,188,0,0,137,97,46,104,0,0,64,0,81,139,124,36,17.0,21.0,5.0,0.238,-1,1,364.0,0
0,0,0,0,0,0,0,0,0,4194304,4096,5,0,6012928,5029888,1024,729600,0,1048576,16384,4096,0,10,0.0,3,6,2,3,6,2,0,1,1,1,1,0,1.007,3,8,1.007,0.0,0,-1,-1,-1,2.601,6.106,6.106,184,0,160,155,0,106,0,104,192,198,141,0,100,255,53,0,0,0,0,100,137,37,0,0,0,0,102,156,96,80,139,216,3,0,104,112,188,0,0,106,0,255,80,28,139,204,141,160,112,188,0,0,137,97,46,104,0,0,64,0,81,139,124,36,23.0,27.0,5.0,0.185,-1,1,614.0,0
0,0,0,0,0,0,0,0,7009240,4194304,4096,4,0,8339456,5099520,1536,1732608,0,1048576,8192,4096,0,9,0.0,2,6,2,2,6,2,0,1,1,1,1,0,1.032,2,8,1.032,0.0,0,-1,-1,-1,1.963,5.612,6.024,184,0,32,191,0,106,0,104,0,82,168,0,100,255,53,0,0,0,0,100,137,37,0,0,0,0,102,156,96,80,139,216,3,0,104,112,188,0,0,106,0,255,80,28,139,204,141,160,112,188,0,0,137,97,46,104,0,0,64,0,81,139,124,36,20.0,24.0,5.0,0.208,-1,1,1286.0,0
0,0,0,0,0,0,0,0,95089,4194304,4096,4,0,118784,30720,1024,45056,41472,2097152,4096,4096,0,5,0.0,2,5,2,2,5,2,0,1,1,1,1,0,1.003,2,4,1.003,0.0,0,-1,-1,-1,3.042,2.39,6.129,184,0,176,65,0,106,0,104,240,169,64,0,100,255,53,0,0,0,0,100,137,37,0,0,0,0,102,156,96,80,139,216,3,0,104,112,188,0,0,106,0,255,80,28,139,204,141,160,112,188,0,0,137,97,46,104,0,0,64,0,81,139,124,36,4.0,8.0,5.0,0.625,-1,1,-1,0
0,0,0,0,0,0,0,0,0,4194304,4096,4,0,5550080,2456064,1024,3056128,0,1048576,16384,4096,0,8,0.0,2,6,2,2,6,2,0,1,1,1,1,0,1.004,4,6,1.004,0.0,0,-1,-1,-1,2.583,5.048,6.131,184,0,144,148,0,106,0,104,84,23,102,0,100,255,53,0,0,0,0,100,137,37,0,0,0,0,102,156,96,80,139,216,3,0,104,112,188,0,0,106,0,255,80,28,139,204,141,160,112,188,0,0,137,97,46,104,0,0,64,0,81,139,124,36,23.0,27.0,5.0,0.185,-1,1,808.0,0
0,0,0,0,0,0,0,0,0,4194304,4096,4,0,937984,646656,1024,259584,0,1048576,16384,4096,0,8,0.0,2,6,2,2,6,2,0,1,1,1,1,0,1.035,4,7,1.035,0.0,0,-1,-1,-1,2.636,5.097,6.009,184,0,48,78,0,106,0,104,64,10,74,0,100,255,53,0,0,0,0,100,137,37,0,0,0,0,102,156,96,80,139,216,3,0,104,112,188,0,0,106,0,255,80,28,139,204,141,160,112,188,0,0,137,97,46,104,0,0,64,0,81,139,124,36,19.0,23.0,5.0,0.217,-1,1,350.0,0
0,0,0,0,0,0,0,1,0,4194304,4096,5,0,3141632,2766848,1024,319488,0,1048576,16384,4096,0,8,0.0,2,7,2,2,7,2,0,1,1,1,1,0,1.01,3,7,1.01,0.0,0,-1,-1,-1,2.651,4.0,6.072,184,0,208,111,0,106,0,104,191,169,107,0,100,255,53,0,0,0,0,100,137,37,0,0,0,0,102,156,96,80,139,216,3,0,104,112,188,0,0,106,0,255,80,28,139,204,141,160,112,188,0,0,137,97,46,104,0,0,64,0,81,139,124,36,31.0,35.0,5.0,0.143,-1,1,517.0,0
0,0,0,0,0,0,0,0,74035,4194304,4096,4,0,118784,30720,1024,45056,41472,2097152,4096,4096,0,5,0.0,2,5,2,2,5,2,0,1,1,1,1,0,1.003,2,4,1.003,0.0,0,-1,-1,-1,2.948,2.429,6.126,184,0,176,65,0,106,0,104,240,169,64,0,100,255,53,0,0,0,0,100,137,37,0,0,0,0,102,156,96,80,139,216,3,0,104,112,188,0,0,106,0,255,80,28,139,204,141,160,112,188,0,0,137,97,46,104,0,0,64,0,81,139,124,36,4.0,8.0,5.0,0.625,-1,1,-1,0
0,0,0,0,0,0,0,0,173083,4194304,4096,4,0,159744,24576,1024,122880,0,1048576,4096,4096,0,3,0.0,2,3,2,2,3,2,0,1,1,1,1,0,1.003,0,2,1.003,0.571,0,-1,-1,-1,4.485,5.685,6.145,184,0,80,66,0,106,0,104,143,123,64,0,100,255,53,0,0,0,0,100,137,37,0,0,0,0,102,156,96,80,139,216,3,0,104,112,188,0,0,106,0,255,80,28,139,204,141,160,112,188,0,0,137,97,46,104,0,0,64,0,81,139,124,36,5.0,9.0,5.0,0.556,-1,1,-1,0
0,0,0,0,0,0,0,0,189185,4194304,4096,4,0,200704,73216,1024,48640,0,1048576,4096,4096,0,4,0.0,2,3,2,2,3,2,0,1,1,1,1,0,1.036,0,3,1.036,0.047,0,-1,-1,-1,4.274,3.682,6.018,184,0,240,66,0,106,0,104,169,139,65,0,100,255,53,0,0,0,0,100,137,37,0,0,0,0,102,156,96,80,139,216,3,0,104,112,188,0,0,106,0,255,80,28,139,204,141,160,112,188,0,0,137,97,46,104,0,0,64,0,81,139,124,36,11.0,15.0,5.0,0.333,-1,1,148.0,0
0,0,0,0,0,0,0,0,0,4194304,4096,4,0,1032192,741376,1024,278528,0,1048576,4096,4096,0,3,0.0,2,2,2,2,2,2,0,1,1,1,1,0,1.035,0,2,1.035,0.337,0,-1,-1,-1,4.737,3.688,6.04,184,0,160,79,0,106,0,104,61,117,77,0,100,255,53,0,0,0,0,100,137,37,0,0,0,0,102,156,96,80,139,216,3,0,104,112,188,0,0,106,0,255,80,28,139,204,141,160,112,188,0,0,137,97,46,104,0,0,64,0,81,139,124,36,11.0,15.0,5.0,0.333,-1,1,774.0,0
0,0,0,0,0,0,0,0,141461,4194304,4096,4,0,110592,51200,1024,35840,0,1048576,4096,4096,0,3,0.0,2,2,2,2,2,2,0,1,1,1,1,0,1.049,0,2,1.049,0.479,0,-1,-1,-1,4.585,4.757,5.99,184,0,144,65,0,106,0,104,0,24,65,0,100,255,53,0,0,0,0,100,137,37,0,0,0,0,102,156,96,80,139,216,3,0,104,112,188,0,0,106,0,255,80,28,139,204,141,160,112,188,0,0,137,97,46,104,0,0,64,0,81,139,124,36,9.0,13.0,5.0,0.385,-1,1,144.0,0
0,0,0,0,0,0,0,1,0,4194304,4096,5,0,3092480,2022400,1024,481280,0,1048576,16384,4096,0,8,0.0,2,6,2,2,6,2,0,1,1,1,1,0,1.009,3,7,1.009,0.0,0,-1,-1,-1,2.635,3.784,6.074,184,0,16,111,0,106,0,104,252,169,95,0,100,255,53,0,0,0,0,100,137,37,0,0,0,0,102,156,96,80,139,216,3,0,104,112,188,0,0,106,0,255,80,28,139,204,141,160,112,188,0,0,137,97,46,104,0,0,64,0,81,139,124,36,31.0,35.0,5.0,0.143,-1,1,526.0,0
0,0,0,0,0,0,0,0,0,4194304,4096,4,0,303104,176128,1024,114688,0,1048576,4096,4096,0,3,0.0,2,2,2,2,2,2,0,1,1,1,1,0,1.034,0,2,1.034,0.41,0,-1,-1,-1,4.681,4.273,6.051,184,0,128,68,0,106,0,104,129,0,67,0,100,255,53,0,0,0,0,100,137,37,0,0,0,0,102,156,96,80,139,216,3,0,104,112,188,0,0,106,0,255,80,28,139,204,141,160,112,188,0,0,137,97,46,104,0,0,64,0,81,139,124,36,11.0,15.0,5.0,0.333,-1,1,168.0,0
0,0,0,0,0,0,0,0,1805872,4194304,4096,4,0,1855488,434176,1024,1409024,0,1048576,4096,4096,0,3,0.0,2,2,2,2,2,2,0,1,1,1,1,0,1.027,0,2,1.027,0.404,0,-1,-1,-1,4.811,5.395,6.061,184,0,48,92,0,106,0,104,47,152,71,0,100,255,53,0,0,0,0,100,137,37,0,0,0,0,102,156,96,80,139,216,3,0,104,112,188,0,0,106,0,255,80,28,139,204,141,160,112,188,0,0,137,97,46,104,0,0,64,0,81,139,124,36,12.0,16.0,5.0,0.312,-1,1,1042.0,0
0,0,0,0,0,0,0,0,0,4194304,4096,5,0,7188480,4730368,1024,2393600,0,1048576,16384,4096,0,11,0.0,3,8,3,3,8,3,0,1,1,1,1,0,1.05,4,10,1.05,0.0,0,-1,-1,-1,2.483,6.254,5.952,184,0,144,173,0,106,0,104,48,22,137,0,100,255,53,0,0,0,0,100,137,37,0,0,0,0,102,156,96,80,139,216,3,0,104,112,188,0,0,106,0,255,80,28,139,204,141,160,112,188,0,0,137,97,46,104,0,0,64,0,81,139,124,36,26.0,30.0,5.0,0.167,-1,1,558.0,0
0,0,0,0,0,0,0,0,0,4194304,4096,4,0,692224,530432,1024,124416,0,1048576,16384,4096,0,8,0.0,2,6,2,2,6,2,0,1,1,1,1,0,1.044,4,7,1.044,0.0,0,-1,-1,-1,2.624,4.546,5.979,184,0,112,74,0,106,0,104,132,72,72,0,100,255,53,0,0,0,0,100,137,37,0,0,0,0,102,156,96,80,139,216,3,0,104,112,188,0,0,106,0,255,80,28,139,204,141,160,112,188,0,0,137,97,46,104,0,0,64,0,81,139,124,36,18.0,22.0,5.0,0.227,-1,1,252.0,0
0,0,0,0,0,0,0,0,0,4194304,4096,4,0,540672,417792,1024,110592,0,1048576,4096,4096,0,3,0.0,2,2,2,2,2,2,0,1,1,1,1,0,1.019,0,2,1.019,0.335,0,-1,-1,-1,4.802,3.623,6.083,184,0,32,72,0,106,0,104,211,20,71,0,100,255,53,0,0,0,0,100,137,37,0,0,0,0,102,156,96,80,139,216,3,0,104,112,188,0,0,106,0,255,80,28,139,204,141,160,112,188,0,0,137,97,46,104,0,0,64,0,81,139,124,36,13.0,17.0,5.0,0.294,-1,1,152.0,0
0,0,0,0,0,0,0,0,0,4194304,4096,4,0,81920,18432,1024,42496,0,1048576,4096,4096,0,3,0.0,2,2,2,2,2,2,0,1,1,1,1,0,1.051,0,2,1.051,0.217,0,-1,-1,-1,4.674,2.981,6.004,184,0,32,65,0,106,0,104,0,114,64,0,100,255,53,0,0,0,0,100,137,37,0,0,0,0,102,156,96,80,139,216,3,0,104,112,188,0,0,106,0,255,80,28,139,204,141,160,112,188,0,0,137,97,46,104,0,0,64,0,81,139,124,36,8.0,12.0,5.0,0.417,-1,1,32.0,0
0,0,0,0,0,0,0,0,85351,4194304,4096,4,0,421888,52224,1024,14848,332800,2097152,4096,4096,0,5,0.0,2,5,2,2,5,2,0,1,1,1,1,0,1.016,2,4,1.016,0.0,0,-1,-1,-1,2.996,1.161,6.101,184,0,80,70,0,106,0,104,144,235,64,0,100,255,53,0,0,0,0,100,137,37,0,0,0,0,102,156,96,80,139,216,3,0,104,112,188,0,0,106,0,255,80,28,139,204,141,160,112,188,0,0,137,97,46,104,0,0,64,0,81,139,124,36,3.0,7.0,5.0,0.714,-1,1,20.0,0
0,0,0,0,0,0,0,0,129348,4194304,4096,4,0,73728,32768,1024,28672,0,1048576,4096,4096,0,4,0.0,2,3,2,2,3,2,0,1,1,1,1,0,1.029,0,3,1.029,0.25,0,-1,-1,-1,4.24,4.102,6.067,184,0,0,65,0,106,0,104,223,154,64,0,100,255,53,0,0,0,0,100,137,37,0,0,0,0,102,156,96,80,139,216,3,0,104,112,188,0,0,106,0,255,80,28,139,204,141,160,112,188,0,0,137,97,46,104,0,0,64,0,81,139,124,36,2.0,6.0,5.0,0.833,-1,1,8.0,0
0,0,0,0,0,0,0,0,0,4194304,4096,5,0,3530752,1387520,1024,251392,0,1048576,16384,4096,0,9,0.0,2,7,2,2,7,2,0,1,1,1,1,0,1.066,4,8,1.066,0.0,0,-1,-1,-1,2.615,2.152,5.906,184,0,192,117,0,106,0,104,60,200,85,0,100,255,53,0,0,0,0,100,137,37,0,0,0,0,102,156,96,80,139,216,3,0,104,112,188,0,0,106,0,255,80,28,139,204,141,160,112,188,0,0,137,97,46,104,0,0,64,0,81,139,124,36,24.0,28.0,5.0,0.179,-1,1,270.0,0
0,0,0,0,0,0,0,0,82462,4194304,4096,4,0,61440,19456,1024,16384,512,2097152,4096,4096,0,4,0.0,2,4,2,2,4,2,0,1,1,1,1,0,1.008,2,3,1.008,0.0,0,-1,-1,-1,3.024,3.604,6.116,184,0,208,64,0,106,0,104,176,96,64,0,100,255,53,0,0,0,0,100,137,37,0,0,0,0,102,156,96,80,139,216,3,0,104,112,188,0,0,106,0,255,80,28,139,204,141,160,112,188,0,0,137,97,46,104,0,0,64,0,81,139,124,36,4.0,8.0,5.0,0.625,-1,1,-1,0
0,0,0,0,0,0,0,0,123627,4194304,4096,4,0,86016,37888,1024,15872,3072,2097152,4096,4096,0,4,0.0,2,4,2,2,4,2,0,1,1,1,1,0,1.005,2,3,1.005,0.0,0,-1,-1,-1,3.09,3.782,6.122,184,0,48,65,0,106,0,104,56,176,64,0,100,255,53,0,0,0,0,100,137,37,0,0,0,0,102,156,96,80,139,216,3,0,104,112,188,0,0,106,0,255,80,28,139,204,141,160,112,188,0,0,137,97,46,104,0,0,64,0,81,139,124,36,4.0,8.0,5.0,0.625,-1,1,-1,0
0,0,0,0,0,0,0,0,63658,4194304,4096,4,0,57344,32768,1024,12288,0,1048576,4096,4096,0,3,0.0,2,2,2,2,2,2,0,1,1,1,1,0,1.022,0,2,1.022,0.325,0,-1,-1,-1,4.144,3.712,6.082,184,0,192,64,0,106,0,104,0,160,64,0,100,255,53,0,0,0,0,100,137,37,0,0,0,0,102,156,96,80,139,216,3,0,104,112,188,0,0,106,0,255,80,28,139,204,141,160,112,188,0,0,137,97,46,104,0,0,64,0,81,139,124,36,3.0,7.0,5.0,0.714,-1,1,20.0,0
0,0,0,0,0,0,0,0,0,4194304,4096,4,0,86016,38912,1024,22016,0,1048576,4096,4096,0,3,0.0,2,2,2,2,2,2,0,1,1,1,1,0,1.04,0,2,1.04,0.45,0,-1,-1,-1,4.525,4.621,6.017,184,0,48,65,0,106,0,104,81,211,64,0,100,255,53,0,0,0,0,100,137,37,0,0,0,0,102,156,96,80,139,216,3,0,104,112,188,0,0,106,0,255,80,28,139,204,141,160,112,188,0,0,137,97,46,104,0,0,64,0,81,139,124,36,10.0,14.0,5.0,0.357,-1,1,124.0,0
0,0,0,0,0,0,0,0,277899,4194304,4096,4,0,348160,151552,1024,184320,0,1048576,4096,4096,0,4,0.0,2,3,2,2,3,2,0,1,1,1,1,0,1.036,0,3,1.036,0.4,0,-1,-1,-1,4.675,4.444,6.034,184,0,48,69,0,106,0,104,10,83,66,0,100,255,53,0,0,0,0,100,137,37,0,0,0,0,102,156,96,80,139,216,3,0,104,112,188,0,0,106,0,255,80,28,139,204,141,160,112,188,0,0,137,97,46,104,0,0,64,0,81,139,124,36,11.0,15.0,5.0,0.333,-1,1,246.0,0
0,0,0,0,0,0,0,0,593109,4194304,4096,4,0,360448,296960,1024,315904,24576,2097152,4096,4096,0,4,0.0,2,4,2,2,4,2,0,1,1,1,1,0,1.081,2,3,1.081,0.0,0,-1,-1,-1,3.174,3.52,5.912,184,0,96,69,0,106,0,104,160,161,68,0,100,255,53,0,0,0,0,100,137,37,0,0,0,0,102,156,96,80,139,216,3,0,104,112,188,0,0,106,0,255,80,28,139,204,141,160,112,188,0,0,137,97,46,104,0,0,64,0,81,139,124,36,5.0,9.0,5.0,0.556,-1,1,-1,0
0,0,0,0,0,0,0,0,280941,4194304,4096,4,0,249856,77824,1024,159744,0,1048576,4096,4096,0,4,0.0,2,3,2,2,3,2,0,1,1,1,1,0,1.044,0,3,1.044,0.542,0,-1,-1,-1,4.544,5.432,6.008,184,0,176,67,0,106,0,104,250,51,65,0,100,255,53,0,0,0,0,100,137,37,0,0,0,0,102,156,96,80,139,216,3,0,104,112,188,0,0,106,0,255,80,28,139,204,141,160,112,188,0,0,137,97,46,104,0,0,64,0,81,139,124,36,10.0,14.0,5.0,0.357,-1,1,120.0,0
0,0,0,0,0,0,0,0,0,4194304,4096,4,0,4644864,3571712,1536,286720,0,2097152,262144,4096,0,10,0.0,2,7,2,2,7,2,0,1,1,1,1,0,1.031,2,9,1.031,0.0,0,-1,-1,-1,2.033,5.889,6.013,184,0,192,134,0,106,0,104,0,242,122,0,100,255,53,0,0,0,0,100,137,37,0,0,0,0,102,156,96,80,139,216,3,0,104,112,188,0,0,106,0,255,80,28,139,204,141,160,112,188,0,0,137,97,46,104,0,0,64,0,81,139,124,36,23.0,20.0,5.0,0.25,-1,1,516.0,0
0,0,0,0,0,0,0,0,995140,4194304,4096,5,0,1462272,635904,1024,777728,0,4194304,4096,4096,0,3,0.0,2,2,2,2,2,2,0,1,1,1,1,0,1.017,0,2,1.017,0.433,0,-1,-1,-1,4.658,4.439,6.097,184,0,48,86,0,106,0,104,165,248,75,0,100,255,53,0,0,0,0,100,137,37,0,0,0,0,102,156,96,80,139,216,3,0,104,112,188,0,0,106,0,255,80,28,139,204,141,160,112,188,0,0,137,97,46,104,0,0,64,0,81,139,124,36,13.0,17.0,5.0,0.294,-1,1,154.0,0
0,0,0,0,0,0,0,0,94877,4194304,4096,4,0,69632,25600,1024,32256,3072,2097152,4096,4096,0,5,0.0,2,5,2,2,5,2,0,1,1,1,1,0,1.01,2,4,1.01,0.0,0,-1,-1,-1,3.021,3.489,6.11,184,0,240,64,0,106,0,104,40,128,64,0,100,255,53,0,0,0,0,100,137,37,0,0,0,0,102,156,96,80,139,216,3,0,104,112,188,0,0,106,0,255,80,28,139,204,141,160,112,188,0,0,137,97,46,104,0,0,64,0,81,139,124,36,3.0,7.0,5.0,0.714,-1,1,-1,0
0,0,0,0,0,0,0,0,0,4194304,4096,4,0,90112,45056,1024,32768,0,1048576,4096,4096,0,3,0.0,2,2,2,2,2,2,0,1,1,1,1,0,1.075,0,2,1.075,0.375,0,-1,-1,-1,4.636,4.133,5.917,184,0,64,65,0,106,0,104,127,232,64,0,100,255,53,0,0,0,0,100,137,37,0,0,0,0,102,156,96,80,139,216,3,0,104,112,188,0,0,106,0,255,80,28,139,204,141,160,112,188,0,0,137,97,46,104,0,0,64,0,81,139,124,36,6.0,10.0,5.0,0.5,-1,1,60.0,0
0,0,0,0,0,0,0,0,169803,4194304,4096,4,0,155648,20480,1024,122880,0,1048576,4096,4096,0,3,0.0,2,3,2,2,3,2,0,1,1,1,1,0,1.004,0,2,1.004,0.583,0,-1,-1,-1,4.515,5.651,6.141,184,0,64,66,0,106,0,104,169,107,64,0,100,255,53,0,0,0,0,100,137,37,0,0,0,0,102,156,96,80,139,216,3,0,104,112,188,0,0,106,0,255,80,28,139,204,141,160,112,188,0,0,137,97,46,104,0,0,64,0,81,139,124,36,5.0,9.0,5.0,0.556,-1,1,-1,0
0,0,0,0,0,0,0,0,1052363,4194304,4096,5,0,1081344,641536,1024,392704,0,4194304,4096,4096,0,3,0.0,2,2,2,2,2,2,0,1,1,1,1,0,1.014,0,2,1.014,0.44,0,-1,-1,-1,4.486,4.929,6.116,184,0,96,80,0,106,0,104,0,66,76,0,100,255,53,0,0,0,0,100,137,37,0,0,0,0,102,156,96,80,139,216,3,0,104,112,188,0,0,106,0,255,80,28,139,204,141,160,112,188,0,0,137,97,46,104,0,0,64,0,81,139,124,36,13.0,17.0,5.0,0.294,-1,1,102.0,0
0,0,0,0,0,0,0,0,0,4194304,4096,4,0,1040384,808448,1024,198656,0,1048576,16384,4096,0,8,0.0,2,6,2,2,6,2,0,1,1,1,1,0,1.043,4,6,1.043,0.0,0,-1,-1,-1,2.589,4.405,5.986,184,0,192,79,0,106,0,104,196,146,76,0,100,255,53,0,0,0,0,100,137,37,0,0,0,0,102,156,96,80,139,216,3,0,104,112,188,0,0,106,0,255,80,28,139,204,141,160,112,188,0,0,137,97,46,104,0,0,64,0,81,139,124,36,18.0,22.0,5.0,0.227,-1,1,364.0,0
0,0,0,0,0,0,0,0,2130381,4194304,4096,5,0,2674688,1493504,1024,594944,0,1048576,16384,4096,0,9,0.0,2,7,2,2,7,2,0,1,1,1,1,0,1.063,4,8,1.063,0.0,0,-1,-1,-1,2.74,3.794,5.904,184,0,176,104,0,106,0,104,56,180,87,0,100,255,53,0,0,0,0,100,137,37,0,0,0,0,102,156,96,80,139,216,3,0,104,112,188,0,0,106,0,255,80,28,139,204,141,160,112,188,0,0,137,97,46,104,0,0,64,0,81,139,124,36,24.0,28.0,5.0,0.179,-1,1,368.0,0
0,0,0,0,0,0,0,0,0,4194304,4096,4,0,126976,56320,1024,45568,0,1048576,4096,4096,0,3,0.0,2,2,2,2,2,2,0,1,1,1,1,0,1.041,0,2,1.041,0.46,0,-1,-1,-1,4.542,4.588,6.015,184,0,208,65,0,106,0,104,117,59,65,0,100,255,53,0,0,0,0,100,137,37,0,0,0,0,102,156,96,80,139,216,3,0,104,112,188,0,0,106,0,255,80,28,139,204,141,160,112,188,0,0,137,97,46,104,0,0,64,0,81,139,124,36,10.0,14.0,5.0,0.357,-1,1,174.0,0
0,0,0,0,0,0,0,0,3232023,4194304,4096,4,0,5029888,2437120,1024,3199488,1800704,2097152,4096,4096,0,6,0.0,2,5,2,2,5,2,0,1,1,1,1,0,1.076,2,5,1.076,0.0,0,-1,-1,-1,3.051,3.043,5.938,184,0,160,140,0,106,0,104,136,194,112,0,100,255,53,0,0,0,0,100,137,37,0,0,0,0,102,156,96,80,139,216,3,0,104,112,188,0,0,106,0,255,80,28,139,204,141,160,112,188,0,0,137,97,46,104,0,0,64,0,81,139,124,36,5.0,9.0,5.0,0.556,-1,1,-1,0
0,0,0,0,0,0,0,0,357660,4194304,4096,4,0,389120,151552,1024,221696,0,1048576,4096,4096,0,3,0.0,2,2,2,2,2,2,0,1,1,1,1,0,1.009,0,2,1.009,0.271,0,-1,-1,-1,3.407,3.879,6.123,184,0,208,69,0,106,0,104,84,187,66,0,100,255,53,0,0,0,0,100,137,37,0,0,0,0,102,156,96,80,139,216,3,0,104,112,188,0,0,106,0,255,80,28,139,204,141,160,112,188,0,0,137,97,46,104,0,0,64,0,81,139,124,36,13.0,17.0,5.0,0.294,-1,1,148.0,0
0,0,0,0,0,0,0,0,3874548,4194304,4096,4,0,4132864,3373568,1024,3821568,285184,2097152,4096,4096,0,5,0.0,2,5,2,2,5,2,0,1,1,1,1,0,1.035,2,4,1.035,0.0,0,-1,-1,-1,3.094,3.273,6.051,184,0,240,126,0,106,0,104,136,164,118,0,100,255,53,0,0,0,0,100,137,37,0,0,0,0,102,156,96,80,139,216,3,0,104,112,188,0,0,106,0,255,80,28,139,204,141,160,112,188,0,0,137,97,46,104,0,0,64,0,81,139,124,36,10.0,14.0,5.0,0.357,-1,1,42.0,0
0,0,0,0,0,0,0,0,102337,4194304,4096,4,0,106496,43520,1024,38912,0,1048576,4096,4096,0,3,0.0,2,2,2,2,2,2,0,1,1,1,1,0,1.049,0,2,1.049,0.461,0,-1,-1,-1,4.685,4.651,5.999,184,0,128,65,0,106,0,104,159,235,64,0,100,255,53,0,0,0,0,100,137,37,0,0,0,0,102,156,96,80,139,216,3,0,104,112,188,0,0,106,0,255,80,28,139,204,141,160,112,188,0,0,137,97,46,104,0,0,64,0,81,139,124,36,9.0,13.0,5.0,0.385,-1,1,136.0,0
0,0,0,0,0,0,0,0,150441,4194304,4096,4,0,110592,47616,1024,36352,0,1048576,4096,4096,0,3,0.0,2,2,2,2,2,2,0,1,1,1,1,0,1.049,0,2,1.049,0.451,0,-1,-1,-1,4.629,4.659,5.997,184,0,144,65,0,106,0,104,129,1,65,0,100,255,53,0,0,0,0,100,137,37,0,0,0,0,102,156,96,80,139,216,3,0,104,112,188,0,0,106,0,255,80,28,139,204,141,160,112,188,0,0,137,97,46,104,0,0,64,0,81,139,124,36,9.0,13.0,5.0,0.385,-1,1,124.0,0
0,0,0,0,1,0,0,0,0,4194304,4096,4,0,36864,3072,1024,15872,0,1048576,4096,4096,0,3,0.0,2,2,2,2,2,2,0,1,1,1,1,0,1.018,0,2,1.018,0.292,0,-1,-1,-1,4.123,4.106,6.092,184,0,112,64,0,106,0,104,0,44,64,0,100,255,53,0,0,0,0,100,137,37,0,0,0,0,102,156,96,80,139,216,3,0,104,112,188,0,0,106,0,255,80,28,139,204,141,160,112,188,0,0,137,97,46,104,0,0,64,0,81,139,124,36,3.0,7.0,5.0,0.714,-1,1,36.0,0
0,0,0,0,0,0,0,0,0,4194304,4096,5,0,929792,645632,512,211456,0,4194304,28672,4096,0,3,0.0,2,3,2,2,3,2,0,1,1,1,1,0,1.046,0,2,1.046,0.368,0,-1,-1,-1,2.868,3.906,5.988,184,0,16,78,0,106,0,104,0,6,69,0,100,255,53,0,0,0,0,100,137,37,0,0,0,0,102,156,96,80,139,216,3,0,104,112,188,0,0,106,0,255,80,28,139,204,141,160,112,188,0,0,137,97,46,104,0,0,64,0,81,139,124,36,13.0,6.0,5.0,0.833,-1,1,93.0,0
0,0,0,0,0,0,0,0,209146,4194304,4096,4,0,159744,24576,1024,122880,0,1048576,4096,4096,0,3,0.0,2,3,2,2,3,2,0,1,1,1,1,0,1.056,0,2,1.056,0.589,0,-1,-1,-1,4.458,5.66,5.973,184,0,80,66,0,106,0,104,88,106,64,0,100,255,53,0,0,0,0,100,137,37,0,0,0,0,102,156,96,80,139,216,3,0,104,112,188,0,0,106,0,255,80,28,139,204,141,160,112,188,0,0,137,97,46,104,0,0,64,0,81,139,124,36,9.0,13.0,5.0,0.385,-1,1,-1,0
0,0,0,0,0,0,0,0,224466,4194304,4096,4,0,180224,28672,1024,139264,0,1048576,4096,4096,0,3,0.0,2,2,2,2,2,2,0,1,1,1,1,0,1.025,0,2,1.025,0.24,0,-1,-1,-1,4.59,2.99,6.068,184,0,160,66,0,106,0,104,143,169,64,0,100,255,53,0,0,0,0,100,137,37,0,0,0,0,102,156,96,80,139,216,3,0,104,112,188,0,0,106,0,255,80,28,139,204,141,160,112,188,0,0,137,97,46,104,0,0,64,0,81,139,124,36,12.0,16.0,5.0,0.312,-1,1,140.0,0
0,0,0,0,0,0,0,0,0,4194304,4096,4,0,245760,145408,1024,80384,0,1048576,4096,4096,0,3,0.0,2,2,2,2,2,2,0,1,1,1,1,0,1.033,0,2,1.033,0.444,0,-1,-1,-1,4.742,4.565,6.051,184,0,160,67,0,106,0,104,163,200,66,0,100,255,53,0,0,0,0,100,137,37,0,0,0,0,102,156,96,80,139,216,3,0,104,112,188,0,0,106,0,255,80,28,139,204,141,160,112,188,0,0,137,97,46,104,0,0,64,0,81,139,124,36,11.0,15.0,5.0,0.333,-1,1,248.0,0
0,0,0,0,0,0,0,0,0,4194304,4096,4,0,258048,155648,1024,82432,0,1048576,4096,4096,0,3,0.0,2,2,2,2,2,2,0,1,1,1,1,0,1.033,0,2,1.033,0.44,0,-1,-1,-1,4.753,4.547,6.045,184,0,208,67,0,106,0,104,39,243,66,0,100,255,53,0,0,0,0,100,137,37,0,0,0,0,102,156,96,80,139,216,3,0,104,112,188,0,0,106,0,255,80,28,139,204,141,160,112,188,0,0,137,97,46,104,0,0,64,0,81,139,124,36,11.0,15.0,5.0,0.333,-1,1,248.0,0
0,0,0,0,0,0,0,0,0,4194304,4096,4,0,524288,398336,1024,103936,0,1048576,4096,4096,0,3,0.0,2,2,2,2,2,2,0,1,1,1,1,0,1.01,0,2,1.01,0.238,0,-1,-1,-1,4.527,4.289,6.13,184,0,224,71,0,106,0,104,0,72,71,0,100,255,53,0,0,0,0,100,137,37,0,0,0,0,102,156,96,80,139,216,3,0,104,112,188,0,0,106,0,255,80,28,139,204,141,160,112,188,0,0,137,97,46,104,0,0,64,0,81,139,124,36,4.0,8.0,5.0,0.625,-1,1,8.0,0
0,0,0,0,0,0,0,0,0,4194304,4096,4,0,106496,65536,1024,28672,0,1048576,4096,4096,0,3,0.0,2,2,2,2,2,2,0,1,1,1,1,0,1.077,0,2,1.077,0.232,0,-1,-1,-1,4.578,4.321,5.919,184,0,128,65,0,106,0,104,165,68,65,0,100,255,53,0,0,0,0,100,137,37,0,0,0,0,102,156,96,80,139,216,3,0,104,112,188,0,0,106,0,255,80,28,139,204,141,160,112,188,0,0,137,97,46,104,0,0,64,0,81,139,124,36,6.0,10.0,5.0,0.5,-1,1,8.0,0
0,0,0,0,0,0,0,0,1487735,4194304,4096,5,0,5980160,4175872,1024,1196032,0,1048576,16384,4096,2,0,1.0,2,2,2,2,2,2,0,1,0,0,0,0,0.237,0,2,0.964,0.237,0,7.969,-1,5.165,2.456,2.698,7.969,184,220,58,155,0,80,100,255,53,0,0,0,0,100,137,37,0,0,0,0,51,192,137,8,80,69,67,111,109,112,97,99,116,50,0,19,95,172,147,246,218,14,73,184,136,112,185,127,2,228,212,235,122,103,169,140,99,51,207,16,221,120,145,242,15.0,17.0,5.0,0.294,-1,1,675.0,0
0,0,0,0,0,0,0,0,99943,4194304,4096,4,0,122880,54272,1024,35328,0,1048576,4096,4096,2,0,1.0,2,2,2,2,2,2,0,1,0,0,0,0,0.356,0,2,0.958,0.356,0,7.961,-1,6.128,4.225,4.707,7.961,184,204,220,65,0,80,100,255,53,0,0,0,0,100,137,37,0,0,0,0,51,192,137,8,80,69,67,111,109,112,97,99,116,50,0,94,21,174,46,115,124,236,197,229,107,31,43,133,200,34,212,188,42,42,196,18,228,170,205,86,166,96,131,252,1.0,3.0,4.0,1.333,-1,1,110.0,0
0,0,0,0,0,0,0,0,130158,4194304,4096,4,0,237568,147456,1024,51712,0,1048576,4096,4096,2,0,1.0,2,2,2,2,2,2,0,1,0,0,0,0,0.403,0,2,0.781,0.403,0,7.962,-1,5.548,4.141,4.552,7.962,184,180,144,67,0,80,100,255,53,0,0,0,0,100,137,37,0,0,0,0,51,192,137,8,80,69,67,111,109,112,97,99,116,50,0,94,21,174,46,115,124,236,197,229,107,31,43,133,200,34,212,188,42,42,196,19,76,186,67,167,151,50,181,245,10.0,12.0,4.0,0.333,-1,1,148.0,0
0,0,0,0,0,0,0,1,818690,4194304,4096,5,0,3219456,1314304,1024,1852416,0,1048576,4096,4096,2,0,1.0,2,2,2,2,2,2,0,1,0,0,0,0,0.241,0,2,0.966,0.241,0,7.968,-1,3.791,4.21,2.724,7.968,184,200,23,113,0,80,100,255,53,0,0,0,0,100,137,37,0,0,0,0,51,192,137,8,80,69,67,111,109,112,97,99,116,50,0,233,112,45,204,139,93,188,128,4,156,135,115,216,177,135,158,255,61,187,220,225,53,65,248,24,183,81,219,65,12.0,14.0,4.0,0.286,-1,1,1528.0,0
0,0,0,0,0,0,0,0,106145,4194304,4096,4,0,110592,52736,1024,31232,0,1048576,4096,4096,2,0,1.0,2,2,2,2,2,2,0,1,0,0,0,0,0.37,0,2,0.958,0.37,0,7.954,-1,4.952,4.32,4.359,7.954,184,152,172,65,0,80,100,255,53,0,0,0,0,100,137,37,0,0,0,0,51,192,137,8,80,69,67,111,109,112,97,99,116,50,0,94,21,174,46,115,124,236,197,229,107,31,43,133,200,34,212,188,42,42,196,19,9,16,56,191,159,32,190,83,1.0,3.0,4.0,1.333,-1,1,119.0,0
0,0,0,0,0,0,0,0,88205,4194304,4096,4,0,147456,76800,1024,40960,0,1048576,4096,4096,2,0,1.0,2,2,2,2,2,2,0,1,0,0,0,0,0.371,0,2,0.708,0.371,0,7.96,-1,5.627,4.112,4.518,7.96,184,8,48,66,0,80,100,255,53,0,0,0,0,100,137,37,0,0,0,0,51,192,137,8,80,69,67,111,109,112,97,99,116,50,0,173,171,179,227,191,49,167,228,32,221,8,231,223,16,179,36,121,255,120,98,52,29,73,229,83,101,220,63,160,1.0,3.0,4.0,1.333,-1,1,155.0,0
0,0,0,0,0,0,0,0,63729,4194304,4096,4,0,143360,58368,1024,52736,0,1048576,4096,4096,2,0,1.0,2,2,2,2,2,2,0,1,0,0,0,0,0.363,0,1,1.0,0.363,0,7.96,-1,5.852,4.226,4.62,7.96,184,136,46,66,0,80,100,255,53,0,0,0,0,100,137,37,0,0,0,0,51,192,137,8,80,69,67,111,109,112,97,99,116,50,0,94,21,174,46,115,124,236,197,229,107,31,43,133,200,34,212,188,42,42,196,18,210,191,217,235,223,160,139,96,1.0,3.0,4.0,1.333,-1,1,146.0,0
0,0,0,0,0,0,0,1,135059,4194304,4096,5,0,327680,237568,1024,55296,0,1048576,4096,4096,2,0,1.0,2,2,2,2,2,2,0,1,0,0,0,0,0.375,0,2,0.708,0.375,0,7.966,-1,6.035,4.116,4.094,7.966,184,252,240,68,0,80,100,255,53,0,0,0,0,100,137,37,0,0,0,0,51,192,137,8,80,69,67,111,109,112,97,99,116,50,0,168,224,58,17,167,87,211,197,169,20,240,254,219,47,120,60,69,119,165,216,11,180,87,121,71,141,113,176,67,13.0,15.0,4.0,0.267,-1,1,96.0,0
0,0,0,0,0,0,0,1,145629,4194304,4096,5,0,221184,133120,1024,59392,0,1048576,4096,4096,2,0,1.0,2,2,2,2,2,2,0,1,0,0,0,0,0.373,0,1,1.0,0.373,0,7.964,-1,5.935,4.273,4.165,7.964,184,48,95,67,0,80,100,255,53,0,0,0,0,100,137,37,0,0,0,0,51,192,137,8,80,69,67,111,109,112,97,99,116,50,0,132,181,137,149,235,92,72,220,205,225,117,111,211,214,211,25,147,155,20,110,166,231,85,113,93,183,50,221,104,12.0,14.0,4.0,0.286,-1,1,101.0,0
0,0,0,0,0,0,0,0,67307,4194304,4096,4,0,131072,54784,1024,39936,0,1048576,4096,4096,2,0,1.0,2,2,2,2,2,2,0,1,0,0,0,0,0.352,0,2,0.812,0.352,0,7.962,-1,5.639,4.235,4.549,7.962,184,64,241,65,0,80,100,255,53,0,0,0,0,100,137,37,0,0,0,0,51,192,137,8,80,69,67,111,109,112,97,99,116,50,0,94,21,174,46,115,124,236,197,229,107,31,43,133,200,34,212,188,42,42,196,19,88,224,44,135,208,65,147,83,11.0,13.0,4.0,0.308,-1,1,140.0,0
0,0,0,0,0,0,0,1,336292,4194304,4096,5,0,569344,4096,1024,2048,0,1048576,4096,4096,2,0,1.0,2,2,2,2,2,2,0,1,0,0,0,0,0.011,0,2,0.994,0.011,0,7.817,-1,2.644,4.068,4.13,7.817,184,52,168,72,0,80,100,255,53,0,0,0,0,100,137,37,0,0,0,0,51,192,137,8,80,69,67,111,109,112,97,99,116,50,0,70,112,35,100,213,80,171,93,60,70,176,227,195,208,108,199,58,48,65,148,143,42,12,115,178,134,35,182,142,4.0,6.0,5.0,0.833,-1,1,26.0,0
0,0,0,0,0,0,0,0,52468,4194304,4096,4,0,90112,40960,1024,23552,0,1048576,4096,4096,2,0,1.0,2,2,2,2,2,2,0,1,0,0,0,0,0.355,0,1,1.0,0.355,0,7.956,-1,5.856,4.167,4.921,7.956,184,236,94,65,0,80,100,255,53,0,0,0,0,100,137,37,0,0,0,0,51,192,137,8,80,69,67,111,109,112,97,99,116,50,0,202,106,206,167,153,152,106,205,156,169,221,231,248,96,187,57,50,229,151,251,6,190,11,113,244,255,12,219,243,11.0,13.0,4.0,0.308,-1,1,137.0,0
0,0,1,0,0,0,0,1,57328,4194304,4096,5,1,147456,64512,1024,62464,0,1048576,4096,4096,2,0,1.0,2,2,2,2,2,2,0,1,0,0,0,0,0.337,0,2,0.625,0.337,0,7.96,-1,6.76,4.31,4.483,7.96,184,196,49,66,0,80,100,255,53,0,0,0,0,100,137,37,0,0,0,0,51,192,137,8,80,69,67,111,109,112,97,99,116,50,0,93,238,143,144,108,8,82,132,224,122,193,29,73,52,111,145,219,162,150,91,119,146,81,146,85,94,54,16,25,1.0,3.0,4.0,1.333,-1,1,14.0,0
0,0,0,0,0,0,0,1,73768,4194304,4096,5,0,94208,4096,1024,2048,0,1048576,4096,4096,2,0,1.0,2,2,2,2,2,2,0,1,0,0,0,0,0.073,0,2,0.962,0.073,0,7.255,-1,6.693,4.087,7.468,7.255,184,148,104,65,0,80,100,255,53,0,0,0,0,100,137,37,0,0,0,0,51,192,137,8,80,69,67,111,109,112,97,99,116,50,0,0,0,0,0,0,0,0,0,0,0,0,0,0,0,0,0,0,0,0,0,0,0,0,0,0,0,0,0,0,4.0,6.0,5.0,0.833,-1,1,38.0,0
0,0,0,0,0,0,0,0,102461,4194304,4096,4,0,90112,45056,1024,32768,0,1048576,4096,4096,2,0,1.0,2,2,2,2,2,2,0,1,0,0,0,0,0.368,0,2,0.938,0.368,0,7.937,-1,5.698,4.293,4.939,7.937,184,204,91,65,0,80,100,255,53,0,0,0,0,100,137,37,0,0,0,0,51,192,137,8,80,69,67,111,109,112,97,99,116,50,0,173,171,179,227,191,49,167,228,32,220,251,51,143,249,23,174,54,79,82,238,46,124,183,55,162,65,23,228,66,1.0,3.0,4.0,1.333,-1,1,110.0,0
0,0,0,0,0,0,0,0,83143,4194304,4096,4,0,118784,58880,1024,35328,0,1048576,4096,4096,2,0,1.0,2,2,2,2,2,2,0,1,0,0,0,0,0.361,0,1,1.0,0.361,0,7.949,-1,5.992,4.254,4.306,7.949,184,252,206,65,0,80,100,255,53,0,0,0,0,100,137,37,0,0,0,0,51,192,137,8,80,69,67,111,109,112,97,99,116,50,0,173,171,179,227,191,49,167,228,32,220,253,172,129,134,235,33,224,213,89,52,33,124,61,194,166,156,91,244,223,1.0,3.0,4.0,1.333,-1,1,128.0,0
0,0,0,0,0,0,0,0,102425,4194304,4096,4,0,106496,49152,1024,45056,0,1048576,4096,4096,2,0,1.0,2,2,2,2,2,2,0,1,0,0,0,0,0.364,0,1,1.0,0.364,0,7.959,-1,6.231,4.061,4.658,7.959,184,96,157,65,0,80,100,255,53,0,0,0,0,100,137,37,0,0,0,0,51,192,137,8,80,69,67,111,109,112,97,99,116,50,0,109,23,33,13,212,60,222,172,3,13,156,191,9,21,243,113,121,62,240,187,174,146,132,149,175,41,4,114,225,1.0,3.0,4.0,1.333,-1,1,41.0,0
0,0,0,0,0,0,0,0,105047,4194304,4096,4,0,270336,94208,1024,163840,0,1048576,4096,4096,2,0,1.0,2,2,2,2,2,2,0,1,0,0,0,0,0.278,0,2,0.875,0.278,0,7.961,-1,5.754,4.414,3.314,7.961,184,172,25,68,0,80,100,255,53,0,0,0,0,100,137,37,0,0,0,0,51,192,137,8,80,69,67,111,109,112,97,99,116,50,0,216,44,113,147,135,141,233,35,3,194,131,205,237,55,186,96,220,242,13,248,94,72,14,131,217,12,189,198,72,11.0,13.0,4.0,0.308,-1,1,121.0,0
0,0,1,0,0,0,0,1,105737,4194304,4096,5,1,155648,69120,1024,65024,0,1048576,4096,4096,2,0,1.0,2,2,2,2,2,2,0,1,0,0,0,0,0.336,0,2,0.625,0.336,0,7.957,-1,6.737,4.336,4.427,7.957,184,160,81,66,0,80,100,255,53,0,0,0,0,100,137,37,0,0,0,0,51,192,137,8,80,69,67,111,109,112,97,99,116,50,0,130,75,82,204,184,231,101,88,149,137,133,55,160,96,164,242,167,163,70,159,93,54,33,27,215,188,234,45,197,1.0,3.0,4.0,1.333,-1,1,14.0,0
0,0,0,0,0,0,0,0,83159,4194304,4096,4,0,69632,49152,1024,12288,0,1048576,4096,4096,2,0,1.0,2,2,2,2,2,2,0,1,0,0,0,0,0.442,0,2,0.875,0.442,0,7.961,-1,7.398,4.153,4.461,7.961,184,96,12,65,0,80,100,255,53,0,0,0,0,100,137,37,0,0,0,0,51,192,137,8,80,69,67,111,109,112,97,99,116,50,0,10,101,64,66,137,215,151,64,39,223,28,78,154,231,224,161,28,217,88,0,51,27,151,101,110,165,66,83,123,1.0,3.0,4.0,1.333,-1,1,-1,0
0,0,1,0,0,0,0,1,99876,4194304,4096,5,1,131072,55296,1024,53760,0,1048576,4096,4096,2,0,1.0,2,2,2,2,2,2,0,1,0,0,0,0,0.345,0,2,0.625,0.345,0,7.95,-1,6.748,4.236,4.626,7.95,184,164,241,65,0,80,100,255,53,0,0,0,0,100,137,37,0,0,0,0,51,192,137,8,80,69,67,111,109,112,97,99,116,50,0,17,98,236,214,215,176,80,10,103,206,118,164,98,122,158,133,25,50,104,128,128,70,216,19,1,82,60,164,145,1.0,3.0,4.0,1.333,-1,1,14.0,0
0,0,0,0,0,0,0,0,100241,4194304,4096,4,0,98304,48128,1024,26112,0,1048576,4096,4096,2,0,1.0,2,2,2,2,2,2,0,1,0,0,0,0,0.369,0,2,0.938,0.369,0,7.959,-1,5.786,4.092,4.446,7.959,184,92,124,65,0,80,100,255,53,0,0,0,0,100,137,37,0,0,0,0,51,192,137,8,80,69,67,111,109,112,97,99,116,50,0,173,171,179,227,191,49,167,228,32,221,16,231,188,167,40,103,38,120,34,85,162,28,150,20,26,163,81,248,167,1.0,3.0,4.0,1.333,-1,1,131.0,0
0,0,0,0,0,0,0,0,116130,4194304,4096,4,0,217088,69632,1024,126976,0,1048576,4096,4096,2,0,1.0,2,2,2,2,2,2,0,1,0,0,0,0,0.287,0,2,0.625,0.287,0,7.967,-1,6.62,3.988,3.448,7.967,184,236,65,67,0,80,100,255,53,0,0,0,0,100,137,37,0,0,0,0,51,192,137,8,80,69,67,111,109,112,97,99,116,50,0,38,203,72,116,208,46,146,179,42,38,71,98,58,123,102,239,170,165,10,255,25,43,171,194,197,205,208,95,154,1.0,3.0,4.0,1.333,-1,1,19.0,0
0,0,1,0,0,0,0,1,79796,4194304,4096,5,1,204800,99840,1024,81920,0,1048576,4096,4096,2,0,1.0,2,2,2,2,2,2,0,1,0,0,0,0,0.319,0,2,0.625,0.319,0,7.966,-1,6.778,4.374,4.106,7.966,184,244,17,67,0,80,100,255,53,0,0,0,0,100,137,37,0,0,0,0,51,192,137,8,80,69,67,111,109,112,97,99,116,50,0,238,37,119,179,128,255,244,55,94,105,152,120,225,223,11,67,56,15,120,186,148,44,239,58,149,61,229,50,130,1.0,3.0,4.0,1.333,-1,1,14.0,0
0,0,1,0,0,0,0,1,93769,4194304,4096,5,1,167936,75776,1024,71168,0,1048576,4096,4096,2,0,1.0,2,2,2,2,2,2,0,1,0,0,0,0,0.332,0,2,0.625,0.332,0,7.955,-1,6.761,4.302,4.33,7.955,184,224,129,66,0,80,100,255,53,0,0,0,0,100,137,37,0,0,0,0,51,192,137,8,80,69,67,111,109,112,97,99,116,50,0,68,254,127,43,254,229,207,89,170,200,199,132,242,244,110,249,9,90,244,43,82,202,145,143,108,40,168,229,61,1.0,3.0,4.0,1.333,-1,1,14.0,0
0,0,0,0,0,0,0,1,115014,4194304,4096,5,0,200704,134656,1024,36352,0,1048576,4096,4096,2,0,1.0,2,2,2,2,2,2,0,1,0,0,0,0,0.364,0,2,0.625,0.364,0,7.963,-1,6.773,4.081,4.058,7.963,184,216,1,67,0,80,100,255,53,0,0,0,0,100,137,37,0,0,0,0,51,192,137,8,80,69,67,111,109,112,97,99,116,50,0,222,234,227,126,184,61,54,96,219,192,124,17,83,74,126,155,45,164,13,89,122,108,246,164,24,116,185,48,171,1.0,3.0,4.0,1.333,-1,1,14.0,0
0,0,1,0,0,0,0,1,82019,4194304,4096,5,1,167936,78336,1024,64512,0,1048576,4096,4096,2,0,1.0,2,2,2,2,2,2,0,1,0,0,0,0,0.336,0,2,0.625,0.336,0,7.961,-1,6.762,4.357,4.362,7.961,184,204,129,66,0,80,100,255,53,0,0,0,0,100,137,37,0,0,0,0,51,192,137,8,80,69,67,111,109,112,97,99,116,50,0,122,203,233,155,250,122,12,30,5,163,26,134,188,69,130,247,143,82,162,254,82,20,246,202,214,176,80,133,223,1.0,3.0,4.0,1.333,-1,1,14.0,0
0,0,1,0,0,0,0,1,82170,4194304,4096,5,1,192512,97280,1024,73728,0,1048576,4096,4096,2,0,1.0,2,2,2,2,2,2,0,1,0,0,0,0,0.347,0,2,0.625,0.347,0,7.962,-1,6.759,4.258,4.351,7.962,184,192,225,66,0,80,100,255,53,0,0,0,0,100,137,37,0,0,0,0,51,192,137,8,80,69,67,111,109,112,97,99,116,50,0,2,79,107,81,233,158,138,109,105,52,214,24,221,51,30,108,43,224,203,236,179,154,252,218,40,0,230,194,208,1.0,3.0,4.0,1.333,-1,1,14.0,0
0,0,1,0,0,0,0,1,134180,4194304,4096,5,1,299008,86528,1024,189952,0,1048576,4096,4096,2,0,1.0,2,2,2,2,2,2,0,1,0,0,0,0,0.275,0,2,0.625,0.275,0,7.964,-1,6.961,4.419,3.52,7.964,184,200,130,68,0,80,100,255,53,0,0,0,0,100,137,37,0,0,0,0,51,192,137,8,80,69,67,111,109,112,97,99,116,50,0,94,2,77,118,217,88,130,103,51,188,115,17,101,16,77,0,120,20,180,207,141,188,200,84,200,83,227,25,43,1.0,3.0,4.0,1.333,-1,1,19.0,0
0,0,1,0,0,0,0,1,112403,4194304,4096,5,1,356352,102912,1024,231936,0,1048576,4096,4096,2,0,1.0,2,2,2,2,2,2,0,1,0,0,0,0,0.256,0,2,0.688,0.256,0,7.966,-1,6.854,4.405,3.293,7.966,184,232,100,69,0,80,100,255,53,0,0,0,0,100,137,37,0,0,0,0,51,192,137,8,80,69,67,111,109,112,97,99,116,50,0,132,84,101,247,129,25,128,166,20,46,169,29,139,128,220,224,225,184,42,58,9,17,253,101,45,236,219,75,139,10.0,12.0,4.0,0.333,-1,1,19.0,0
0,0,1,0,0,0,0,1,89545,4194304,4096,5,1,159744,76800,1024,66048,0,1048576,4096,4096,2,0,1.0,2,2,2,2,2,2,0,1,0,0,0,0,0.347,0,2,0.625,0.347,0,7.965,-1,6.747,4.287,4.505,7.965,184,180,97,66,0,80,100,255,53,0,0,0,0,100,137,37,0,0,0,0,51,192,137,8,80,69,67,111,109,112,97,99,116,50,0,205,186,90,107,140,23,78,98,52,192,171,183,145,88,1,236,162,192,164,196,113,6,250,230,219,215,14,254,38,1.0,3.0,4.0,1.333,-1,1,14.0,0
0,0,0,0,0,0,0,1,145574,4194304,4096,5,0,909312,199168,1024,244224,0,1048576,4096,4096,2,0,1.0,2,2,2,2,2,2,0,1,0,0,0,0,0.149,0,2,0.708,0.149,0,7.967,-1,5.748,4.142,1.9,7.967,184,160,207,77,0,80,100,255,53,0,0,0,0,100,137,37,0,0,0,0,51,192,137,8,80,69,67,111,109,112,97,99,116,50,0,58,50,232,155,182,23,142,115,206,240,60,26,149,24,43,163,178,171,140,70,216,156,86,202,162,220,177,59,148,1.0,3.0,4.0,1.333,-1,1,146.0,0
0,0,1,0,0,0,0,1,84504,4194304,4096,5,1,225280,137216,1024,66560,0,1048576,4096,4096,2,0,1.0,2,2,2,2,2,2,0,1,0,0,0,0,0.329,0,2,0.625,0.329,0,7.963,-1,6.782,4.297,4.123,7.963,184,224,97,67,0,80,100,255,53,0,0,0,0,100,137,37,0,0,0,0,51,192,137,8,80,69,67,111,109,112,97,99,116,50,0,171,49,19,98,229,218,151,58,151,185,144,163,206,252,210,67,165,187,6,130,30,115,2,38,232,5,34,111,9,1.0,3.0,4.0,1.333,-1,1,14.0,0
0,0,0,0,0,0,0,0,512381,4194304,4096,4,0,1593344,1122304,1024,90112,0,1048576,8192,4096,2,0,1.0,2,2,2,2,2,2,0,1,0,0,0,0,0.277,0,2,0.938,0.277,0,7.967,-1,5.629,1.763,3.061,7.967,184,104,74,88,0,80,100,255,53,0,0,0,0,100,137,37,0,0,0,0,51,192,137,8,80,69,67,111,109,112,97,99,116,50,0,50,64,224,35,81,79,158,208,64,141,99,54,58,138,233,146,6,21,83,195,167,241,133,77,173,197,217,241,65,11.0,13.0,4.0,0.308,-1,1,184.0,0
0,0,0,0,0,0,0,0,86388,4194304,4096,4,0,98304,33280,512,33280,0,1048576,65536,4096,1,1,0.5,2,2,2,2,2,2,0,1,1,1,1,0,0.312,0,2,0.708,0.312,0,-1,-1,5.488,2.797,3.363,7.953,184,76,112,65,0,80,100,255,53,0,0,0,0,100,137,37,0,0,0,0,51,192,137,8,80,69,67,111,109,112,97,99,116,50,0,209,130,8,203,226,237,226,141,188,193,146,158,103,57,127,68,10,178,97,58,155,46,245,165,146,55,29,129,51,1.0,3.0,4.0,1.333,-1,1,77.0,0
0,0,0,0,0,0,0,0,65209,4194304,4096,4,0,364544,36864,1024,315392,0,1048576,4096,4096,2,0,1.0,2,2,2,2,2,2,0,1,0,0,0,0,0.141,0,2,0.812,0.141,0,7.96,-1,6.377,4.239,1.984,7.96,184,204,136,69,0,80,100,255,53,0,0,0,0,100,137,37,0,0,0,0,51,192,137,8,80,69,67,111,109,112,97,99,116,50,0,190,156,176,210,116,172,98,107,49,104,143,141,10,199,240,11,75,191,135,204,15,218,173,53,254,58,30,194,201,1.0,3.0,4.0,1.333,-1,1,54.0,0
0,0,1,0,0,0,0,1,198681,4194304,4096,5,1,483328,90112,1024,377856,0,1048576,4096,4096,2,0,1.0,2,2,2,2,2,2,0,1,0,0,0,0,0.318,0,2,0.625,0.318,0,7.967,-1,6.963,4.38,3.72,7.967,184,212,82,71,0,80,100,255,53,0,0,0,0,100,137,37,0,0,0,0,51,192,137,8,80,69,67,111,109,112,97,99,116,50,0,199,123,45,14,61,146,110,97,15,232,47,108,121,214,23,133,97,133,59,0,204,32,12,20,253,94,233,48,132,1.0,3.0,4.0,1.333,-1,1,22.0,0
0,0,0,0,0,0,0,0,102621,4194304,4096,4,0,143360,67584,1024,43520,0,1048576,4096,4096,2,0,1.0,2,2,2,2,2,2,0,1,0,0,0,0,0.367,0,2,0.812,0.367,0,7.965,-1,5.945,4.306,4.625,7.965,184,148,33,66,0,80,100,255,53,0,0,0,0,100,137,37,0,0,0,0,51,192,137,8,80,69,67,111,109,112,97,99,116,50,0,94,21,174,46,115,124,236,197,229,107,31,43,133,200,34,212,188,42,42,196,19,17,243,234,210,89,194,226,127,1.0,3.0,4.0,1.333,-1,1,149.0,0
0,0,0,0,0,0,0,0,106973,4194304,4096,4,0,114688,47104,1024,40960,0,1048576,4096,4096,2,0,1.0,2,2,2,2,2,2,0,1,0,0,0,0,0.365,0,1,1.0,0.365,0,7.96,-1,5.925,4.197,4.833,7.96,184,16,190,65,0,80,100,255,53,0,0,0,0,100,137,37,0,0,0,0,51,192,137,8,80,69,67,111,109,112,97,99,116,50,0,94,21,174,46,115,124,236,197,229,107,31,43,133,200,34,212,188,42,42,196,19,44,112,140,73,145,225,171,193,1.0,3.0,4.0,1.333,-1,1,128.0,0
0,0,1,0,0,0,0,1,84850,4194304,4096,5,1,159744,72192,1024,66048,0,1048576,4096,4096,2,0,1.0,2,2,2,2,2,2,0,1,0,0,0,0,0.344,0,2,0.625,0.344,0,7.958,-1,6.975,4.343,4.48,7.958,184,28,99,66,0,80,100,255,53,0,0,0,0,100,137,37,0,0,0,0,51,192,137,8,80,69,67,111,109,112,97,99,116,50,0,240,150,206,127,254,200,69,16,231,60,202,55,94,171,104,210,141,36,90,222,174,162,224,120,149,169,46,224,199,7.0,9.0,4.0,0.444,-1,1,14.0,0
0,0,0,0,0,0,0,0,93604,4194304,4096,4,0,135168,65536,1024,43008,0,1048576,4096,4096,2,0,1.0,2,2,2,2,2,2,0,1,0,0,0,0,0.358,0,2,0.958,0.358,0,7.948,-1,5.315,3.997,4.549,7.948,184,68,12,66,0,80,100,255,53,0,0,0,0,100,137,37,0,0,0,0,51,192,137,8,80,69,67,111,109,112,97,99,116,50,0,94,21,174,46,115,124,236,197,229,107,31,43,133,200,34,212,188,42,42,196,18,220,7,25,255,213,118,13,58,1.0,3.0,4.0,1.333,-1,1,148.0,0
0,0,0,0,0,0,0,0,220357,4194304,4096,4,0,528384,339456,1024,136192,0,524288,131072,4096,2,0,1.0,2,2,2,2,2,2,0,1,0,0,0,0,0.334,0,2,0.984,0.334,0,7.965,-1,5.965,4.537,3.719,7.965,184,92,12,72,0,80,100,255,53,0,0,0,0,100,137,37,0,0,0,0,51,192,137,8,80,69,67,111,109,112,97,99,116,50,0,243,45,238,31,67,157,201,59,4,87,92,203,124,254,2,176,84,178,59,208,177,4,210,113,169,242,156,97,39,11.0,13.0,4.0,0.308,-1,1,321.0,0
0,0,0,0,0,0,0,0,550473,4194304,4096,4,0,1708032,1332224,1024,321536,0,1048576,4096,4096,2,0,1.0,2,2,2,2,2,2,0,1,0,0,0,0,0.294,0,2,0.972,0.294,0,7.969,-1,4.439,4.39,3.303,7.969,184,92,9,90,0,80,100,255,53,0,0,0,0,100,137,37,0,0,0,0,51,192,137,8,80,69,67,111,109,112,97,99,116,50,0,158,5,108,78,117,57,216,123,109,126,132,0,75,37,255,184,180,172,94,194,63,37,42,160,135,48,169,213,243,1.0,3.0,4.0,1.333,-1,1,97.0,0
0,0,0,0,0,0,0,0,100977,4194304,4096,4,0,131072,55808,1024,44032,0,1048576,4096,4096,2,0,1.0,2,2,2,2,2,2,0,1,0,0,0,0,0.375,0,2,0.812,0.375,0,7.961,-1,5.623,4.152,4.712,7.961,184,56,242,65,0,80,100,255,53,0,0,0,0,100,137,37,0,0,0,0,51,192,137,8,80,69,67,111,109,112,97,99,116,50,0,94,21,174,46,115,124,236,197,229,107,31,43,133,200,34,212,188,42,42,196,19,0,76,107,173,23,74,111,121,1.0,3.0,4.0,1.333,-1,1,143.0,0
0,0,0,0,0,0,0,0,94462,4194304,4096,4,0,131072,62464,1024,36352,0,1048576,4096,4096,2,0,1.0,2,2,2,2,2,2,0,1,0,0,0,0,0.371,0,1,1.0,0.371,0,7.957,-1,5.566,4.316,4.704,7.957,184,184,254,65,0,80,100,255,53,0,0,0,0,100,137,37,0,0,0,0,51,192,137,8,80,69,67,111,109,112,97,99,116,50,0,94,21,174,46,115,124,236,197,229,107,31,43,133,200,34,212,188,42,42,196,19,65,55,44,247,44,197,181,138,10.0,12.0,4.0,0.333,-1,1,116.0,0
0,0,0,0,0,0,0,0,96644,4194304,4096,4,0,151552,20480,1024,122880,0,1048576,4096,4096,2,0,1.0,2,2,2,2,2,2,0,1,0,0,0,0,0.186,0,2,0.875,0.186,0,7.96,-1,7.431,4.147,2.717,7.96,184,100,76,66,0,80,100,255,53,0,0,0,0,100,137,37,0,0,0,0,51,192,137,8,80,69,67,111,109,112,97,99,116,50,0,118,222,121,39,76,218,140,1,241,233,120,32,141,59,250,168,121,126,228,77,52,37,177,89,96,132,110,137,60,1.0,3.0,4.0,1.333,-1,1,-1,0
0,0,0,0,0,0,0,0,44679,4194304,4096,4,0,86016,38912,1024,22016,0,1048576,4096,4096,2,0,1.0,2,2,2,2,2,2,0,1,0,0,0,0,0.361,0,1,1.0,0.361,0,7.957,-1,6.073,4.244,4.522,7.957,184,140,77,65,0,80,100,255,53,0,0,0,0,100,137,37,0,0,0,0,51,192,137,8,80,69,67,111,109,112,97,99,116,50,0,173,171,179,227,191,49,167,228,32,220,247,245,37,129,83,78,67,34,236,9,185,25,114,158,203,100,196,224,101,1.0,3.0,4.0,1.333,-1,1,104.0,0
0,0,0,0,0,0,0,1,269861,4194304,4096,5,0,1654784,206336,1024,1424384,0,1048576,4096,4096,2,0,1.0,2,2,2,2,2,2,0,1,0,0,0,0,0.136,0,2,0.833,0.136,0,7.968,-1,6.18,4.271,1.718,7.968,184,240,53,89,0,80,100,255,53,0,0,0,0,100,137,37,0,0,0,0,51,192,137,8,80,69,67,111,109,112,97,99,116,50,0,242,133,53,149,219,64,188,11,147,94,229,92,249,208,138,121,9,223,230,93,121,151,255,180,45,92,207,30,207,9.0,11.0,4.0,0.364,-1,1,68.0,0
0,0,0,0,0,0,0,0,120338,4194304,4096,4,0,249856,77824,1024,159744,0,1048576,4096,4096,2,0,1.0,2,2,2,2,2,2,0,1,0,0,0,0,0.248,0,1,1.0,0.248,0,7.963,-1,5.861,4.428,3.118,7.963,184,224,205,67,0,80,100,255,53,0,0,0,0,100,137,37,0,0,0,0,51,192,137,8,80,69,67,111,109,112,97,99,116,50,0,10,48,148,23,222,137,22,29,45,247,92,39,235,46,182,60,46,47,106,213,175,123,106,133,160,104,0,9,1,10.0,12.0,4.0,0.333,-1,1,100.0,0
0,0,0,0,0,0,0,1,202168,4194304,4096,5,0,573440,206848,1024,253440,0,1048576,4096,4096,2,0,1.0,2,2,2,2,2,2,0,1,0,0,0,0,0.261,0,2,0.75,0.261,0,7.966,-1,5.897,4.198,3.036,7.966,184,48,179,72,0,80,100,255,53,0,0,0,0,100,137,37,0,0,0,0,51,192,137,8,80,69,67,111,109,112,97,99,116,50,0,7,31,99,56,218,246,242,207,42,220,54,171,22,31,123,46,43,103,116,77,50,103,120,68,144,99,147,233,222,1.0,3.0,4.0,1.333,-1,1,171.0,0
0,0,0,0,0,0,0,0,53056,4194304,4096,4,0,90112,45056,1024,32768,0,1048576,4096,4096,2,0,1.0,2,2,2,2,2,2,0,1,0,0,0,0,0.27,0,2,0.75,0.27,0,7.91,-1,6.013,4.326,3.034,7.91,184,188,86,65,0,80,100,255,53,0,0,0,0,100,137,37,0,0,0,0,51,192,137,8,80,69,67,111,109,112,97,99,116,50,0,231,245,71,76,105,209,175,69,180,148,179,140,118,179,194,176,176,213,149,221,90,78,149,27,250,54,12,242,111,1.0,3.0,4.0,1.333,-1,1,53.0,0
0,0,0,0,0,0,0,0,36830,4194304,4096,4,0,151552,20480,1024,122880,0,1048576,4096,4096,2,0,1.0,2,2,2,2,2,2,0,1,0,0,0,0,0.189,0,2,0.875,0.189,0,7.959,-1,7.431,4.157,2.75,7.959,184,100,76,66,0,80,100,255,53,0,0,0,0,100,137,37,0,0,0,0,51,192,137,8,80,69,67,111,109,112,97,99,116,50,0,41,24,39,2,111,4,46,205,100,187,198,90,98,139,158,239,87,78,146,69,2,228,6,231,174,248,34,150,238,1.0,3.0,4.0,1.333,-1,1,-1,0
0,0,0,0,0,0,0,1,1060660,4194304,4096,5,0,3342336,1161216,1024,2016256,0,1048576,4096,4096,2,0,1.0,2,2,2,2,2,2,0,1,0,0,0,0,0.287,0,2,0.985,0.287,0,7.968,-1,5.827,4.569,3.332,7.968,184,104,245,114,0,80,100,255,53,0,0,0,0,100,137,37,0,0,0,0,51,192,137,8,80,69,67,111,109,112,97,99,116,50,0,143,23,52,123,126,112,90,222,68,77,31,4,62,156,231,52,188,80,69,239,172,124,198,66,94,19,107,78,120,12.0,14.0,4.0,0.286,-1,1,742.0,0
0,0,1,0,0,0,0,1,125735,4194304,4096,5,1,466944,162304,1024,283648,0,1048576,4096,4096,2,0,1.0,2,2,2,2,2,2,0,1,0,0,0,0,0.184,0,2,0.625,0.184,0,7.963,-1,6.74,4.443,2.506,7.963,184,132,17,71,0,80,100,255,53,0,0,0,0,100,137,37,0,0,0,0,51,192,137,8,80,69,67,111,109,112,97,99,116,50,0,38,225,132,131,80,253,82,145,123,75,107,95,144,96,225,26,168,1,108,195,225,209,3,191,142,160,181,103,93,1.0,3.0,4.0,1.333,-1,1,14.0,0
0,0,0,0,0,0,0,0,78247,4194304,4096,4,0,163840,24576,1024,126976,0,1048576,4096,4096,2,0,1.0,2,2,2,2,2,2,0,1,0,0,0,0,0.199,0,2,0.562,0.199,0,7.937,-1,6.694,4.194,2.749,7.937,184,220,112,66,0,80,100,255,53,0,0,0,0,100,137,37,0,0,0,0,51,192,137,8,80,69,67,111,109,112,97,99,116,50,0,222,246,72,63,191,112,163,157,18,189,31,145,45,68,103,173,170,35,182,224,203,178,212,235,241,65,145,22,43,1.0,3.0,4.0,1.333,-1,1,24.0,0
0,0,0,0,0,0,0,0,78393,4194304,4096,4,0,131072,56320,1024,45568,0,1048576,4096,4096,2,0,1.0,2,2,2,2,2,2,0,1,0,0,0,0,0.348,0,2,0.875,0.348,0,7.951,-1,5.458,4.187,4.135,7.951,184,220,247,65,0,80,100,255,53,0,0,0,0,100,137,37,0,0,0,0,51,192,137,8,80,69,67,111,109,112,97,99,116,50,0,94,21,174,46,115,124,236,197,229,107,31,43,133,200,34,212,188,42,42,196,19,66,87,78,6,192,201,2,181,1.0,3.0,4.0,1.333,-1,1,142.0,0
0,0,0,0,0,0,0,0,52173,4194304,4096,4,0,155648,24576,1024,122880,0,1048576,4096,4096,2,0,1.0,2,2,2,2,2,2,0,1,0,0,0,0,0.198,0,1,1.0,0.198,0,7.95,-1,7.166,4.136,2.813,7.95,184,0,94,66,0,80,100,255,53,0,0,0,0,100,137,37,0,0,0,0,51,192,137,8,80,69,67,111,109,112,97,99,116,50,0,185,179,213,53,122,92,119,183,49,84,139,233,135,59,240,150,179,6,170,8,227,169,249,101,200,172,74,1,252,9.0,11.0,4.0,0.364,-1,1,-1,0
0,0,0,0,0,0,0,1,215270,4194304,4096,5,0,516096,323584,1024,148480,0,1048576,4096,4096,2,0,1.0,2,2,2,2,2,2,0,1,0,0,0,0,0.304,0,2,0.854,0.304,0,7.967,-1,5.173,4.182,3.457,7.967,184,120,208,71,0,80,100,255,53,0,0,0,0,100,137,37,0,0,0,0,51,192,137,8,80,69,67,111,109,112,97,99,116,50,0,120,52,36,115,198,143,123,169,157,85,1,218,167,255,172,243,167,35,58,175,197,169,213,222,96,25,76,179,29,14.0,16.0,4.0,0.25,-1,1,251.0,0
0,0,0,0,0,0,0,0,94519,4194304,4096,4,0,184320,28672,1024,139264,0,1048576,4096,4096,2,0,1.0,2,2,2,2,2,2,0,1,0,0,0,0,0.204,0,2,0.833,0.204,0,7.95,-1,5.832,4.283,2.878,7.95,184,100,197,66,0,80,100,255,53,0,0,0,0,100,137,37,0,0,0,0,51,192,137,8,80,69,67,111,109,112,97,99,116,50,0,98,108,15,220,14,210,68,166,174,12,7,29,15,90,166,175,39,26,195,106,106,138,162,115,218,127,153,91,43,12.0,14.0,4.0,0.286,-1,1,114.0,0
0,0,0,0,0,0,0,1,200333,4194304,4096,5,0,221184,133120,1024,59392,0,1048576,4096,4096,4,1,0.8,2,5,2,2,5,2,0,1,0,1,1,0,0.644,0,5,0.644,0.228,0,7.884,7.806,7.779,3.666,4.129,4.259,96,232,0,0,0,0,91,141,91,198,1,27,139,19,141,115,20,106,8,89,1,22,173,73,117,250,139,232,198,6,233,139,67,12,137,70,1,106,4,104,0,16,0,0,255,115,8,81,255,85,8,139,240,3,67,4,139,83,24,233,146,0,0,0,12.0,15.0,5.0,0.333,-1,1,101.0,0
0,0,0,0,0,0,0,0,149356,4194304,4096,4,0,126976,54784,1024,39936,0,1048576,4096,4096,4,1,0.8,2,5,2,2,5,2,0,1,0,1,1,0,0.805,0,5,0.805,0.077,0,7.875,7.2,7.726,3.682,3.951,4.921,96,232,0,0,0,0,91,141,91,198,1,27,139,19,141,115,20,106,8,89,1,22,173,73,117,250,139,232,198,6,233,139,67,12,137,70,1,106,4,104,0,16,0,0,255,115,8,81,255,85,8,139,240,3,67,4,139,83,24,233,146,0,0,0,11.0,14.0,5.0,0.357,-1,1,140.0,0
0,0,0,0,0,0,0,0,0,4194304,4096,4,0,90112,40960,4096,23552,0,1048576,4096,4096,4,1,0.8,2,5,2,2,5,2,0,1,0,1,1,0,0.688,0,5,0.688,0.107,0,7.852,2.323,7.54,3.582,5.072,3.957,96,232,0,0,0,0,91,141,91,198,1,27,139,19,141,115,20,106,8,89,1,22,173,73,117,250,139,232,198,6,233,139,67,12,137,70,1,106,4,104,0,16,0,0,255,115,8,81,255,85,8,139,240,3,67,4,139,83,24,233,146,0,0,0,11.0,14.0,5.0,0.357,-1,1,137.0,0
0,0,1,0,0,0,0,1,172037,4194304,4096,5,1,143360,64512,1024,62464,0,1048576,4096,4096,4,1,0.8,2,5,2,2,5,2,0,1,0,1,1,0,0.567,1,5,0.567,0.0,0,7.879,6.472,0.0,3.756,3.877,5.117,96,232,0,0,0,0,91,141,91,198,1,27,139,19,141,115,20,106,8,89,1,22,173,73,117,250,139,232,198,6,233,139,67,12,137,70,1,106,4,104,0,16,0,0,255,115,8,81,255,85,8,139,240,3,67,4,139,83,24,233,146,0,0,0,6.0,9.0,5.0,0.556,-1,1,14.0,0
0,0,0,0,0,0,0,0,0,4194304,4096,4,0,90112,45056,1024,32768,0,1048576,4096,4096,4,1,0.8,2,5,2,2,5,2,0,1,0,1,1,0,0.625,0,5,0.625,0.128,0,7.862,2.825,7.584,3.599,4.932,3.951,96,232,0,0,0,0,91,141,91,198,1,27,139,19,141,115,20,106,8,89,1,22,173,73,117,250,139,232,198,6,233,139,67,12,137,70,1,106,4,104,0,16,0,0,255,115,8,81,255,85,8,139,240,3,67,4,139,83,24,233,146,0,0,0,9.0,12.0,5.0,0.417,-1,1,110.0,0
0,0,0,0,0,0,0,0,0,4194304,4096,4,0,118784,58880,4096,35328,0,1048576,4096,4096,4,1,0.8,2,5,2,2,5,2,0,1,0,1,1,0,0.75,0,5,0.75,0.117,0,7.866,3.929,7.734,3.585,4.559,4.332,96,232,0,0,0,0,91,141,91,198,1,27,139,19,141,115,20,106,8,89,1,22,173,73,117,250,139,232,198,6,233,139,67,12,137,70,1,106,4,104,0,16,0,0,255,115,8,81,255,85,8,139,240,3,67,4,139,83,24,233,146,0,0,0,11.0,14.0,5.0,0.357,-1,1,128.0,0
0,0,0,0,0,0,0,0,119154,4194304,4096,4,0,106496,49152,1024,45056,0,1048576,4096,4096,4,1,0.8,2,5,2,2,5,2,0,1,0,1,1,0,0.662,0,5,0.662,0.091,0,7.857,6.999,6.206,3.573,3.993,5.179,96,232,0,0,0,0,91,141,91,198,1,27,139,19,141,115,20,106,8,89,1,22,173,73,117,250,139,232,198,6,233,139,67,12,137,70,1,106,4,104,0,16,0,0,255,115,8,81,255,85,8,139,240,3,67,4,139,83,24,233,146,0,0,0,10.0,13.0,5.0,0.385,-1,1,41.0,0
0,0,0,0,0,0,0,0,305536,4194304,4096,4,0,266240,94208,1024,163840,0,1048576,4096,4096,4,1,0.8,2,5,2,2,5,2,0,1,0,1,1,0,0.925,0,5,0.925,0.157,0,7.868,7.906,7.681,3.829,3.31,4.014,96,232,0,0,0,0,91,141,91,198,1,27,139,19,141,115,20,106,8,89,1,22,173,73,117,250,139,232,198,6,233,139,67,12,137,70,1,106,4,104,0,16,0,0,255,115,8,81,255,85,8,139,240,3,67,4,139,83,24,233,146,0,0,0,11.0,14.0,5.0,0.357,-1,1,121.0,0
0,0,0,0,0,0,0,0,0,4194304,4096,4,0,172032,95744,4096,53760,0,1048576,4096,4096,4,1,0.8,2,5,2,2,5,2,0,1,0,1,1,0,1.0,0,4,1.0,0.076,0,7.882,6.031,7.743,3.561,5.182,4.433,96,232,0,0,0,0,91,141,91,198,1,27,139,19,141,115,20,106,8,89,1,22,173,73,117,250,139,232,198,6,233,139,67,12,137,70,1,106,4,104,0,16,0,0,255,115,8,81,255,85,8,139,240,3,67,4,139,83,24,233,146,0,0,0,11.0,14.0,5.0,0.357,-1,1,137.0,0
0,0,1,0,0,0,0,0,974885,4194304,1744896,4,0,2752512,917504,4096,45056,1740800,2097152,4096,4096,1,3,0.25,3,4,3,3,4,3,0,1,1,1,1,0,0.923,1,4,0.997,0.0,0,-1,-1,7.099,2.676,3.613,3.776,96,232,0,0,0,0,91,141,91,198,1,27,139,19,141,115,20,106,8,89,1,22,173,73,117,250,139,232,198,6,233,139,67,12,137,70,1,106,4,104,0,16,0,0,255,115,8,81,255,85,8,139,240,3,67,4,139,83,24,233,146,0,0,0,14.0,17.0,5.0,0.294,-1,1,205.0,0
0,0,1,0,0,0,0,1,178618,4194304,4096,5,1,151552,69120,1024,65024,0,1048576,4096,4096,4,1,0.8,2,5,2,2,5,2,0,1,0,1,1,0,0.558,1,5,0.558,0.0,0,7.87,6.559,0.0,3.822,3.867,5.112,96,232,0,0,0,0,91,141,91,198,1,27,139,19,141,115,20,106,8,89,1,22,173,73,117,250,139,232,198,6,233,139,67,12,137,70,1,106,4,104,0,16,0,0,255,115,8,81,255,85,8,139,240,3,67,4,139,83,24,233,146,0,0,0,6.0,9.0,5.0,0.556,-1,1,14.0,0
0,0,1,0,0,0,0,1,138903,4194304,4096,5,1,126976,55296,1024,53760,0,1048576,4096,4096,4,1,0.8,2,5,2,2,5,2,0,1,0,1,1,0,0.545,1,5,0.549,0.0,0,7.87,7.593,0.0,3.703,3.861,5.098,96,232,0,0,0,0,91,141,91,198,1,27,139,19,141,115,20,106,8,89,1,22,173,73,117,250,139,232,198,6,233,139,67,12,137,70,1,106,4,104,0,16,0,0,255,115,8,81,255,85,8,139,240,3,67,4,139,83,24,233,146,0,0,0,5.0,8.0,5.0,0.625,-1,1,14.0,0
0,0,0,0,0,0,0,0,0,4194304,4096,4,0,98304,48128,4096,26112,0,1048576,4096,4096,4,1,0.8,2,5,2,2,5,2,0,1,0,1,1,0,0.625,0,5,0.625,0.111,0,7.845,5.534,7.703,3.422,4.665,4.116,96,232,0,0,0,0,91,141,91,198,1,27,139,19,141,115,20,106,8,89,1,22,173,73,117,250,139,232,198,6,233,139,67,12,137,70,1,106,4,104,0,16,0,0,255,115,8,81,255,85,8,139,240,3,67,4,139,83,24,233,146,0,0,0,10.0,13.0,5.0,0.385,-1,1,131.0,0
0,0,0,0,0,0,0,0,251352,4194304,4096,4,0,212992,69632,1024,126976,0,1048576,4096,4096,4,1,0.8,2,5,2,2,5,2,0,1,0,1,1,0,0.603,0,5,0.603,0.071,0,7.863,7.094,7.869,3.399,4.208,4.767,96,232,0,0,0,0,91,141,91,198,1,27,139,19,141,115,20,106,8,89,1,22,173,73,117,250,139,232,198,6,233,139,67,12,137,70,1,106,4,104,0,16,0,0,255,115,8,81,255,85,8,139,240,3,67,4,139,83,24,233,146,0,0,0,9.0,12.0,5.0,0.417,-1,1,19.0,0
0,0,1,0,0,0,0,1,188711,4194304,4096,5,1,200704,99840,1024,81920,0,1048576,4096,4096,4,1,0.8,2,5,2,2,5,2,0,1,0,1,1,0,0.58,1,5,0.58,0.0,0,7.877,6.739,0.0,3.829,3.738,5.087,96,232,0,0,0,0,91,141,91,198,1,27,139,19,141,115,20,106,8,89,1,22,173,73,117,250,139,232,198,6,233,139,67,12,137,70,1,106,4,104,0,16,0,0,255,115,8,81,255,85,8,139,240,3,67,4,139,83,24,233,146,0,0,0,6.0,9.0,5.0,0.556,-1,1,14.0,0
0,0,1,0,0,0,0,1,151834,4194304,4096,5,1,163840,75776,1024,71168,0,1048576,4096,4096,4,1,0.8,2,5,2,2,5,2,0,1,0,1,1,0,0.574,1,5,0.574,0.0,0,7.87,6.565,0.0,3.793,3.815,5.093,96,232,0,0,0,0,91,141,91,198,1,27,139,19,141,115,20,106,8,89,1,22,173,73,117,250,139,232,198,6,233,139,67,12,137,70,1,106,4,104,0,16,0,0,255,115,8,81,255,85,8,139,240,3,67,4,139,83,24,233,146,0,0,0,6.0,9.0,5.0,0.556,-1,1,14.0,0
0,0,0,0,0,0,0,1,180666,4194304,4096,5,0,196608,134656,1024,36352,0,1048576,4096,4096,4,1,0.8,2,5,2,2,5,2,0,1,0,1,1,0,0.594,0,5,0.594,0.066,0,7.872,7.143,0.143,3.5,4.031,5.097,96,232,0,0,0,0,91,141,91,198,1,27,139,19,141,115,20,106,8,89,1,22,173,73,117,250,139,232,198,6,233,139,67,12,137,70,1,106,4,104,0,16,0,0,255,115,8,81,255,85,8,139,240,3,67,4,139,83,24,233,146,0,0,0,9.0,12.0,5.0,0.417,-1,1,14.0,0
0,0,1,0,0,0,0,1,167346,4194304,4096,5,1,163840,78336,1024,64512,0,1048576,4096,4096,4,1,0.8,2,5,2,2,5,2,0,1,0,1,1,0,0.557,1,5,0.557,0.0,0,7.865,6.553,0.0,3.822,3.849,5.07,96,232,0,0,0,0,91,141,91,198,1,27,139,19,141,115,20,106,8,89,1,22,173,73,117,250,139,232,198,6,233,139,67,12,137,70,1,106,4,104,0,16,0,0,255,115,8,81,255,85,8,139,240,3,67,4,139,83,24,233,146,0,0,0,5.0,8.0,5.0,0.625,-1,1,14.0,0
0,0,1,0,0,0,0,1,215373,4194304,4096,5,1,188416,97280,1024,73728,0,1048576,4096,4096,4,1,0.8,2,5,2,2,5,2,0,1,0,1,1,0,0.554,1,5,0.554,0.0,0,7.876,6.988,0.0,3.73,3.974,5.113,96,232,0,0,0,0,91,141,91,198,1,27,139,19,141,115,20,106,8,89,1,22,173,73,117,250,139,232,198,6,233,139,67,12,137,70,1,106,4,104,0,16,0,0,255,115,8,81,255,85,8,139,240,3,67,4,139,83,24,233,146,0,0,0,5.0,8.0,5.0,0.625,-1,1,14.0,0
0,0,1,0,0,0,0,1,290116,4194304,4096,5,1,294912,86528,1024,189952,0,1048576,4096,4096,4,1,0.8,2,5,2,2,5,2,0,1,0,1,1,0,0.598,0,5,0.598,0.146,0,7.872,6.518,7.904,3.862,4.309,5.035,96,232,0,0,0,0,91,141,91,198,1,27,139,19,141,115,20,106,8,89,1,22,173,73,117,250,139,232,198,6,233,139,67,12,137,70,1,106,4,104,0,16,0,0,255,115,8,81,255,85,8,139,240,3,67,4,139,83,24,233,146,0,0,0,6.0,9.0,5.0,0.556,-1,1,19.0,0
0,0,1,0,0,0,0,1,364782,4194304,4096,5,1,352256,102912,1024,231936,0,1048576,4096,4096,4,1,0.8,2,5,2,2,5,2,0,1,0,1,1,0,0.638,0,5,0.638,0.047,0,7.875,7.175,7.902,3.857,3.961,5.067,96,232,0,0,0,0,91,141,91,198,1,27,139,19,141,115,20,106,8,89,1,22,173,73,117,250,139,232,198,6,233,139,67,12,137,70,1,106,4,104,0,16,0,0,255,115,8,81,255,85,8,139,240,3,67,4,139,83,24,233,146,0,0,0,10.0,13.0,5.0,0.385,-1,1,19.0,0
0,0,1,0,0,0,0,1,210000,4194304,4096,5,1,155648,76800,1024,66048,0,1048576,4096,4096,4,1,0.8,2,5,2,2,5,2,0,1,0,1,1,0,0.565,1,5,0.565,0.0,0,7.878,6.544,0.0,3.794,3.978,5.084,96,232,0,0,0,0,91,141,91,198,1,27,139,19,141,115,20,106,8,89,1,22,173,73,117,250,139,232,198,6,233,139,67,12,137,70,1,106,4,104,0,16,0,0,255,115,8,81,255,85,8,139,240,3,67,4,139,83,24,233,146,0,0,0,6.0,9.0,5.0,0.556,-1,1,14.0,0
0,0,0,0,0,0,0,0,101938,4194304,4096,4,0,98304,50688,1024,27136,0,1048576,4096,4096,4,1,0.8,2,5,2,2,5,2,0,1,0,1,1,0,0.675,0,5,0.675,0.134,0,7.858,1.891,7.418,3.528,4.117,4.413,96,232,0,0,0,0,91,141,91,198,1,27,139,19,141,115,20,106,8,89,1,22,173,73,117,250,139,232,198,6,233,139,67,12,137,70,1,106,4,104,0,16,0,0,255,115,8,81,255,85,8,139,240,3,67,4,139,83,24,233,146,0,0,0,11.0,14.0,5.0,0.357,-1,1,125.0,0
0,0,0,0,0,0,0,1,485761,4194304,4096,5,0,905216,199168,1024,244224,0,1048576,4096,4096,4,1,0.8,2,5,2,2,5,2,0,1,0,1,1,0,0.692,0,5,0.692,0.018,0,7.889,7.874,7.878,3.538,2.34,4.158,96,232,0,0,0,0,91,141,91,198,1,27,139,19,141,115,20,106,8,89,1,22,173,73,117,250,139,232,198,6,233,139,67,12,137,70,1,106,4,104,0,16,0,0,255,115,8,81,255,85,8,139,240,3,67,4,139,83,24,233,146,0,0,0,9.0,12.0,5.0,0.417,-1,1,146.0,0
0,0,1,0,0,0,0,1,220066,4194304,4096,5,1,221184,137216,1024,66560,0,1048576,4096,4096,4,1,0.8,2,5,2,2,5,2,0,1,0,1,1,0,0.565,1,5,0.565,0.0,0,7.884,6.46,0.0,3.801,3.849,5.073,96,232,0,0,0,0,91,141,91,198,1,27,139,19,141,115,20,106,8,89,1,22,173,73,117,250,139,232,198,6,233,139,67,12,137,70,1,106,4,104,0,16,0,0,255,115,8,81,255,85,8,139,240,3,67,4,139,83,24,233,146,0,0,0,6.0,9.0,5.0,0.556,-1,1,14.0,0
0,0,0,0,0,0,0,0,0,4194304,4096,4,0,1691648,1122304,1536,90112,0,1048576,8192,4096,8,1,0.889,2,9,2,2,9,2,0,1,0,1,1,0,0.996,3,9,0.996,0.0,0,7.885,7.761,7.89,1.567,4.162,5.722,96,232,0,0,0,0,91,141,91,198,1,27,139,19,141,115,20,106,8,89,1,22,173,73,117,250,139,232,198,6,233,139,67,12,137,70,1,106,4,104,0,16,0,0,255,115,8,81,255,85,8,139,240,3,67,4,139,83,24,233,146,0,0,0,11.0,14.0,5.0,0.357,-1,1,181.0,0
0,0,0,0,0,0,0,0,104208,4194304,4096,4,0,94208,33280,1024,33280,0,1048576,65536,4096,2,4,0.333,3,6,3,3,6,3,0,1,1,1,1,0,0.73,0,6,0.73,0.108,0,-1,-1,7.359,2.748,3.474,3.888,96,232,0,0,0,0,91,141,91,198,1,27,139,19,141,115,20,106,8,89,1,22,173,73,117,250,139,232,198,6,233,139,67,12,137,70,1,106,4,104,0,16,0,0,255,115,8,81,255,85,8,139,240,3,67,4,139,83,24,233,146,0,0,0,7.0,10.0,5.0,0.5,-1,1,77.0,0
0,0,0,0,0,0,0,0,0,4194304,4096,4,0,131072,61440,4096,50176,0,1048576,4096,4096,4,1,0.8,2,5,2,2,5,2,0,1,0,1,1,0,0.688,0,5,0.688,0.086,0,7.867,5.609,7.812,3.584,5.171,4.169,96,232,0,0,0,0,91,141,91,198,1,27,139,19,141,115,20,106,8,89,1,22,173,73,117,250,139,232,198,6,233,139,67,12,137,70,1,106,4,104,0,16,0,0,255,115,8,81,255,85,8,139,240,3,67,4,139,83,24,233,146,0,0,0,9.0,12.0,5.0,0.417,-1,1,145.0,0
0,0,1,0,0,0,0,1,186936,4194304,4096,5,1,147456,67584,1024,62464,0,1048576,4096,4096,4,1,0.8,2,5,2,2,5,2,0,1,0,1,1,0,0.562,1,5,0.562,0.0,0,7.873,6.745,0.0,3.767,3.829,5.13,96,232,0,0,0,0,91,141,91,198,1,27,139,19,141,115,20,106,8,89,1,22,173,73,117,250,139,232,198,6,233,139,67,12,137,70,1,106,4,104,0,16,0,0,255,115,8,81,255,85,8,139,240,3,67,4,139,83,24,233,146,0,0,0,6.0,9.0,5.0,0.556,-1,1,14.0,0
0,0,0,0,0,0,0,1,718278,16777216,4096,6,0,663552,14336,1024,633344,0,262144,8192,4096,3,1,0.75,2,4,2,2,4,2,0,1,0,1,1,0,0.334,0,4,0.688,0.334,0,7.563,3.411,7.897,4.052,4.343,4.702,96,232,0,0,0,0,91,141,91,198,1,27,139,19,141,115,20,106,8,89,1,22,173,73,117,250,139,232,198,6,233,139,67,12,137,70,1,106,4,104,0,16,0,0,255,115,8,81,255,85,8,139,240,3,67,4,139,83,24,233,146,0,0,0,4.0,7.0,5.0,0.714,-1,1,35.0,0
0,0,0,0,0,0,0,0,0,4194304,4096,4,0,962560,646656,1024,259584,0,1048576,16384,4096,5,4,0.556,2,9,2,2,9,2,0,1,1,1,1,0,0.987,3,8,1.005,0.0,0,-1,-1,6.268,2.366,5.014,5.549,96,232,0,0,0,0,91,141,91,198,1,27,139,19,141,115,20,106,8,89,1,22,173,73,117,250,139,232,198,6,233,139,67,12,137,70,1,139,67,40,139,83,16,135,16,137,83,16,106,4,104,0,16,0,0,255,115,8,81,255,85,8,139,240,10.0,13.0,5.0,0.385,-1,1,274.0,0
0,0,0,0,0,0,0,0,164088,4194304,4096,4,0,139264,67584,1024,43520,0,1048576,4096,4096,4,1,0.8,2,5,2,2,5,2,0,1,0,1,1,0,0.853,0,5,0.853,0.081,0,7.868,5.101,7.683,3.665,4.153,5.327,96,232,0,0,0,0,91,141,91,198,1,27,139,19,141,115,20,106,8,89,1,22,173,73,117,250,139,232,198,6,233,139,67,12,137,70,1,106,4,104,0,16,0,0,255,115,8,81,255,85,8,139,240,3,67,4,139,83,24,233,146,0,0,0,9.0,12.0,5.0,0.417,-1,1,149.0,0
0,0,0,0,0,0,0,0,140793,4194304,4096,4,0,114688,47104,1024,40960,0,1048576,4096,4096,4,1,0.8,2,5,2,2,5,2,0,1,0,1,1,0,0.78,0,5,0.78,0.088,0,7.858,4.22,7.685,3.689,4.068,5.219,96,232,0,0,0,0,91,141,91,198,1,27,139,19,141,115,20,106,8,89,1,22,173,73,117,250,139,232,198,6,233,139,67,12,137,70,1,106,4,104,0,16,0,0,255,115,8,81,255,85,8,139,240,3,67,4,139,83,24,233,146,0,0,0,9.0,12.0,5.0,0.417,-1,1,128.0,0
0,0,1,0,0,0,0,1,184107,4194304,4096,5,1,155648,72192,1024,66048,0,1048576,4096,4096,4,1,0.8,2,5,2,2,5,2,0,1,0,1,1,0,0.572,1,5,0.572,0.0,0,7.872,7.517,0.0,3.805,3.944,5.109,96,232,0,0,0,0,91,141,91,198,1,27,139,19,141,115,20,106,8,89,1,22,173,73,117,250,139,232,198,6,233,139,67,12,137,70,1,106,4,104,0,16,0,0,255,115,8,81,255,85,8,139,240,3,67,4,139,83,24,233,146,0,0,0,7.0,10.0,5.0,0.5,-1,1,14.0,0
0,0,0,0,0,0,0,0,133973,4194304,4096,4,0,147456,65536,1024,43008,0,1048576,4096,4096,4,2,0.667,3,6,3,3,6,3,0,1,0,1,1,0,0.744,0,6,0.744,0.083,0,7.876,4.773,7.611,3.266,3.718,4.249,96,232,0,0,0,0,91,141,91,198,1,27,139,19,141,115,20,106,8,89,1,22,173,73,117,250,139,232,198,6,233,139,67,12,137,70,1,106,4,104,0,16,0,0,255,115,8,81,255,85,8,139,240,3,67,4,139,83,24,233,146,0,0,0,10.0,13.0,5.0,0.385,-1,1,148.0,0
0,0,0,0,0,0,0,0,0,4194304,4096,4,0,528384,339456,1024,136192,0,524288,131072,4096,4,1,0.8,2,5,2,2,5,2,0,1,0,1,1,0,0.885,0,5,0.885,0.125,0,7.897,7.436,7.57,3.892,4.037,5.742,96,232,0,0,0,0,91,141,91,198,1,27,139,19,141,115,20,106,8,89,1,22,173,73,117,250,139,232,198,6,233,139,67,12,137,70,1,106,4,104,0,16,0,0,255,115,8,81,255,85,8,139,240,3,67,4,139,83,24,233,146,0,0,0,11.0,14.0,5.0,0.357,-1,1,321.0,0
0,0,0,0,0,0,0,0,1689401,4194304,4096,4,0,1703936,1332224,1024,321536,0,1048576,4096,4096,4,1,0.8,2,5,2,2,5,2,0,1,0,1,1,0,0.996,0,5,0.996,0.087,0,7.891,7.57,7.532,3.883,3.727,4.066,96,232,0,0,0,0,91,141,91,198,1,27,139,19,141,115,20,106,8,89,1,22,173,73,117,250,139,232,198,6,233,139,67,12,137,70,1,106,4,104,0,16,0,0,255,115,8,81,255,85,8,139,240,3,67,4,139,83,24,233,146,0,0,0,12.0,15.0,5.0,0.333,-1,1,97.0,0
0,0,0,0,0,0,0,0,125289,4194304,4096,4,0,126976,55808,1024,44032,0,1048576,4096,4096,4,1,0.8,2,5,2,2,5,2,0,1,0,1,1,0,0.861,0,5,0.861,0.082,0,7.852,5.147,7.665,3.648,4.173,4.848,96,232,0,0,0,0,91,141,91,198,1,27,139,19,141,115,20,106,8,89,1,22,173,73,117,250,139,232,198,6,233,139,67,12,137,70,1,106,4,104,0,16,0,0,255,115,8,81,255,85,8,139,240,3,67,4,139,83,24,233,146,0,0,0,8.0,11.0,5.0,0.455,-1,1,143.0,0
0,0,0,0,0,0,0,0,135896,4194304,4096,4,0,131072,62464,1024,36352,0,1048576,4096,4096,4,1,0.8,2,5,2,2,5,2,0,1,0,1,1,0,0.752,0,5,0.752,0.094,0,7.878,3.683,7.566,3.67,4.037,4.562,96,232,0,0,0,0,91,141,91,198,1,27,139,19,141,115,20,106,8,89,1,22,173,73,117,250,139,232,198,6,233,139,67,12,137,70,1,106,4,104,0,16,0,0,255,115,8,81,255,85,8,139,240,3,67,4,139,83,24,233,146,0,0,0,10.0,13.0,5.0,0.385,-1,1,116.0,0
0,0,0,0,0,0,0,0,164999,4194304,4096,4,0,151552,20480,1024,122880,0,1048576,4096,4096,3,1,0.75,2,4,2,2,4,2,0,1,0,1,1,0,0.203,0,4,0.626,0.147,0,7.761,7.887,-1,3.624,2.34,5.959,96,232,0,0,0,0,91,141,91,198,1,27,139,19,141,115,20,106,8,89,1,22,173,73,117,250,139,232,198,6,233,139,67,12,137,70,1,106,4,104,0,16,0,0,255,115,8,81,255,85,8,139,240,3,67,4,139,83,24,233,146,0,0,0,5.0,8.0,5.0,0.625,-1,1,-1,0
0,0,0,0,0,0,0,0,0,4194304,4096,4,0,86016,38912,4096,22016,0,1048576,4096,4096,4,1,0.8,2,5,2,2,5,2,0,1,0,1,1,0,0.688,0,5,0.688,0.123,0,7.848,3.008,7.627,3.589,4.723,4.71,96,232,0,0,0,0,91,141,91,198,1,27,139,19,141,115,20,106,8,89,1,22,173,73,117,250,139,232,198,6,233,139,67,12,137,70,1,106,4,104,0,16,0,0,255,115,8,81,255,85,8,139,240,3,67,4,139,83,24,233,146,0,0,0,10.0,13.0,5.0,0.385,-1,1,104.0,0
0,0,0,0,0,0,0,1,639394,4194304,4096,5,0,1650688,206336,1024,1424384,0,1048576,4096,4096,4,1,0.8,2,5,2,2,5,2,0,1,0,1,1,0,0.846,0,5,0.846,0.002,0,7.888,7.343,7.884,3.685,1.869,5.265,96,232,0,0,0,0,91,141,91,198,1,27,139,19,141,115,20,106,8,89,1,22,173,73,117,250,139,232,198,6,233,139,67,12,137,70,1,106,4,104,0,16,0,0,255,115,8,81,255,85,8,139,240,3,67,4,139,83,24,233,146,0,0,0,9.0,12.0,5.0,0.417,-1,1,68.0,0
0,0,0,0,0,0,0,0,280941,4194304,4096,4,0,249856,77824,1024,159744,0,1048576,4096,4096,4,1,0.8,2,5,2,2,5,2,0,1,0,1,1,0,0.6,0,5,0.6,0.141,0,7.868,7.868,7.167,3.908,3.007,4.517,96,232,0,0,0,0,91,141,91,198,1,27,139,19,141,115,20,106,8,89,1,22,173,73,117,250,139,232,198,6,233,139,67,12,137,70,1,106,4,104,0,16,0,0,255,115,8,81,255,85,8,139,240,3,67,4,139,83,24,233,146,0,0,0,10.0,13.0,5.0,0.385,-1,1,100.0,0
0,0,0,0,0,0,0,1,504430,4194304,4096,5,0,569344,206848,1024,253440,0,1048576,4096,4096,4,1,0.8,2,5,2,2,5,2,0,1,0,1,1,0,0.8,0,5,0.8,0.021,0,7.883,7.265,7.88,3.591,3.716,4.282,96,232,0,0,0,0,91,141,91,198,1,27,139,19,141,115,20,106,8,89,1,22,173,73,117,250,139,232,198,6,233,139,67,12,137,70,1,106,4,104,0,16,0,0,255,115,8,81,255,85,8,139,240,3,67,4,139,83,24,233,146,0,0,0,9.0,12.0,5.0,0.417,-1,1,171.0,0
0,0,0,0,0,0,0,0,0,4194304,4096,4,0,86016,45056,1024,32768,0,1048576,4096,4096,4,1,0.8,2,5,2,2,5,2,0,1,0,1,1,0,0.856,0,5,0.856,0.185,0,7.853,6.292,7.604,3.638,3.228,4.007,96,232,0,0,0,0,91,141,91,198,1,27,139,19,141,115,20,106,8,89,1,22,173,73,117,250,139,232,198,6,233,139,67,12,137,70,1,106,4,104,0,16,0,0,255,115,8,81,255,85,8,139,240,3,67,4,139,83,24,233,146,0,0,0,6.0,9.0,5.0,0.556,-1,1,53.0,0
0,0,0,0,0,0,0,0,169803,4194304,4096,4,0,151552,20480,1024,122880,0,1048576,4096,4096,3,1,0.75,2,4,2,2,4,2,0,1,0,1,1,0,0.202,0,4,0.621,0.15,0,7.799,7.87,-1,3.704,2.375,5.953,96,232,0,0,0,0,91,141,91,198,1,27,139,19,141,115,20,106,8,89,1,22,173,73,117,250,139,232,198,6,233,139,67,12,137,70,1,106,4,104,0,16,0,0,255,115,8,81,255,85,8,139,240,3,67,4,139,83,24,233,146,0,0,0,5.0,8.0,5.0,0.625,-1,1,-1,0
0,0,0,0,0,0,0,1,3240184,4194304,4096,5,0,3338240,1161216,1024,2016256,0,1048576,4096,4096,4,1,0.8,2,5,2,2,5,2,0,1,0,1,1,0,0.986,0,5,0.986,0.114,0,7.891,7.812,7.907,4.096,3.747,5.75,96,232,0,0,0,0,91,141,91,198,1,27,139,19,141,115,20,106,8,89,1,22,173,73,117,250,139,232,198,6,233,139,67,12,137,70,1,106,4,104,0,16,0,0,255,115,8,81,255,85,8,139,240,3,67,4,139,83,24,233,146,0,0,0,12.0,15.0,5.0,0.333,-1,1,742.0,0
0,0,1,0,0,0,0,1,294187,4194304,4096,5,1,462848,162304,1024,283648,0,1048576,4096,4096,4,1,0.8,2,5,2,2,5,2,0,1,0,1,1,0,0.542,1,5,0.542,0.0,0,7.889,7.45,0.0,3.882,2.38,5.159,96,232,0,0,0,0,91,141,91,198,1,27,139,19,141,115,20,106,8,89,1,22,173,73,117,250,139,232,198,6,233,139,67,12,137,70,1,106,4,104,0,16,0,0,255,115,8,81,255,85,8,139,240,3,67,4,139,83,24,233,146,0,0,0,6.0,9.0,5.0,0.556,-1,1,14.0,0
0,0,0,0,0,0,0,0,185413,4194304,4096,4,0,159744,24576,1024,126976,0,1048576,4096,4096,4,1,0.8,2,5,2,2,5,2,0,1,0,1,1,0,0.483,0,5,0.608,0.146,0,7.808,7.892,5.004,3.475,2.472,4.236,96,232,0,0,0,0,91,141,91,198,1,27,139,19,141,115,20,106,8,89,1,22,173,73,117,250,139,232,198,6,233,139,67,12,137,70,1,106,4,104,0,16,0,0,255,115,8,81,255,85,8,139,240,3,67,4,139,83,24,233,146,0,0,0,6.0,9.0,5.0,0.556,-1,1,24.0,0
0,0,0,0,0,0,0,0,0,4194304,4096,4,0,126976,56320,4096,45568,0,1048576,4096,4096,4,1,0.8,2,5,2,2,5,2,0,1,0,1,1,0,1.0,0,4,1.0,0.172,0,7.865,6.706,7.598,3.622,4.529,4.304,96,232,0,0,0,0,91,141,91,198,1,27,139,19,141,115,20,106,8,89,1,22,173,73,117,250,139,232,198,6,233,139,67,12,137,70,1,106,4,104,0,16,0,0,255,115,8,81,255,85,8,139,240,3,67,4,139,83,24,233,146,0,0,0,10.0,13.0,5.0,0.385,-1,1,142.0,0
0,0,0,0,0,0,0,0,209146,4194304,4096,4,0,155648,24576,1024,122880,0,1048576,4096,4096,3,1,0.75,2,4,2,2,4,2,0,1,0,1,1,0,0.237,0,4,0.598,0.146,0,7.813,7.902,-1,3.76,2.45,5.842,96,232,0,0,0,0,91,141,91,198,1,27,139,19,141,115,20,106,8,89,1,22,173,73,117,250,139,232,198,6,233,139,67,12,137,70,1,106,4,104,0,16,0,0,255,115,8,81,255,85,8,139,240,3,67,4,139,83,24,233,146,0,0,0,9.0,12.0,5.0,0.417,-1,1,-1,0
0,0,0,0,0,0,0,1,529413,4194304,4096,5,0,512000,323584,1024,148480,0,1048576,4096,4096,4,1,0.8,2,5,2,2,5,2,0,1,0,1,1,0,0.858,0,5,0.858,0.142,0,7.897,7.66,7.589,3.696,3.698,4.49,96,232,0,0,0,0,91,141,91,198,1,27,139,19,141,115,20,106,8,89,1,22,173,73,117,250,139,232,198,6,233,139,67,12,137,70,1,106,4,104,0,16,0,0,255,115,8,81,255,85,8,139,240,3,67,4,139,83,24,233,146,0,0,0,14.0,17.0,5.0,0.294,-1,1,251.0,0
0,0,0,0,0,0,0,0,224466,4194304,4096,4,0,180224,28672,1024,139264,0,1048576,4096,4096,4,1,0.8,2,5,2,2,5,2,0,1,0,1,1,0,0.829,0,5,0.829,0.154,0,7.832,7.873,7.329,3.753,2.69,4.888,96,232,0,0,0,0,91,141,91,198,1,27,139,19,141,115,20,106,8,89,1,22,173,73,117,250,139,232,198,6,233,139,67,12,137,70,1,106,4,104,0,16,0,0,255,115,8,81,255,85,8,139,240,3,67,4,139,83,24,233,146,0,0,0,12.0,15.0,5.0,0.333,-1,1,114.0,0
0,0,0,0,0,0,0,1,428144,4194304,4096,5,0,1204224,0,1024,417792,774144,1048576,4096,4096,0,2,0.0,2,2,2,2,2,2,0,1,1,1,1,0,0.0,0,2,0.984,0.0,1,-1,-1,-1,2.516,3.607,2.617,233,132,11,12,0,180,9,186,11,1,205,33,180,76,205,33,112,97,99,107,101,100,32,98,121,32,110,115,112,97,99,107,36,64,0,0,0,80,69,0,0,76,1,2,0,203,4,224,76,0,0,0,0,0,0,0,0,224,0,3,1,11,1,9,8.0,12.0,6.0,0.5,-1,1,522.0,0
0,0,0,0,0,0,0,1,1124954,4194304,4096,5,0,4272128,0,4096,1093632,3170304,1048576,4096,4096,0,2,0.0,2,2,2,2,2,2,0,1,1,1,1,0,0.0,0,2,0.994,0.0,1,-1,-1,-1,2.508,2.699,1.238,233,74,79,54,0,180,9,186,11,1,205,33,180,76,205,33,112,97,99,107,101,100,32,98,121,32,110,115,112,97,99,107,36,64,0,0,0,80,69,0,0,76,1,2,0,35,39,27,78,0,0,0,0,0,0,0,0,224,0,3,1,11,1,9,12.0,16.0,6.0,0.375,-1,1,1582.0,0
0,0,0,0,0,0,0,0,72363,4194304,4096,4,0,200704,0,1024,57344,126976,1048576,4096,4096,0,2,0.0,2,2,2,2,2,2,0,1,1,1,1,0,0.001,0,2,0.871,0.001,1,-1,-1,-1,2.37,2.959,1.219,233,103,21,2,0,180,9,186,11,1,205,33,180,76,205,33,112,97,99,107,101,100,32,98,121,32,110,115,112,97,99,107,36,64,0,0,0,80,69,0,0,76,1,2,0,187,104,220,91,0,0,0,0,0,0,0,0,224,0,3,1,11,1,8,10.0,14.0,6.0,0.429,-1,1,146.0,0
0,0,0,0,0,0,0,1,132378,4194304,4096,5,0,450560,0,1024,126976,311296,1048576,4096,4096,0,2,0.0,2,2,2,2,2,2,0,1,1,1,1,0,0.001,0,2,0.934,0.001,1,-1,-1,-1,2.528,2.971,2.296,233,249,212,4,0,180,9,186,11,1,205,33,180,76,205,33,112,97,99,107,101,100,32,98,121,32,110,115,112,97,99,107,36,64,0,0,0,80,69,0,0,76,1,2,0,139,177,211,77,0,0,0,0,0,0,0,0,224,0,3,1,11,1,9,13.0,17.0,6.0,0.353,-1,1,96.0,0
0,0,0,0,0,0,0,1,102216,4194304,4096,5,0,307200,0,1024,86016,208896,1048576,4096,4096,0,2,0.0,2,2,2,2,2,2,0,1,1,1,1,0,0.001,0,2,0.904,0.001,1,-1,-1,-1,2.497,2.941,2.322,233,182,67,3,0,180,9,186,11,1,205,33,180,76,205,33,112,97,99,107,101,100,32,98,121,32,110,115,112,97,99,107,36,64,0,0,0,80,69,0,0,76,1,2,0,112,38,74,76,0,0,0,0,0,0,0,0,224,0,3,1,11,1,9,12.0,16.0,6.0,0.375,-1,1,101.0,0
0,0,0,0,0,0,0,0,52068,4194304,4096,4,0,176128,0,1024,53248,110592,1048576,4096,4096,0,2,0.0,2,2,2,2,2,2,0,1,1,1,1,0,0.002,0,2,0.857,0.002,1,-1,-1,-1,2.437,2.912,1.318,233,6,214,1,0,180,9,186,11,1,205,33,180,76,205,33,112,97,99,107,101,100,32,98,121,32,110,115,112,97,99,107,36,64,0,0,0,80,69,0,0,76,1,2,0,154,34,113,91,0,0,0,0,0,0,0,0,224,0,3,1,11,1,8,11.0,15.0,6.0,0.4,-1,1,140.0,0
0,0,1,0,0,0,0,1,88040,4194304,4096,5,1,200704,0,1024,53248,139264,1048576,4096,4096,0,2,0.0,2,2,2,2,2,2,0,1,1,1,1,0,0.002,0,2,0.866,0.002,1,-1,-1,-1,2.505,2.711,1.775,233,209,39,2,0,180,9,186,11,1,205,33,180,76,205,33,112,97,99,107,101,100,32,98,121,32,110,115,112,97,99,107,36,64,0,0,0,80,69,0,0,76,1,2,0,31,241,73,87,0,0,0,0,0,0,0,0,224,0,3,1,11,1,12,6.0,10.0,6.0,0.6,-1,1,14.0,0
0,0,0,0,0,0,0,0,56914,4194304,4096,4,0,167936,0,4096,49152,106496,1048576,4096,4096,0,2,0.0,2,2,2,2,2,2,0,1,1,1,1,0,0.002,0,2,0.846,0.002,1,-1,-1,-1,2.36,2.894,1.441,233,15,182,1,0,180,9,186,11,1,205,33,180,76,205,33,112,97,99,107,101,100,32,98,121,32,110,115,112,97,99,107,36,64,0,0,0,80,69,0,0,76,1,2,0,159,172,226,85,0,0,0,0,0,0,0,0,224,0,3,1,11,1,8,11.0,15.0,6.0,0.4,-1,1,128.0,0
0,0,0,0,0,0,0,0,56016,4194304,4096,4,0,151552,0,4096,45056,94208,1048576,4096,4096,0,2,0.0,2,2,2,2,2,2,0,1,1,1,1,0,0.003,0,2,0.825,0.003,1,-1,-1,-1,2.392,2.926,2.096,233,35,132,1,0,180,9,186,11,1,205,33,180,76,205,33,112,97,99,107,101,100,32,98,121,32,110,115,112,97,99,107,36,64,0,0,0,80,69,0,0,76,1,2,0,55,2,198,71,0,0,0,0,0,0,0,0,224,0,3,1,11,1,8,10.0,14.0,6.0,0.429,-1,1,41.0,0
0,0,0,0,0,0,0,0,128009,4194304,4096,4,0,352256,0,4096,77824,262144,1048576,4096,4096,0,2,0.0,2,2,2,2,2,2,0,1,1,1,1,0,0.001,0,2,0.924,0.001,1,-1,-1,-1,2.43,2.431,2.256,233,16,14,4,0,180,9,186,11,1,205,33,180,76,205,33,112,97,99,107,101,100,32,98,121,32,110,115,112,97,99,107,36,64,0,0,0,80,69,0,0,76,1,2,0,39,85,226,68,0,0,0,0,0,0,0,0,224,0,15,1,11,1,6,11.0,15.0,6.0,0.4,-1,1,121.0,0
0,0,0,0,0,0,0,0,83360,4194304,4096,4,0,245760,0,4096,77824,159744,1048576,4096,4096,0,2,0.0,2,2,2,2,2,2,0,1,1,1,1,0,0.002,0,2,0.922,0.002,1,-1,-1,-1,2.358,3.189,1.562,233,225,141,2,0,180,9,186,11,1,205,33,180,76,205,33,112,97,99,107,101,100,32,98,121,32,110,115,112,97,99,107,36,64,0,0,0,80,69,0,0,76,1,2,0,82,160,106,91,0,0,0,0,0,0,0,0,224,0,3,1,11,1,8,11.0,15.0,6.0,0.4,-1,1,137.0,0
0,0,1,0,0,0,0,0,1012041,4194304,4096,4,0,3690496,0,4096,970752,2707456,2097152,4096,4096,0,2,0.0,2,2,2,2,2,2,0,1,1,1,1,0,0.0,0,2,0.994,0.0,1,-1,-1,-1,2.62,2.849,2.024,233,133,241,41,0,180,9,186,11,1,205,33,180,76,205,33,112,97,99,107,101,100,32,98,121,32,110,115,112,97,99,107,36,64,0,0,0,80,69,0,0,76,1,2,0,0,0,0,0,0,0,0,0,0,0,0,0,224,0,15,3,11,1,2,14.0,18.0,6.0,0.333,-1,1,205.0,0
0,0,1,0,0,0,0,1,107869,4194304,4096,5,1,212992,0,1024,53248,147456,1048576,4096,4096,0,2,0.0,2,2,2,2,2,2,0,1,1,1,1,0,0.002,0,2,0.872,0.002,1,-1,-1,-1,2.515,2.712,1.532,233,161,71,2,0,180,9,186,11,1,205,33,180,76,205,33,112,97,99,107,101,100,32,98,121,32,110,115,112,97,99,107,36,64,0,0,0,80,69,0,0,76,1,2,0,223,89,123,87,0,0,0,0,0,0,0,0,224,0,3,1,11,1,12,6.0,10.0,6.0,0.6,-1,1,14.0,0
0,0,1,0,0,0,0,1,53838,4194304,4096,5,1,180224,0,1024,45056,122880,1048576,4096,4096,0,2,0.0,2,2,2,2,2,2,0,1,1,1,1,0,0.003,0,2,0.853,0.003,1,-1,-1,-1,2.508,2.725,1.468,233,101,231,1,0,180,9,186,11,1,205,33,180,76,205,33,112,97,99,107,101,100,32,98,121,32,110,115,112,97,99,107,36,64,0,0,0,80,69,0,0,76,1,2,0,226,170,168,86,0,0,0,0,0,0,0,0,224,0,3,1,11,1,12,5.0,9.0,6.0,0.667,-1,1,14.0,0
0,0,0,0,0,0,0,0,86445,4194304,4096,4,0,286720,0,4096,65536,208896,1048576,4096,4096,0,2,0.0,2,2,2,2,2,2,0,1,1,1,1,0,0.0,0,2,0.893,0.0,1,-1,-1,-1,2.423,2.495,0.528,0,0,0,0,0,0,0,0,0,0,0,0,0,0,0,0,0,0,0,0,0,0,0,0,0,0,0,0,0,0,0,0,0,0,0,0,0,0,0,0,0,0,0,0,0,0,0,0,0,0,0,0,0,0,0,0,0,0,0,0,0,0,0,0,9.0,13.0,6.0,0.462,-1,1,19.0,0
0,0,1,0,0,0,0,1,83670,4194304,4096,5,1,274432,0,1024,65536,196608,1048576,4096,4096,0,2,0.0,2,2,2,2,2,2,0,1,1,1,1,0,0.0,0,2,0.896,0.0,1,-1,-1,-1,2.549,2.652,0.337,0,0,0,0,0,0,0,0,0,0,0,0,0,0,0,0,0,0,0,0,0,0,0,0,0,0,0,0,0,0,0,0,0,0,0,0,0,0,0,0,0,0,0,0,0,0,0,0,0,0,0,0,0,0,0,0,0,0,0,0,0,0,0,0,6.0,10.0,6.0,0.6,-1,1,14.0,0
0,0,1,0,0,0,0,1,120556,4194304,4096,5,1,229376,0,1024,57344,159744,1048576,4096,4096,0,2,0.0,2,2,2,2,2,2,0,1,1,1,1,0,0.0,0,2,0.879,0.0,1,-1,-1,-1,2.615,2.693,0.848,233,228,119,2,0,180,9,186,11,1,205,33,180,76,205,33,112,97,99,107,101,100,32,98,121,32,110,115,112,97,99,107,36,64,0,0,0,80,69,0,0,76,1,2,0,43,103,123,87,0,0,0,0,0,0,0,0,224,0,3,1,11,1,12,6.0,10.0,6.0,0.6,-1,1,14.0,0
0,0,0,0,0,0,0,1,106810,4194304,4096,5,0,278528,0,1024,73728,192512,1048576,4096,4096,0,2,0.0,2,2,2,2,2,2,0,1,1,1,1,0,0.0,0,2,0.904,0.0,1,-1,-1,-1,2.462,2.863,1.792,233,83,248,2,0,180,9,186,11,1,205,33,180,76,205,33,112,97,99,107,101,100,32,98,121,32,110,115,112,97,99,107,36,64,0,0,0,80,69,0,0,76,1,2,0,177,16,57,75,0,0,0,0,0,0,0,0,224,0,3,1,11,1,9,9.0,13.0,6.0,0.462,-1,1,14.0,0
0,0,1,0,0,0,0,1,103998,4194304,4096,5,1,229376,0,1024,57344,159744,1048576,4096,4096,0,2,0.0,2,2,2,2,2,2,0,1,1,1,1,0,0.0,0,2,0.88,0.0,1,-1,-1,-1,2.604,2.715,1.64,233,153,119,2,0,180,9,186,11,1,205,33,180,76,205,33,112,97,99,107,101,100,32,98,121,32,110,115,112,97,99,107,36,64,0,0,0,80,69,0,0,76,1,2,0,219,170,114,87,0,0,0,0,0,0,0,0,224,0,3,1,11,1,12,5.0,9.0,6.0,0.667,-1,1,14.0,0
0,0,1,0,0,0,0,1,87294,4194304,4096,5,1,266240,0,1024,69632,184320,1048576,4096,4096,0,2,0.0,2,2,2,2,2,2,0,1,1,1,1,0,0.0,0,2,0.896,0.0,1,-1,-1,-1,2.616,2.778,1.911,233,148,215,2,0,180,9,186,11,1,205,33,180,76,205,33,112,97,99,107,101,100,32,98,121,32,110,115,112,97,99,107,36,64,0,0,0,80,69,0,0,76,1,2,0,84,183,114,87,0,0,0,0,0,0,0,0,224,0,3,1,11,1,12,5.0,9.0,6.0,0.667,-1,1,14.0,0
0,0,1,0,0,0,0,1,96764,4194304,4096,5,1,389120,0,1024,86016,290816,1048576,4096,4096,0,2,0.0,2,2,2,2,2,2,0,1,1,1,1,0,0.0,0,2,0.917,0.0,1,-1,-1,-1,2.645,2.437,1.69,233,65,120,4,0,180,9,186,11,1,205,33,180,76,205,33,112,97,99,107,101,100,32,98,121,32,110,115,112,97,99,107,36,64,0,0,0,80,69,0,0,76,1,2,0,72,186,114,87,0,0,0,0,0,0,0,0,224,0,3,1,11,1,12,6.0,10.0,6.0,0.6,-1,1,19.0,0
0,0,1,0,0,0,0,1,112360,4194304,4096,5,1,454656,0,1024,94208,348160,1048576,4096,4096,0,2,0.0,2,2,2,2,2,2,0,1,1,1,1,0,0.0,0,2,0.925,0.0,1,-1,-1,-1,2.651,2.335,1.523,233,39,89,5,0,180,9,186,11,1,205,33,180,76,205,33,112,97,99,107,101,100,32,98,121,32,110,115,112,97,99,107,36,64,0,0,0,80,69,0,0,76,1,2,0,75,112,123,87,0,0,0,0,0,0,0,0,224,0,3,1,11,1,12,10.0,14.0,6.0,0.429,-1,1,19.0,0
0,0,1,0,0,0,0,1,72685,4194304,4096,5,1,221184,0,1024,57344,151552,1048576,4096,4096,0,2,0.0,2,2,2,2,2,2,0,1,1,1,1,0,0.001,0,2,0.878,0.001,1,-1,-1,-1,2.605,2.777,1.588,233,197,87,2,0,180,9,186,11,1,205,33,180,76,205,33,112,97,99,107,101,100,32,98,121,32,110,115,112,97,99,107,36,64,0,0,0,80,69,0,0,76,1,2,0,44,195,114,87,0,0,0,0,0,0,0,0,224,0,3,1,11,1,12,6.0,10.0,6.0,0.6,-1,1,14.0,0
0,0,0,0,0,0,0,0,82244,4194304,4096,4,0,147456,0,1024,45056,90112,1048576,4096,4096,0,2,0.0,2,2,2,2,2,2,0,1,1,1,1,0,0.003,0,2,0.827,0.003,1,-1,-1,-1,2.43,2.947,1.857,233,216,116,1,0,180,9,186,11,1,205,33,180,76,205,33,112,97,99,107,101,100,32,98,121,32,110,115,112,97,99,107,36,64,0,0,0,80,69,0,0,76,1,2,0,192,30,32,91,0,0,0,0,0,0,0,0,224,0,3,1,11,1,8,11.0,15.0,6.0,0.4,-1,1,125.0,0
0,0,0,0,0,0,0,1,201385,4194304,4096,5,0,1048576,0,1024,143360,892928,1048576,4096,4096,0,2,0.0,2,2,2,2,2,2,0,1,1,1,1,0,0.0,0,2,0.943,0.0,1,-1,-1,-1,2.494,1.605,1.79,233,56,181,13,0,180,9,186,11,1,205,33,180,76,205,33,112,97,99,107,101,100,32,98,121,32,110,115,112,97,99,107,36,64,0,0,0,80,69,0,0,76,1,2,0,10,203,16,79,0,0,0,0,0,0,0,0,224,0,3,1,11,1,9,9.0,13.0,6.0,0.462,-1,1,146.0,0
0,0,1,0,0,0,0,1,138973,4194304,4096,5,1,303104,0,1024,77824,217088,1048576,4096,4096,0,2,0.0,2,2,2,2,2,2,0,1,1,1,1,0,0.002,0,2,0.906,0.002,1,-1,-1,-1,2.549,2.709,1.745,233,190,87,3,0,180,9,186,11,1,205,33,180,76,205,33,112,97,99,107,101,100,32,98,121,32,110,115,112,97,99,107,36,64,0,0,0,80,69,0,0,76,1,2,0,39,159,93,87,0,0,0,0,0,0,0,0,224,0,3,1,11,1,12,6.0,10.0,6.0,0.6,-1,1,14.0,0
0,0,0,0,0,0,0,0,493742,4194304,4096,4,0,1945600,0,1536,434176,1503232,1048576,8192,4096,0,2,0.0,2,2,2,2,2,2,0,1,1,1,1,0,0.0,0,2,0.985,0.0,1,-1,-1,-1,2.532,2.484,2.572,233,217,28,23,0,180,9,186,11,1,205,33,180,76,205,33,112,97,99,107,101,100,32,98,121,32,110,115,112,97,99,107,36,64,0,0,0,80,69,0,0,76,1,2,0,192,71,159,80,0,0,0,0,0,0,0,0,224,0,15,3,11,1,5,11.0,15.0,6.0,0.4,-1,1,184.0,0
0,0,0,0,0,0,0,0,40239,4194304,4096,4,0,135168,0,1024,36864,86016,1048576,65536,4096,0,2,0.0,2,2,2,2,2,2,0,1,1,1,1,0,0.004,0,2,0.808,0.004,1,-1,-1,-1,2.336,2.589,2.365,233,138,102,1,0,180,9,186,11,1,205,33,180,76,205,33,112,97,99,107,101,100,32,98,121,32,110,115,112,97,99,107,36,64,0,0,0,80,69,0,0,76,1,2,0,215,176,209,77,0,0,0,0,0,0,0,0,224,0,15,1,11,1,0,7.0,11.0,7.0,0.636,-1,1,77.0,0
0,0,0,0,0,0,0,0,73686,4194304,4096,4,0,102400,0,1024,20480,73728,1048576,4096,4096,0,2,0.0,2,2,2,2,2,2,0,1,1,1,1,0,0.002,0,2,0.784,0.002,1,-1,-1,-1,2.333,1.961,0.64,233,36,50,1,0,180,9,186,11,1,205,33,180,76,205,33,112,97,99,107,101,100,32,98,121,32,110,115,112,97,99,107,36,64,0,0,0,80,69,0,0,76,1,2,0,122,157,49,69,0,0,0,0,0,0,0,0,224,0,15,1,11,1,7,8.0,12.0,6.0,0.5,-1,1,31.0,0
0,0,1,0,0,0,0,1,172670,4194304,4096,5,1,643072,0,1024,155648,475136,1048576,4096,4096,0,2,0.0,2,2,2,2,2,2,0,1,1,1,1,0,0.0,0,2,0.954,0.0,1,-1,-1,-1,2.573,2.69,1.074,233,79,72,7,0,180,9,186,11,1,205,33,180,76,205,33,112,97,99,107,101,100,32,98,121,32,110,115,112,97,99,107,36,64,0,0,0,80,69,0,0,76,1,2,0,182,164,45,90,0,0,0,0,0,0,0,0,224,0,3,1,11,1,12,6.0,10.0,6.0,0.6,-1,1,22.0,0
0,0,0,0,0,0,0,0,102748,4194304,4096,4,0,200704,0,1024,61440,126976,1048576,4096,4096,0,2,0.0,2,2,2,2,2,2,0,1,1,1,1,0,0.001,0,2,0.883,0.001,1,-1,-1,-1,2.417,3.012,1.081,233,58,24,2,0,180,9,186,11,1,205,33,180,76,205,33,112,97,99,107,101,100,32,98,121,32,110,115,112,97,99,107,36,64,0,0,0,80,69,0,0,76,1,2,0,174,153,225,91,0,0,0,0,0,0,0,0,224,0,3,1,11,1,8,9.0,13.0,6.0,0.462,-1,1,149.0,0
0,0,1,0,0,0,0,1,71350,4194304,4096,5,1,221184,0,1024,57344,151552,1048576,4096,4096,0,2,0.0,2,2,2,2,2,2,0,1,1,1,1,0,0.001,0,2,0.877,0.001,1,-1,-1,-1,2.482,2.756,1.133,233,220,87,2,0,180,9,186,11,1,205,33,180,76,205,33,112,97,99,107,101,100,32,98,121,32,110,115,112,97,99,107,36,64,0,0,0,80,69,0,0,76,1,2,0,245,184,73,87,0,0,0,0,0,0,0,0,224,0,3,1,11,1,12,7.0,11.0,6.0,0.545,-1,1,14.0,0
0,0,0,0,0,0,0,0,103023,4194304,4096,4,0,188416,0,1024,57344,122880,1048576,4096,4096,0,2,0.0,2,2,2,2,2,2,0,1,1,1,1,0,0.001,0,2,0.916,0.001,1,-1,-1,-1,2.407,2.917,1.132,233,23,3,2,0,180,9,186,11,1,205,33,180,76,205,33,112,97,99,107,101,100,32,98,121,32,110,115,112,97,99,107,36,64,0,0,0,80,69,0,0,76,1,2,0,156,36,98,90,0,0,0,0,0,0,0,0,224,0,3,1,11,1,8,10.0,14.0,6.0,0.429,-1,1,148.0,0
0,0,0,0,0,0,0,0,206303,4194304,4096,4,0,708608,0,1024,196608,499712,524288,131072,4096,0,2,0.0,2,2,2,2,2,2,0,1,1,1,1,0,0.0,0,2,0.972,0.0,1,-1,-1,-1,2.51,2.91,1.234,233,117,16,8,0,180,9,186,11,1,205,33,180,76,205,33,112,97,99,107,101,100,32,98,121,32,110,115,112,97,99,107,36,64,0,0,0,80,69,0,0,76,1,2,0,143,62,80,64,0,0,0,0,0,0,0,0,224,0,15,1,11,1,7,11.0,15.0,6.0,0.4,-1,1,321.0,0
0,0,0,0,0,0,0,0,577771,4194304,4096,4,0,2211840,0,1024,528384,1675264,1048576,4096,4096,0,2,0.0,2,2,2,2,2,2,0,1,1,1,1,0,0.0,0,2,0.988,0.0,1,-1,-1,-1,2.508,2.59,1.358,233,206,14,26,0,180,9,186,11,1,205,33,180,76,205,33,112,97,99,107,101,100,32,98,121,32,110,115,112,97,99,107,36,64,0,0,0,80,69,0,0,76,1,2,0,33,31,125,90,0,0,0,0,0,0,0,0,224,0,3,1,11,1,8,12.0,16.0,6.0,0.375,-1,1,97.0,0
0,0,0,0,0,0,0,0,69726,4194304,4096,4,0,184320,0,1024,57344,114688,1048576,4096,4096,0,2,0.0,2,2,2,2,2,2,0,1,1,1,1,0,0.002,0,2,0.879,0.002,1,-1,-1,-1,2.402,3.017,1.307,233,153,232,1,0,180,9,186,11,1,205,33,180,76,205,33,112,97,99,107,101,100,32,98,121,32,110,115,112,97,99,107,36,64,0,0,0,80,69,0,0,76,1,2,0,138,16,117,91,0,0,0,0,0,0,0,0,224,0,3,1,11,1,8,8.0,12.0,6.0,0.5,-1,1,143.0,0
0,0,0,0,0,0,0,0,91548,4194304,4096,4,0,188416,0,4096,32768,147456,1048576,4096,4096,0,2,0.0,2,2,2,2,2,2,0,1,1,1,1,0,0.001,0,2,0.857,0.001,1,-1,-1,-1,2.33,1.86,0.683,233,48,66,2,0,180,9,186,11,1,205,33,180,76,205,33,112,97,99,107,101,100,32,98,121,32,110,115,112,97,99,107,36,64,0,0,0,80,69,0,0,76,1,2,0,147,79,227,68,0,0,0,0,0,0,0,0,224,0,15,1,11,1,6,5.0,9.0,6.0,0.667,-1,1,-1,0
0,0,0,0,0,0,0,0,72200,4194304,4096,4,0,126976,0,4096,36864,77824,1048576,4096,4096,0,2,0.0,2,2,2,2,2,2,0,1,1,1,1,0,0.003,0,2,0.799,0.003,1,-1,-1,-1,2.298,2.848,1.432,233,107,68,1,0,180,9,186,11,1,205,33,180,76,205,33,112,97,99,107,101,100,32,98,121,32,110,115,112,97,99,107,36,64,0,0,0,80,69,0,0,76,1,2,0,170,33,253,85,0,0,0,0,0,0,0,0,224,0,3,1,11,1,8,10.0,14.0,6.0,0.429,-1,1,104.0,0
0,0,0,0,0,0,0,1,286123,4194304,4096,5,0,1892352,0,1024,241664,1638400,1048576,4096,4096,0,2,0.0,2,2,2,2,2,2,0,1,1,1,1,0,0.0,0,2,0.971,0.0,1,-1,-1,-1,2.493,1.541,1.583,233,1,26,25,0,180,9,186,11,1,205,33,180,76,205,33,112,97,99,107,101,100,32,98,121,32,110,115,112,97,99,107,36,64,0,0,0,80,69,0,0,76,1,2,0,73,124,170,75,0,0,0,0,0,0,0,0,224,0,3,1,11,1,9,9.0,13.0,6.0,0.462,-1,1,68.0,0
0,0,0,0,0,0,0,0,102394,4194304,4096,4,0,315392,0,4096,69632,237568,1048576,4096,4096,0,2,0.0,2,2,2,2,2,2,0,1,1,1,1,0,0.0,0,2,0.928,0.0,1,-1,-1,-1,2.466,2.322,1.8,233,112,178,3,0,180,9,186,11,1,205,33,180,76,205,33,112,97,99,107,101,100,32,98,121,32,110,115,112,97,99,107,36,64,0,0,0,80,69,0,0,76,1,2,0,224,97,226,68,0,0,0,0,0,0,0,0,224,0,15,1,11,1,6,10.0,14.0,6.0,0.429,-1,1,100.0,0
0,0,0,0,0,0,0,1,186969,4194304,4096,5,0,724992,0,1024,155648,557056,1048576,4096,4096,0,2,0.0,2,2,2,2,2,2,0,1,1,1,1,0,0.0,0,2,0.953,0.0,1,-1,-1,-1,2.535,2.39,1.615,233,152,152,8,0,180,9,186,11,1,205,33,180,76,205,33,112,97,99,107,101,100,32,98,121,32,110,115,112,97,99,107,36,64,0,0,0,80,69,0,0,76,1,2,0,217,232,158,80,0,0,0,0,0,0,0,0,224,0,3,1,11,1,9,9.0,13.0,6.0,0.462,-1,1,171.0,0
0,0,0,0,0,0,0,0,75240,4194304,4096,4,0,122880,0,4096,28672,81920,1048576,4096,4096,0,2,0.0,2,2,2,2,2,2,0,1,1,1,1,0,0.003,0,2,0.806,0.003,1,-1,-1,-1,2.314,2.351,1.984,233,185,76,1,0,180,9,186,11,1,205,33,180,76,205,33,112,97,99,107,101,100,32,98,121,32,110,115,112,97,99,107,36,64,0,0,0,80,69,0,0,76,1,2,0,9,5,183,71,0,0,0,0,0,0,0,0,224,0,15,1,11,1,6,6.0,10.0,6.0,0.6,-1,1,53.0,0
0,0,0,0,0,0,0,0,36567,4194304,4096,4,0,188416,0,4096,32768,147456,1048576,4096,4096,0,2,0.0,2,2,2,2,2,2,0,1,1,1,1,0,0.001,0,2,0.859,0.001,1,-1,-1,-1,2.316,1.883,1.099,233,43,66,2,0,180,9,186,11,1,205,33,180,76,205,33,112,97,99,107,101,100,32,98,121,32,110,115,112,97,99,107,36,64,0,0,0,80,69,0,0,76,1,2,0,7,45,66,69,0,0,0,0,0,0,0,0,224,0,15,1,11,1,6,5.0,9.0,6.0,0.667,-1,1,-1,0
0,0,0,0,0,0,0,1,1088682,4194304,4096,5,0,4268032,0,1024,1048576,3211264,1048576,4096,4096,0,2,0.0,2,2,2,2,2,2,0,1,1,1,1,0,0.0,0,2,0.992,0.0,1,-1,-1,-1,2.578,2.653,2.464,233,12,248,50,0,180,9,186,11,1,205,33,180,76,205,33,112,97,99,107,101,100,32,98,121,32,110,115,112,97,99,107,36,64,0,0,0,80,69,0,0,76,1,2,0,42,91,163,91,0,0,0,0,0,0,0,0,224,0,3,1,11,1,9,12.0,16.0,6.0,0.375,-1,1,742.0,0
0,0,1,0,0,0,0,1,147677,4194304,4096,5,1,561152,0,1024,90112,458752,1048576,4096,4096,0,2,0.0,2,2,2,2,2,2,0,1,1,1,1,0,0.0,0,2,0.919,0.0,1,-1,-1,-1,2.504,1.847,3.99,233,99,7,7,0,180,9,186,11,1,205,33,180,76,205,33,112,97,99,107,101,100,32,98,121,32,110,115,112,97,99,107,36,64,0,0,0,80,69,0,0,76,1,2,0,148,13,72,87,0,0,0,0,0,0,0,0,224,0,3,1,11,1,12,6.0,10.0,6.0,0.6,-1,1,14.0,0
0,0,0,0,0,0,0,0,91253,4194304,4096,4,0,204800,0,4096,36864,155648,1048576,4096,4096,0,2,0.0,2,2,2,2,2,2,0,1,1,1,1,0,0.003,0,2,0.81,0.003,1,-1,-1,-1,2.417,1.915,1.66,233,182,102,2,0,180,9,186,11,1,205,33,180,76,205,33,112,97,99,107,101,100,32,98,121,32,110,115,112,97,99,107,36,64,0,0,0,80,69,0,0,76,1,2,0,238,89,227,68,0,0,0,0,0,0,0,0,224,0,15,1,11,1,6,6.0,10.0,6.0,0.6,-1,1,24.0,0
0,0,0,0,0,0,0,0,99661,4194304,4096,4,0,180224,0,4096,53248,118784,1048576,4096,4096,0,2,0.0,2,2,2,2,2,2,0,1,1,1,1,0,0.003,0,2,0.892,0.003,1,-1,-1,-1,2.338,2.861,2.241,233,157,238,1,0,180,9,186,11,1,205,33,180,76,205,33,112,97,99,107,101,100,32,98,121,32,110,115,112,97,99,107,36,64,0,0,0,80,69,0,0,76,1,2,0,210,234,201,84,0,0,0,0,0,0,0,0,224,0,3,1,11,1,8,10.0,14.0,6.0,0.429,-1,1,142.0,0
0,0,0,0,0,0,0,0,28403,4194304,4096,4,0,77824,0,1024,20480,45056,1048576,4096,4096,0,2,0.0,2,2,2,2,2,2,0,1,1,1,1,0,0.002,0,2,0.733,0.002,1,-1,-1,-1,2.282,2.499,0.83,233,199,187,0,0,180,9,186,11,1,205,33,180,76,205,33,112,97,99,107,101,100,32,98,121,32,110,115,112,97,99,107,36,64,0,0,0,80,69,0,0,76,1,2,0,134,70,230,73,0,0,0,0,0,0,0,0,224,0,15,1,11,1,7,7.0,11.0,6.0,0.545,-1,1,53.0,0
0,0,0,0,0,0,0,0,73834,4194304,4096,4,0,192512,0,4096,32768,151552,1048576,4096,4096,0,2,0.0,2,2,2,2,2,2,0,1,1,1,1,0,0.002,0,2,0.866,0.002,1,-1,-1,-1,2.359,1.93,1.302,233,207,82,2,0,180,9,186,11,1,205,33,180,76,205,33,112,97,99,107,101,100,32,98,121,32,110,115,112,97,99,107,36,64,0,0,0,80,69,0,0,76,1,2,0,60,108,226,68,0,0,0,0,0,0,0,0,224,0,15,1,11,1,6,9.0,13.0,6.0,0.462,-1,1,-1,0
0,0,0,0,0,0,0,1,185957,4194304,4096,5,0,663552,0,1024,167936,487424,1048576,4096,4096,0,2,0.0,2,2,2,2,2,2,0,1,1,1,1,0,0.001,0,2,0.971,0.001,1,-1,-1,-1,2.532,2.664,2.234,233,1,180,7,0,180,9,186,11,1,205,33,180,76,205,33,112,97,99,107,101,100,32,98,121,32,110,115,112,97,99,107,36,64,0,0,0,80,69,0,0,76,1,2,0,35,203,238,79,0,0,0,0,0,0,0,0,224,0,3,1,11,1,9,14.0,18.0,6.0,0.333,-1,1,251.0,0
0,0,0,0,0,0,0,0,68167,4194304,4096,4,0,225280,0,4096,45056,167936,1048576,4096,4096,0,2,0.0,2,2,2,2,2,2,0,1,1,1,1,0,0.001,0,2,0.851,0.001,1,-1,-1,-1,2.474,2.079,1.947,233,224,169,2,0,180,9,186,11,1,205,33,180,76,205,33,112,97,99,107,101,100,32,98,121,32,110,115,112,97,99,107,36,64,0,0,0,80,69,0,0,76,1,2,0,227,103,226,68,0,0,0,0,0,0,0,0,224,0,15,1,11,1,6,12.0,16.0,6.0,0.375,-1,1,114.0,0
0,0,0,0,0,0,0,0,0,4194304,5951488,5,0,5984256,29184,1024,1096192,4275712,1048576,16384,4096,8,3,0.727,1,8,1,1,8,1,1,1,0,1,1,0,0.246,2,4,1.011,0.0,0,5.763,5.524,5.947,2.518,4.32,6.397,233,166,0,0,0,160,235,154,0,156,223,137,0,44,223,137,0,0,0,0,0,160,203,11,0,226,208,154,0,78,101,111,76,105,116,101,32,69,120,101,99,117,116,97,98,108,101,32,70,105,108,101,32,67,111,109,112,114,101,115,115,111,114,13,31.0,746.0,19.0,0.025,3.0,1,884.0,0
0,0,0,0,0,0,0,1,0,4194304,778240,5,0,806912,28672,1024,629760,137728,1048576,4096,4096,4,1,0.8,1,3,1,1,3,1,1,1,0,1,1,0,0.246,0,2,1.001,0.01,0,6.322,0.0,6.229,3.366,5.754,6.436,233,166,0,0,0,128,251,75,0,236,49,66,0,228,49,66,0,0,0,0,0,128,243,8,0,194,224,75,0,78,101,111,76,105,116,101,32,69,120,101,99,117,116,97,98,108,101,32,70,105,108,101,32,67,111,109,112,114,101,115,115,111,114,13,8.0,196.0,13.0,0.066,16.0,1,680.0,0
0,0,0,0,0,0,0,0,0,4194304,110592,4,0,122880,7680,1024,29184,67072,1048576,4096,4096,5,1,0.833,1,3,1,1,3,1,1,1,0,1,1,0,1.041,0,1,2.098,0.075,0,6.457,0.0,4.825,3.558,5.543,6.266,233,166,0,0,0,208,204,65,0,248,176,65,0,244,176,65,0,0,0,0,0,0,122,0,0,66,179,65,0,78,101,111,76,105,116,101,32,69,120,101,99,117,116,97,98,108,101,32,70,105,108,101,32,67,111,109,112,114,101,115,115,111,114,13,10.0,10.0,2.0,0.2,1.0,1,132.0,0
0,0,0,0,0,0,0,0,0,4194304,221184,4,0,249856,28672,1024,65024,147456,1048576,4096,4096,4,1,0.8,1,3,1,1,3,1,1,1,0,1,1,0,0.246,0,2,1.022,0.026,0,7.294,0.0,4.442,3.657,5.33,6.43,233,166,0,0,0,128,123,67,0,72,81,66,0,80,82,66,0,0,0,0,0,128,209,0,0,194,96,67,0,78,101,111,76,105,116,101,32,69,120,101,99,117,116,97,98,108,101,32,70,105,108,101,32,67,111,109,112,114,101,115,115,111,114,13,10.0,287.0,11.0,0.038,3.0,1,182.0,0
0,0,0,0,0,0,0,1,0,4194304,3174400,5,0,3203072,28672,4096,1852416,1314304,1048576,4096,4096,4,1,0.8,1,3,1,1,3,1,1,1,0,1,1,0,0.246,0,2,1.001,0.021,0,5.13,0.0,5.279,3.717,5.343,6.412,233,166,0,0,0,128,139,112,0,12,35,84,0,24,36,84,0,0,0,0,0,128,5,28,0,194,112,112,0,78,101,111,76,105,116,101,32,69,120,101,99,117,116,97,98,108,101,32,70,105,108,101,32,67,111,109,112,114,101,115,115,111,114,13,12.0,421.0,14.0,0.033,-1,1,2024.0,0
0,0,0,0,0,0,0,0,0,4194304,98304,4,0,110592,7680,1024,24064,65024,1048576,4096,4096,5,1,0.833,1,3,1,1,3,1,1,1,0,1,1,0,1.06,0,1,2.098,0.093,0,6.374,0.0,3.84,3.613,5.378,6.197,233,166,0,0,0,78,156,65,0,208,128,65,0,204,128,65,0,0,0,0,0,0,108,0,0,192,130,65,0,78,101,111,76,105,116,101,32,69,120,101,99,117,116,97,98,108,101,32,70,105,108,101,32,67,111,109,112,114,101,115,115,111,114,13,8.0,8.0,2.0,0.25,1.0,1,144.0,0
0,0,0,0,0,0,0,0,0,4194304,135168,4,0,163840,28672,1024,44544,76800,1048576,4096,4096,4,1,0.8,1,3,1,1,3,1,1,1,0,1,1,0,0.246,0,2,1.031,0.104,0,6.463,0.0,3.915,3.577,5.241,6.423,233,166,0,0,0,128,43,66,0,24,65,65,0,20,65,65,0,0,0,0,0,128,187,0,0,194,16,66,0,78,101,111,76,105,116,101,32,69,120,101,99,117,116,97,98,108,101,32,70,105,108,101,32,67,111,109,112,114,101,115,115,111,114,13,9.0,252.0,11.0,0.044,25.0,1,192.0,0
0,0,0,0,0,0,0,0,0,4194304,131072,4,0,167936,29696,1024,39424,78336,1048576,4096,4096,5,1,0.833,1,3,1,1,3,1,1,1,0,1,1,0,0.262,0,2,2.098,0.058,0,6.326,0.0,5.016,3.497,4.978,6.383,233,166,0,0,0,242,29,66,0,248,0,66,0,244,0,66,0,0,0,0,0,0,154,0,0,52,3,66,0,78,101,111,76,105,116,101,32,69,120,101,99,117,116,97,98,108,101,32,70,105,108,101,32,67,111,109,112,114,101,115,115,111,114,13,10.0,10.0,2.0,0.2,1.0,1,180.0,0
0,0,0,0,0,0,0,1,0,4194304,315392,5,0,344064,28672,1024,66560,237568,1048576,4096,4096,4,1,0.8,1,3,1,1,3,1,1,1,0,1,1,0,0.246,0,2,1.055,0.246,0,6.74,3.279,4.079,3.591,5.102,6.426,233,166,0,0,0,128,235,68,0,24,178,67,0,12,178,67,0,0,0,0,0,128,247,0,0,194,208,68,0,78,101,111,76,105,116,101,32,69,120,101,99,117,116,97,98,108,101,32,70,105,108,101,32,67,111,109,112,114,101,115,115,111,114,13,13.0,278.0,14.0,0.05,15.0,1,112.0,0
0,0,0,0,0,0,0,1,0,4194304,212992,5,0,241664,28672,1024,70656,133120,1048576,4096,4096,4,1,0.8,1,3,1,1,3,1,1,1,0,1,1,0,0.246,0,2,1.002,0.019,0,7.351,0.0,5.517,3.725,4.961,6.414,233,166,0,0,0,128,91,67,0,24,34,66,0,44,34,66,0,0,0,0,0,128,203,0,0,194,64,67,0,78,101,111,76,105,116,101,32,69,120,101,99,117,116,97,98,108,101,32,70,105,108,101,32,67,111,109,112,114,101,115,115,111,114,13,12.0,233.0,14.0,0.06,14.0,1,118.0,0
0,0,0,0,0,0,0,0,0,4194304,114688,4,0,126976,7680,1024,32768,67584,1048576,4096,4096,5,1,0.833,1,3,1,1,3,1,1,1,0,1,1,0,1.037,0,1,2.098,0.077,0,6.247,0.0,4.715,3.587,5.493,6.269,233,166,0,0,0,238,220,65,0,12,193,65,0,8,193,65,0,0,0,0,0,0,136,0,0,96,195,65,0,78,101,111,76,105,116,101,32,69,120,101,99,117,116,97,98,108,101,32,70,105,108,101,32,67,111,109,112,114,101,115,115,111,114,13,11.0,11.0,2.0,0.182,1.0,1,172.0,0
0,0,0,0,0,0,0,0,0,4194304,81920,4,0,94208,7168,4096,28160,40960,1048576,4096,4096,5,1,0.833,1,3,1,1,3,1,1,1,0,1,1,0,1.064,0,1,2.098,0.107,0,5.784,0.0,3.741,3.379,5.551,6.19,233,166,0,0,0,80,90,65,0,176,176,64,0,168,176,64,0,0,0,0,0,0,124,0,0,194,64,65,0,78,101,111,76,105,116,101,32,69,120,101,99,117,116,97,98,108,101,32,70,105,108,101,32,67,111,109,112,114,101,115,115,111,114,13,11.0,201.0,8.0,0.04,-1,1,168.0,0
0,0,1,0,0,0,0,1,0,4194304,139264,5,1,176128,29184,1024,62976,64512,1048576,4096,4096,5,1,0.833,1,3,1,1,3,1,1,1,0,1,1,0,0.264,0,2,2.098,0.264,0,4.934,3.248,3.811,3.69,5.079,6.295,233,166,0,0,0,0,61,66,0,144,32,66,0,140,32,66,0,0,0,0,0,0,248,0,0,66,34,66,0,78,101,111,76,105,116,101,32,69,120,101,99,117,116,97,98,108,101,32,70,105,108,101,32,67,111,109,112,114,101,115,115,111,114,13,6.0,6.0,2.0,0.333,2.0,1,14.0,0
0,0,0,0,0,0,0,0,0,4194304,81920,4,0,90112,8192,4096,32768,45056,1048576,4096,4096,4,1,0.8,1,3,1,1,3,1,1,1,0,1,1,0,1.0,0,0,1.347,1.0,0,4.034,0.0,3.194,3.56,5.015,6.425,233,166,0,0,0,96,90,65,0,180,192,64,0,176,192,64,0,0,0,0,0,96,170,0,0,194,64,65,0,78,101,111,76,105,116,101,32,69,120,101,99,117,116,97,98,108,101,32,70,105,108,101,32,67,111,109,112,114,101,115,115,111,114,13,9.0,205.0,10.0,0.049,-1,1,132.0,0
0,0,0,0,0,0,0,0,0,4194304,110592,4,0,118784,7168,4096,38400,58880,1048576,4096,4096,4,1,0.8,1,3,1,1,3,1,1,1,0,1,1,0,1.0,0,1,1.021,0.117,0,6.064,0.0,3.962,3.594,5.495,6.413,233,166,0,0,0,80,202,65,0,252,0,65,0,248,0,65,0,0,0,0,0,80,164,0,0,194,176,65,0,78,101,111,76,105,116,101,32,69,120,101,99,117,116,97,98,108,101,32,70,105,108,101,32,67,111,109,112,114,101,115,115,111,114,13,11.0,240.0,10.0,0.042,-1,1,156.0,0
0,0,0,0,0,0,0,0,0,4194304,98304,4,0,106496,8192,4096,45056,49152,1048576,4096,4096,4,1,0.8,1,3,1,1,3,1,1,1,0,1,1,0,1.0,0,1,1.231,0.363,0,4.816,0.0,3.751,3.572,5.827,6.395,233,166,0,0,0,80,154,65,0,100,208,64,0,184,208,64,0,0,0,0,0,80,186,0,0,194,128,65,0,78,101,111,76,105,116,101,32,69,120,101,99,117,116,97,98,108,101,32,70,105,108,101,32,67,111,109,112,114,101,115,115,111,114,13,10.0,142.0,11.0,0.077,8.0,1,44.0,0
0,0,0,0,0,0,0,0,0,4194304,262144,4,0,290816,28672,4096,163840,94208,1048576,4096,4096,4,1,0.8,1,3,1,1,3,1,1,1,0,1,1,0,0.246,0,2,1.177,0.033,0,6.237,0.0,3.08,3.853,3.924,6.389,233,166,0,0,0,128,27,68,0,208,128,65,0,36,130,65,0,0,0,0,0,128,203,0,0,194,0,68,0,78,101,111,76,105,116,101,32,69,120,101,99,117,116,97,98,108,101,32,70,105,108,101,32,67,111,109,112,114,101,115,115,111,114,13,11.0,236.0,10.0,0.042,31.0,1,152.0,0
0,0,1,0,0,0,0,1,0,4194304,147456,5,1,184320,29184,1024,65536,69120,1048576,4096,4096,5,1,0.833,1,3,1,1,3,1,1,1,0,1,1,0,0.264,0,2,2.098,0.264,0,5.059,3.303,3.757,3.681,5.258,6.28,233,166,0,0,0,244,92,66,0,144,64,66,0,140,64,66,0,0,0,0,0,136,62,1,0,54,66,66,0,78,101,111,76,105,116,101,32,69,120,101,99,117,116,97,98,108,101,32,70,105,108,101,32,67,111,109,112,114,101,115,115,111,114,13,6.0,6.0,2.0,0.333,2.0,1,14.0,0
0,0,0,0,0,0,0,0,0,4194304,65536,4,0,73728,8192,4096,4096,57344,1048576,4096,4096,3,1,0.75,1,3,1,1,3,1,1,1,0,1,1,0,1.0,0,0,2.124,1.0,0,6.868,1.826,-1,3.585,5.278,6.361,233,166,0,0,0,80,26,65,0,0,208,64,0,44,208,64,0,0,0,0,0,80,58,0,0,194,0,65,0,78,101,111,76,105,116,101,32,69,120,101,99,117,116,97,98,108,101,32,70,105,108,101,32,67,111,109,112,114,101,115,115,111,114,13,2.0,73.0,3.0,0.041,14.0,1,-1,0
0,0,1,0,0,0,0,1,0,4194304,122880,5,1,151552,28672,1024,53760,55296,1048576,4096,4096,4,1,0.8,1,3,1,1,3,1,1,1,0,1,1,0,0.246,0,2,1.15,0.246,0,5.532,3.423,3.763,3.72,5.635,6.433,233,166,0,0,0,128,251,65,0,176,240,64,0,188,240,64,0,0,0,0,0,32,16,1,0,194,224,65,0,78,101,111,76,105,116,101,32,69,120,101,99,117,116,97,98,108,101,32,70,105,108,101,32,67,111,109,112,114,101,115,115,111,114,13,5.0,110.0,9.0,0.082,12.0,1,14.0,0
0,0,0,0,0,0,0,0,0,4194304,90112,4,0,98304,7168,4096,29696,48128,1048576,4096,4096,4,1,0.8,1,3,1,1,3,1,1,1,0,1,1,0,1.0,0,1,1.017,0.111,0,6.029,0.0,3.756,3.425,5.603,6.416,233,166,0,0,0,80,122,65,0,212,208,64,0,208,208,64,0,0,0,0,0,176,152,0,0,194,96,65,0,78,101,111,76,105,116,101,32,69,120,101,99,117,116,97,98,108,101,32,70,105,108,101,32,67,111,109,112,114,101,115,115,111,114,13,10.0,228.0,10.0,0.044,-1,1,160.0,0
0,0,0,0,0,0,0,0,0,4194304,208896,4,0,237568,28672,4096,135168,69632,1048576,4096,4096,4,1,0.8,1,3,1,1,3,1,1,1,0,1,1,0,0.246,0,2,1.087,0.246,0,5.333,0.0,5.881,3.464,5.567,6.423,233,166,0,0,0,128,75,67,0,252,32,65,0,0,33,65,0,0,0,0,0,176,38,2,0,194,48,67,0,78,101,111,76,105,116,101,32,69,120,101,99,117,116,97,98,108,101,32,70,105,108,101,32,67,111,109,112,114,101,115,115,111,114,13,9.0,135.0,12.0,0.089,17.0,1,20.0,0
0,0,1,0,0,0,0,1,0,4194304,196608,5,1,229376,29184,1024,81920,99840,1048576,4096,4096,4,1,0.8,1,3,1,1,3,1,1,1,0,1,1,0,0.256,0,2,1.085,0.256,0,5.399,2.56,3.883,3.84,5.17,6.389,233,166,0,0,0,12,29,67,0,168,0,67,0,164,0,67,0,0,0,0,0,180,119,1,0,78,2,67,0,78,101,111,76,105,116,101,32,69,120,101,99,117,116,97,98,108,101,32,70,105,108,101,32,67,111,109,112,114,101,115,115,111,114,13,6.0,6.0,2.0,0.333,1.0,1,14.0,0
0,0,1,0,0,0,0,1,0,4194304,159744,5,1,192512,29184,1024,71168,75776,1048576,4096,4096,4,1,0.8,1,3,1,1,3,1,1,1,0,1,1,0,0.256,0,2,1.11,0.256,0,5.381,3.33,3.844,3.818,5.225,6.406,233,166,0,0,0,8,141,66,0,168,112,66,0,164,112,66,0,0,0,0,0,168,61,1,0,74,114,66,0,78,101,111,76,105,116,101,32,69,120,101,99,117,116,97,98,108,101,32,70,105,108,101,32,67,111,109,112,114,101,115,115,111,114,13,6.0,6.0,2.0,0.333,1.0,1,14.0,0
0,0,0,0,0,0,0,1,0,4194304,192512,5,0,221184,28672,1024,47616,134656,1048576,4096,4096,4,1,0.8,1,3,1,1,3,1,1,1,0,1,1,0,0.246,0,2,1.136,0.246,0,7.345,2.239,4.414,3.526,5.149,6.415,233,166,0,0,0,128,11,67,0,216,32,66,0,160,32,66,0,0,0,0,0,248,196,0,0,194,240,66,0,78,101,111,76,105,116,101,32,69,120,101,99,117,116,97,98,108,101,32,70,105,108,101,32,67,111,109,112,114,101,115,115,111,114,13,9.0,174.0,12.0,0.069,29.0,1,14.0,0
0,0,1,0,0,0,0,1,0,4194304,159744,5,1,192512,29184,1024,64512,78336,1048576,4096,4096,4,1,0.8,1,3,1,1,3,1,1,1,0,1,1,0,0.254,0,2,1.123,0.254,0,5.5,3.321,3.82,3.834,5.261,6.403,233,166,0,0,0,204,140,66,0,140,112,66,0,136,112,66,0,0,0,0,0,124,59,1,0,14,114,66,0,78,101,111,76,105,116,101,32,69,120,101,99,117,116,97,98,108,101,32,70,105,108,101,32,67,111,109,112,114,101,115,115,111,114,13,5.0,5.0,2.0,0.4,1.0,1,14.0,0
0,0,1,0,0,0,0,1,0,4194304,184320,5,1,212992,28672,1024,73728,97280,1048576,4096,4096,4,1,0.8,1,3,1,1,3,1,1,1,0,1,1,0,0.246,0,2,1.136,0.246,0,5.805,2.911,3.778,3.768,5.325,6.424,233,166,0,0,0,128,235,66,0,168,144,65,0,184,144,65,0,0,0,0,0,32,90,1,0,194,208,66,0,78,101,111,76,105,116,101,32,69,120,101,99,117,116,97,98,108,101,32,70,105,108,101,32,67,111,109,112,114,101,115,115,111,114,13,5.0,106.0,9.0,0.085,11.0,1,14.0,0
0,0,1,0,0,0,0,1,0,4194304,290816,5,1,319488,28672,1024,189952,86528,1048576,4096,4096,4,1,0.8,1,3,1,1,3,1,1,1,0,1,1,0,0.246,0,2,1.01,0.036,0,5.575,0.0,6.207,3.895,5.728,6.425,233,166,0,0,0,128,139,68,0,208,112,65,0,224,112,65,0,0,0,0,0,32,14,3,0,194,112,68,0,78,101,111,76,105,116,101,32,69,120,101,99,117,116,97,98,108,101,32,70,105,108,101,32,67,111,109,112,114,101,115,115,111,114,13,6.0,121.0,10.0,0.083,18.0,1,20.0,0
0,0,1,0,0,0,0,1,0,4194304,348160,5,1,380928,29696,1024,231936,102912,1048576,4096,4096,4,1,0.8,1,3,1,1,3,1,1,1,0,1,1,0,0.261,0,2,1.004,0.012,0,5.351,0.0,6.139,3.887,5.319,6.372,233,166,0,0,0,220,109,69,0,8,81,69,0,4,81,69,0,0,0,0,0,116,64,3,0,30,83,69,0,78,101,111,76,105,116,101,32,69,120,101,99,117,116,97,98,108,101,32,70,105,108,101,32,67,111,109,112,114,101,115,115,111,114,13,10.0,10.0,2.0,0.2,1.0,1,20.0,0
0,0,0,0,0,0,0,0,0,4194304,90112,4,0,102400,7168,1024,31232,50688,1048576,4096,4096,5,1,0.833,1,3,1,1,3,1,1,1,0,1,1,0,1.064,0,1,2.098,0.134,0,6.059,0.0,3.988,3.468,6.15,6.206,233,166,0,0,0,80,122,65,0,8,225,64,0,4,225,64,0,0,0,0,0,208,186,0,0,194,96,65,0,78,101,111,76,105,116,101,32,69,120,101,99,117,116,97,98,108,101,32,70,105,108,101,32,67,111,109,112,114,101,115,115,111,114,13,11.0,221.0,11.0,0.05,10.0,1,152.0,0
0,0,0,0,0,0,0,0,0,4194304,7180288,5,0,7213056,29184,1024,2329600,4794368,1048576,16384,4096,9,3,0.75,1,8,1,1,8,1,1,1,0,1,1,0,0.249,2,4,1.008,0.0,0,6.917,5.057,6.693,2.466,5.049,6.402,233,166,0,0,0,254,171,173,0,196,173,137,0,60,173,137,0,0,0,0,0,254,3,30,0,64,145,173,0,78,101,111,76,105,116,101,32,69,120,101,99,117,116,97,98,108,101,32,70,105,108,101,32,67,111,109,112,114,101,115,115,111,114,13,26.0,650.0,14.0,0.022,3.0,1,558.0,0
0,0,0,0,0,0,0,0,0,4194304,684032,4,0,716800,29184,1024,117248,537600,1048576,16384,4096,5,4,0.556,1,6,1,1,6,1,0,1,1,1,1,0,0.246,2,4,1.037,0.0,0,-1,-1,5.339,2.191,4.752,6.444,233,166,0,0,0,160,139,74,0,224,114,72,0,204,113,72,0,0,0,0,0,160,79,1,0,226,112,74,0,78,101,111,76,105,116,101,32,69,120,101,99,117,116,97,98,108,101,32,70,105,108,101,32,67,111,109,112,114,101,115,115,111,114,13,18.0,430.0,24.0,0.056,-1,1,252.0,0
0,0,0,0,0,0,0,0,0,4194304,532480,4,0,561152,28672,4096,110592,417792,1048576,4096,4096,4,1,0.8,1,3,1,1,3,1,1,1,0,1,1,0,0.246,0,2,1.181,0.105,0,4.677,0.0,3.498,3.892,3.672,6.427,233,166,0,0,0,128,59,72,0,132,113,70,0,128,113,70,0,0,0,0,0,128,75,1,0,194,32,72,0,78,101,111,76,105,116,101,32,69,120,101,99,117,116,97,98,108,101,32,70,105,108,101,32,67,111,109,112,114,101,115,115,111,114,13,13.0,327.0,14.0,0.043,7.0,1,152.0,0
0,0,0,0,0,0,0,0,0,4194304,73728,4,0,81920,7680,1024,38400,22528,1048576,4096,4096,4,1,0.8,1,3,1,1,3,1,1,1,0,1,1,0,1.0,0,1,1.096,0.015,0,6.292,0.0,5.275,3.725,3.042,6.415,233,166,0,0,0,76,60,65,0,180,32,65,0,184,32,65,0,0,0,0,0,76,54,0,0,190,34,65,0,78,101,111,76,105,116,101,32,69,120,101,99,117,116,97,98,108,101,32,70,105,108,101,32,67,111,109,112,114,101,115,115,111,114,13,8.0,8.0,2.0,0.25,2.0,1,32.0,0
0,0,1,0,0,0,0,1,0,4194304,475136,5,1,507904,29184,1024,377856,90112,1048576,4096,4096,4,1,0.8,1,3,1,1,3,1,1,1,0,1,1,0,0.255,0,2,1.002,0.008,0,5.425,0.0,6.065,3.893,5.42,6.398,233,166,0,0,0,254,92,71,0,144,64,71,0,140,64,71,0,0,0,0,0,134,27,5,0,64,66,71,0,78,101,111,76,105,116,101,32,69,120,101,99,117,116,97,98,108,101,32,70,105,108,101,32,67,111,109,112,114,101,115,115,111,114,13,6.0,6.0,2.0,0.333,2.0,1,24.0,0
0,0,1,0,0,0,0,1,0,4194304,6262784,5,1,6295552,29184,1024,4558848,1693696,1048576,4096,4096,4,1,0.8,1,3,1,1,3,1,1,1,0,1,1,0,0.246,0,2,1.001,0.01,0,6.231,0.0,6.224,4.329,5.939,6.417,233,166,0,0,0,160,171,159,0,136,244,89,0,140,244,89,0,0,0,0,0,240,29,69,0,226,144,159,0,78,101,111,76,105,116,101,32,69,120,101,99,117,116,97,98,108,101,32,70,105,108,101,32,67,111,109,112,114,101,115,115,111,114,13,18.0,651.0,9.0,0.014,18.0,1,874.0,0
0,0,0,0,0,0,0,0,0,4194304,126976,4,0,159744,29696,1024,34304,81920,1048576,4096,4096,4,1,0.8,1,3,1,1,3,1,1,1,0,1,1,0,0.26,0,2,1.004,0.081,0,6.645,0.0,4.845,3.678,5.389,6.414,233,166,0,0,0,184,13,66,0,228,240,65,0,224,240,65,0,0,0,0,0,136,190,0,0,250,242,65,0,78,101,111,76,105,116,101,32,69,120,101,99,117,116,97,98,108,101,32,70,105,108,101,32,67,111,109,112,114,101,115,115,111,114,13,9.0,9.0,2.0,0.222,1.0,1,184.0,0
0,0,0,0,0,0,0,0,0,4194304,102400,4,0,110592,7680,1024,34304,58880,1048576,4096,4096,4,1,0.8,1,3,1,1,3,1,1,1,0,1,1,0,1.0,0,1,1.018,0.088,0,5.964,0.0,4.992,3.702,5.959,6.403,233,166,0,0,0,126,172,65,0,228,144,65,0,224,144,65,0,0,0,0,0,78,191,0,0,240,146,65,0,78,101,111,76,105,116,101,32,69,120,101,99,117,116,97,98,108,101,32,70,105,108,101,32,67,111,109,112,114,101,115,115,111,114,13,9.0,9.0,2.0,0.222,1.0,1,156.0,0
0,0,1,0,0,0,0,1,0,4194304,151552,5,1,184320,29184,1024,66048,72192,1048576,4096,4096,4,1,0.8,1,3,1,1,3,1,1,1,0,1,1,0,0.256,0,2,1.129,0.256,0,5.202,3.211,3.789,3.785,5.343,6.4,233,166,0,0,0,24,109,66,0,172,80,66,0,168,80,66,0,0,0,0,0,192,65,1,0,90,82,66,0,78,101,111,76,105,116,101,32,69,120,101,99,117,116,97,98,108,101,32,70,105,108,101,32,67,111,109,112,114,101,115,115,111,114,13,7.0,7.0,2.0,0.286,1.0,1,14.0,0
0,0,0,0,0,0,0,0,0,4194304,122880,4,0,155648,29696,1024,33280,80896,1048576,4096,4096,4,1,0.8,1,3,1,1,3,1,1,1,0,1,1,0,0.261,0,2,1.005,0.066,0,6.492,0.0,3.964,3.522,5.234,6.419,233,166,0,0,0,228,253,65,0,0,225,65,0,252,224,65,0,0,0,0,0,180,180,0,0,38,227,65,0,78,101,111,76,105,116,101,32,69,120,101,99,117,116,97,98,108,101,32,70,105,108,101,32,67,111,109,112,114,101,115,115,111,114,13,10.0,10.0,2.0,0.2,1.0,1,180.0,0
0,0,0,0,0,0,0,0,0,4194304,495616,4,0,524288,28672,1024,151040,339456,524288,131072,4096,4,1,0.8,1,3,1,1,3,1,1,1,0,1,1,0,0.246,0,2,1.003,0.021,0,6.742,0.0,4.959,3.889,4.851,6.406,233,166,0,0,0,128,171,71,0,24,66,69,0,44,66,69,0,0,0,0,0,128,15,2,0,194,144,71,0,78,101,111,76,105,116,101,32,69,120,101,99,117,116,97,98,108,101,32,70,105,108,101,32,67,111,109,112,114,101,115,115,111,114,13,11.0,375.0,15.0,0.04,9.0,1,404.0,0
0,0,0,0,0,0,0,0,0,4194304,1671168,4,0,1703936,29696,1024,96768,1558528,1048576,4096,4096,4,1,0.8,1,3,1,1,3,1,1,1,0,1,1,0,0.264,0,2,1.002,0.009,0,5.244,0.0,4.235,3.906,4.308,6.398,233,166,0,0,0,78,158,89,0,44,129,89,0,48,129,89,0,0,0,0,0,182,250,0,0,144,131,89,0,78,101,111,76,105,116,101,32,69,120,101,99,117,116,97,98,108,101,32,70,105,108,101,32,67,111,109,112,114,101,115,115,111,114,13,12.0,12.0,2.0,0.167,1.0,1,106.0,0
0,0,0,0,0,0,0,0,0,4194304,114688,4,0,147456,29184,1024,36864,68096,1048576,4096,4096,4,1,0.8,1,3,1,1,3,1,1,1,0,1,1,0,0.259,0,2,1.004,0.082,0,6.11,0.0,4.892,3.636,5.395,6.416,233,166,0,0,0,128,221,65,0,208,192,65,0,204,192,65,0,0,0,0,0,80,200,0,0,194,194,65,0,78,101,111,76,105,116,101,32,69,120,101,99,117,116,97,98,108,101,32,70,105,108,101,32,67,111,109,112,114,101,115,115,111,114,13,8.0,8.0,2.0,0.25,1.0,1,176.0,0
0,0,0,0,0,0,0,0,0,4194304,118784,4,0,126976,7680,1024,28160,75776,1048576,4096,4096,4,1,0.8,1,3,1,1,3,1,1,1,0,1,1,0,1.0,0,1,1.022,0.094,0,6.571,0.0,4.635,3.721,5.8,6.415,233,166,0,0,0,176,236,65,0,248,208,65,0,244,208,65,0,0,0,0,0,128,169,0,0,34,211,65,0,78,101,111,76,105,116,101,32,69,120,101,99,117,116,97,98,108,101,32,70,105,108,101,32,67,111,109,112,114,101,115,115,111,114,13,10.0,10.0,2.0,0.2,1.0,1,140.0,0
0,0,0,0,0,0,0,0,0,4194304,147456,4,0,176128,28672,4096,122880,20480,1048576,4096,4096,3,1,0.75,1,3,1,1,3,1,1,1,0,1,1,0,0.246,0,2,1.336,0.246,0,4.792,5.279,-1,3.61,5.761,6.416,233,166,0,0,0,128,91,66,0,68,96,64,0,140,96,64,0,0,0,0,0,184,6,2,0,194,64,66,0,78,101,111,76,105,116,101,32,69,120,101,99,117,116,97,98,108,101,32,70,105,108,101,32,67,111,109,112,114,101,115,115,111,114,13,5.0,71.0,9.0,0.127,8.0,1,-1,0
0,0,0,0,0,0,0,0,0,4194304,77824,4,0,86016,7168,4096,25600,38912,1048576,4096,4096,4,1,0.8,1,3,1,1,3,1,1,1,0,1,1,0,1.0,0,1,1.02,0.123,0,5.948,0.0,4.15,3.58,5.587,6.41,233,166,0,0,0,80,74,65,0,196,176,64,0,192,176,64,0,0,0,0,0,176,138,0,0,194,48,65,0,78,101,111,76,105,116,101,32,69,120,101,99,117,116,97,98,108,101,32,70,105,108,101,32,67,111,109,112,114,101,115,115,111,114,13,10.0,195.0,10.0,0.051,-1,1,124.0,0
0,0,0,0,0,0,0,1,0,4194304,1642496,5,0,1671168,28672,1024,1424384,206336,1048576,4096,4096,4,1,0.8,1,3,1,1,3,1,1,1,0,1,1,0,0.252,0,2,1.01,0.005,0,6.178,3.506,6.211,3.71,2.664,6.433,233,166,0,0,0,48,44,89,0,236,64,67,0,96,66,67,0,0,0,0,0,48,188,5,0,194,16,89,0,78,101,111,76,105,116,101,32,69,120,101,99,117,116,97,98,108,101,32,70,105,108,101,32,67,111,109,112,114,101,115,115,111,114,13,9.0,245.0,11.0,0.045,4.0,1,78.0,0
0,0,0,0,0,0,0,0,0,4194304,241664,4,0,270336,28672,4096,159744,77824,1048576,4096,4096,4,1,0.8,1,3,1,1,3,1,1,1,0,1,1,0,0.251,0,2,1.076,0.251,0,5.52,5.347,3.545,3.907,5.548,6.407,233,166,0,0,0,32,204,67,0,176,65,65,0,180,65,65,0,0,0,0,0,32,60,2,0,194,176,67,0,78,101,111,76,105,116,101,32,69,120,101,99,117,116,97,98,108,101,32,70,105,108,101,32,67,111,109,112,114,101,115,115,111,114,13,10.0,213.0,13.0,0.061,11.0,1,120.0,0
0,0,0,0,0,0,0,1,0,4194304,561152,5,0,581632,17408,1024,343552,206848,1048576,4096,4096,4,1,0.8,1,3,1,1,3,1,1,1,0,1,1,0,0.456,0,2,1.01,0.005,0,6.174,0.0,5.969,3.663,5.129,6.413,233,166,0,0,0,26,174,72,0,224,144,72,0,228,144,72,0,0,0,0,0,26,232,3,0,204,146,72,0,78,101,111,76,105,116,101,32,69,120,101,99,117,116,97,98,108,101,32,70,105,108,101,32,67,111,109,112,114,101,115,115,111,114,13,9.0,9.0,2.0,0.222,1.0,1,214.0,0
0,0,0,0,0,0,0,0,0,4194304,81920,4,0,90112,8192,4096,20480,57344,1048576,4096,4096,4,1,0.8,1,3,1,1,3,1,1,1,0,1,1,0,1.0,0,0,1.184,1.0,0,5.205,0.0,2.945,3.583,4.75,6.388,233,166,0,0,0,204,91,65,0,156,64,65,0,160,64,65,0,0,0,0,0,204,123,0,0,62,66,65,0,78,101,111,76,105,116,101,32,69,120,101,99,117,116,97,98,108,101,32,70,105,108,101,32,67,111,109,112,114,101,115,115,111,114,13,6.0,6.0,2.0,0.333,1.0,1,60.0,0
0,0,0,0,0,0,0,1,0,4194304,3207168,5,0,3223552,16384,1024,2036736,1161216,1048576,4096,4096,4,1,0.8,1,3,1,1,3,1,1,1,0,1,1,0,0.438,0,2,1.002,0.003,0,6.627,0.0,6.712,4.124,6.023,6.42,233,166,0,0,0,0,12,113,0,216,210,81,0,104,211,81,0,0,0,0,0,0,188,28,0,194,240,112,0,78,101,111,76,105,116,101,32,69,120,101,99,117,116,97,98,108,101,32,70,105,108,101,32,67,111,109,112,114,101,115,115,111,114,13,12.0,412.0,12.0,0.029,35.0,1,970.0,0
0,0,1,0,0,0,0,1,0,4194304,458752,5,1,479232,16896,1024,283648,162304,1048576,4096,4096,4,1,0.8,1,3,1,1,3,1,1,1,0,1,1,0,0.45,0,2,1.208,0.064,0,6.335,1.603,3.64,3.891,3.366,6.374,233,166,0,0,0,122,29,71,0,152,0,71,0,148,0,71,0,0,0,0,0,122,67,1,0,60,2,71,0,78,101,111,76,105,116,101,32,69,120,101,99,117,116,97,98,108,101,32,70,105,108,101,32,67,111,109,112,114,101,115,115,111,114,13,6.0,6.0,2.0,0.333,1.0,1,14.0,0
0,0,0,0,0,0,0,0,0,4194304,118784,4,0,139264,17408,4096,31232,75776,1048576,4096,4096,4,1,0.8,1,3,1,1,3,1,1,1,0,1,1,0,0.457,0,2,1.016,0.057,0,6.3,0.0,4.151,3.635,5.076,6.379,233,166,0,0,0,70,238,65,0,224,208,65,0,220,208,65,0,0,0,0,0,70,122,0,0,8,211,65,0,78,101,111,76,105,116,101,32,69,120,101,99,117,116,97,98,108,101,32,70,105,108,101,32,67,111,109,112,114,101,115,115,111,114,13,10.0,10.0,2.0,0.2,2.0,1,174.0,0
0,0,0,0,0,0,0,0,112376,4194304,4096,4,0,126976,54272,512,35328,0,1048576,8192,4096,1,2,0.333,2,3,2,2,3,2,0,1,1,1,1,0,1.025,0,1,1.032,0.346,0,-1,-1,5.114,2.603,3.824,5.996,96,232,0,0,0,0,88,5,90,11,0,0,139,48,3,240,43,192,139,254,102,173,193,224,12,139,200,80,173,43,200,3,241,139,200,87,81,73,138,68,57,6,136,4,49,117,246,43,192,172,139,200,128,225,240,36,15,193,225,12,138,232,172,11,10.0,10.0,2.0,0.2,2.0,1,112.0,0
0,0,0,0,0,0,0,0,109968,4194304,4096,4,0,114688,52736,512,31232,0,1048576,8192,4096,1,2,0.333,2,3,2,2,3,2,0,1,1,1,1,0,1.06,0,1,1.06,0.364,0,-1,-1,3.25,2.6,3.839,6.093,96,232,0,0,0,0,88,5,90,11,0,0,139,48,3,240,43,192,139,254,102,173,193,224,12,139,200,80,173,43,200,3,241,139,200,87,81,73,138,68,57,6,136,4,49,117,246,43,192,172,139,200,128,225,240,36,15,193,225,12,138,232,172,11,8.0,8.0,2.0,0.25,2.0,1,121.0,0
0,0,0,0,0,0,0,0,81549,4194304,4096,4,0,147456,76800,512,40960,0,1048576,8192,4096,1,2,0.333,2,3,2,2,3,2,0,1,1,1,1,0,1.048,0,1,1.063,0.367,0,-1,-1,3.94,2.572,3.895,6.067,96,232,0,0,0,0,88,5,90,11,0,0,139,48,3,240,43,192,139,254,102,173,193,224,12,139,200,80,173,43,200,3,241,139,200,87,81,73,138,68,57,6,136,4,49,117,246,43,192,172,139,200,128,225,240,36,15,193,225,12,138,232,172,11,9.0,9.0,2.0,0.222,2.0,1,157.0,0
0,0,0,0,0,0,0,1,127258,4194304,4096,5,0,327680,237568,512,55296,0,1048576,28672,4096,1,2,0.333,2,3,2,2,3,2,0,1,1,1,1,0,1.127,0,1,1.127,0.373,0,-1,-1,3.707,2.715,3.931,6.134,96,232,0,0,0,0,88,5,90,11,0,0,139,48,3,240,43,192,139,254,102,173,193,224,12,139,200,80,173,43,200,3,241,139,200,87,81,73,138,68,57,6,136,4,49,117,246,43,192,172,139,200,128,225,240,36,15,193,225,12,138,232,172,11,13.0,13.0,2.0,0.154,2.0,1,100.0,0
0,0,1,0,0,0,0,1,662391,4194304,4096,5,1,2871296,586240,512,2263040,0,1048576,53248,4096,1,2,0.333,2,3,2,2,3,2,0,1,1,1,1,0,1.079,0,1,1.108,0.213,0,-1,-1,4.58,2.821,2.44,6.187,96,232,0,0,0,0,88,5,90,11,0,0,139,48,3,240,43,192,139,254,102,173,193,224,12,139,200,80,173,43,200,3,241,139,200,87,81,73,138,68,57,6,136,4,49,117,246,43,192,172,139,200,128,225,240,36,15,193,225,12,138,232,172,11,15.0,15.0,2.0,0.133,2.0,1,42.0,0
0,0,0,0,0,0,0,0,0,4194304,4096,4,0,94208,40960,512,23552,0,1048576,8192,4096,1,2,0.333,2,3,2,2,3,2,0,1,1,1,1,0,1.014,0,1,1.072,0.355,0,-1,-1,3.899,2.444,3.814,5.938,96,232,0,0,0,0,88,5,90,11,0,0,139,48,3,240,43,192,139,254,102,173,193,224,12,139,200,80,173,43,200,3,241,139,200,87,81,73,138,68,57,6,136,4,49,117,246,43,192,172,139,200,128,225,240,36,15,193,225,12,138,232,172,11,11.0,11.0,2.0,0.182,2.0,1,147.0,0
0,0,1,0,0,0,0,1,78972,4194304,4096,5,1,159744,68096,512,66048,0,1048576,8192,4096,1,2,0.333,2,3,2,2,3,2,0,1,1,1,1,0,1.087,0,1,1.157,0.309,0,-1,-1,4.579,2.66,3.403,6.118,96,232,0,0,0,0,88,5,90,11,0,0,139,48,3,240,43,192,139,254,102,173,193,224,12,139,200,80,173,43,200,3,241,139,200,87,81,73,138,68,57,6,136,4,49,117,246,43,192,172,139,200,128,225,240,36,15,193,225,12,138,232,172,11,6.0,6.0,2.0,0.333,2.0,1,14.0,0
0,0,1,0,0,0,0,1,114456,4194304,4096,5,1,163840,73216,512,66560,0,1048576,8192,4096,1,2,0.333,2,3,2,2,3,2,0,1,1,1,1,0,1.087,0,1,1.087,0.318,0,-1,-1,4.421,2.712,3.468,6.119,96,232,0,0,0,0,88,5,90,11,0,0,139,48,3,240,43,192,139,254,102,173,193,224,12,139,200,80,173,43,200,3,241,139,200,87,81,73,138,68,57,6,136,4,49,117,246,43,192,172,139,200,128,225,240,36,15,193,225,12,138,232,172,11,6.0,6.0,2.0,0.333,2.0,1,14.0,0
0,0,1,0,0,0,0,1,57628,4194304,4096,5,1,147456,64512,512,62464,0,1048576,8192,4096,1,2,0.333,2,3,2,2,3,2,0,1,1,1,1,0,1.087,0,1,1.12,0.337,0,-1,-1,4.798,2.63,3.637,6.17,96,232,0,0,0,0,88,5,90,11,0,0,139,48,3,240,43,192,139,254,102,173,193,224,12,139,200,80,173,43,200,3,241,139,200,87,81,73,138,68,57,6,136,4,49,117,246,43,192,172,139,200,128,225,240,36,15,193,225,12,138,232,172,11,6.0,6.0,2.0,0.333,2.0,1,14.0,0
0,0,1,0,0,0,0,1,140212,4194304,4096,5,1,393216,215552,512,158720,0,1048576,28672,4096,1,2,0.333,2,3,2,2,3,2,0,1,1,1,1,0,1.109,0,1,1.153,0.317,0,-1,-1,5.267,2.733,3.47,6.252,96,232,0,0,0,0,88,5,90,11,0,0,139,48,3,240,43,192,139,254,102,173,193,224,12,139,200,80,173,43,200,3,241,139,200,87,81,73,138,68,57,6,136,4,49,117,246,43,192,172,139,200,128,225,240,36,15,193,225,12,138,232,172,11,14.0,14.0,2.0,0.143,2.0,1,14.0,0
0,0,0,0,0,0,0,0,0,4194304,4096,4,0,94208,45056,512,32768,0,1048576,8192,4096,1,2,0.333,2,3,2,2,3,2,0,1,1,1,1,0,1.042,0,1,1.087,0.368,0,-1,-1,3.262,2.44,3.858,5.765,96,232,0,0,0,0,88,5,90,11,0,0,139,48,3,240,43,192,139,254,102,173,193,224,12,139,200,80,173,43,200,3,241,139,200,87,81,73,138,68,57,6,136,4,49,117,246,43,192,172,139,200,128,225,240,36,15,193,225,12,138,232,172,11,9.0,9.0,2.0,0.222,2.0,1,112.0,0
0,0,0,0,0,0,0,0,0,4194304,4096,4,0,122880,58880,512,35328,0,1048576,8192,4096,1,2,0.333,2,3,2,2,3,2,0,1,1,1,1,0,1.015,0,1,1.015,0.361,0,-1,-1,4.027,2.462,3.844,5.952,96,232,0,0,0,0,88,5,90,11,0,0,139,48,3,240,43,192,139,254,102,173,193,224,12,139,200,80,173,43,200,3,241,139,200,87,81,73,138,68,57,6,136,4,49,117,246,43,192,172,139,200,128,225,240,36,15,193,225,12,138,232,172,11,11.0,11.0,2.0,0.182,2.0,1,130.0,0
0,0,0,0,0,0,0,0,85811,4194304,4096,4,0,110592,49152,512,45056,0,1048576,8192,4096,1,2,0.333,2,3,2,2,3,2,0,1,1,1,1,0,1.023,0,1,1.069,0.364,0,-1,-1,5.046,2.588,3.94,5.855,96,232,0,0,0,0,88,5,90,11,0,0,139,48,3,240,43,192,139,254,102,173,193,224,12,139,200,80,173,43,200,3,241,139,200,87,81,73,138,68,57,6,136,4,49,117,246,43,192,172,139,200,128,225,240,36,15,193,225,12,138,232,172,11,10.0,10.0,2.0,0.2,2.0,1,41.0,0
0,0,0,0,0,0,0,0,119414,4194304,4096,4,0,282624,94208,512,163840,0,1048576,28672,4096,1,2,0.333,2,3,2,2,3,2,0,1,1,1,1,0,1.018,0,1,1.025,0.27,0,-1,-1,2.955,2.619,3.041,5.804,96,232,0,0,0,0,88,5,90,11,0,0,139,48,3,240,43,192,139,254,102,173,193,224,12,139,200,80,173,43,200,3,241,139,200,87,81,73,138,68,57,6,136,4,49,117,246,43,192,172,139,200,128,225,240,36,15,193,225,12,138,232,172,11,11.0,11.0,2.0,0.182,2.0,1,138.0,0
0,0,0,0,0,0,0,0,0,4194304,4096,4,0,176128,95744,512,53760,0,1048576,8192,4096,1,2,0.333,2,3,2,2,3,2,0,1,1,1,1,0,1.013,0,1,1.064,0.413,0,-1,-1,4.543,2.487,4.297,5.943,96,232,0,0,0,0,88,5,90,11,0,0,139,48,3,240,43,192,139,254,102,173,193,224,12,139,200,80,173,43,200,3,241,139,200,87,81,73,138,68,57,6,136,4,49,117,246,43,192,172,139,200,128,225,240,36,15,193,225,12,138,232,172,11,11.0,11.0,2.0,0.182,2.0,1,137.0,0
0,0,1,0,0,0,0,1,59200,4194304,4096,5,1,172032,75264,512,72192,0,1048576,8192,4096,1,2,0.333,2,3,2,2,3,2,0,1,1,1,1,0,1.087,0,1,1.139,0.324,0,-1,-1,4.515,2.677,3.523,6.118,96,232,0,0,0,0,88,5,90,11,0,0,139,48,3,240,43,192,139,254,102,173,193,224,12,139,200,80,173,43,200,3,241,139,200,87,81,73,138,68,57,6,136,4,49,117,246,43,192,172,139,200,128,225,240,36,15,193,225,12,138,232,172,11,6.0,6.0,2.0,0.333,2.0,1,14.0,0
0,0,1,0,0,0,0,1,60216,4194304,4096,5,1,155648,69120,512,65024,0,1048576,8192,4096,1,2,0.333,2,3,2,2,3,2,0,1,1,1,1,0,1.087,0,1,1.15,0.336,0,-1,-1,4.952,2.656,3.627,6.168,96,232,0,0,0,0,88,5,90,11,0,0,139,48,3,240,43,192,139,254,102,173,193,224,12,139,200,80,173,43,200,3,241,139,200,87,81,73,138,68,57,6,136,4,49,117,246,43,192,172,139,200,128,225,240,36,15,193,225,12,138,232,172,11,6.0,6.0,2.0,0.333,2.0,1,14.0,0
0,0,1,0,0,0,0,1,67800,4194304,4096,5,1,131072,55296,512,53760,0,1048576,8192,4096,1,2,0.333,2,3,2,2,3,2,0,1,1,1,1,0,1.108,0,1,1.153,0.341,0,-1,-1,4.968,2.642,3.678,6.181,96,232,0,0,0,0,88,5,90,11,0,0,139,48,3,240,43,192,139,254,102,173,193,224,12,139,200,80,173,43,200,3,241,139,200,87,81,73,138,68,57,6,136,4,49,117,246,43,192,172,139,200,128,225,240,36,15,193,225,12,138,232,172,11,5.0,5.0,2.0,0.4,2.0,1,14.0,0
0,0,0,0,0,0,0,0,0,4194304,4096,4,0,102400,48128,512,26112,0,1048576,8192,4096,1,2,0.333,2,3,2,2,3,2,0,1,1,1,1,0,1.028,0,1,1.09,0.369,0,-1,-1,3.314,2.471,3.883,5.992,96,232,0,0,0,0,88,5,90,11,0,0,139,48,3,240,43,192,139,254,102,173,193,224,12,139,200,80,173,43,200,3,241,139,200,87,81,73,138,68,57,6,136,4,49,117,246,43,192,172,139,200,128,225,240,36,15,193,225,12,138,232,172,11,10.0,10.0,2.0,0.2,2.0,1,135.0,0
0,0,1,0,0,0,0,1,70273,4194304,4096,5,1,163840,71168,512,69120,0,1048576,8192,4096,1,2,0.333,2,3,2,2,3,2,0,1,1,1,1,0,1.087,0,1,1.33,0.321,0,-1,-1,5.472,2.712,3.519,6.113,96,232,0,0,0,0,88,5,90,11,0,0,139,48,3,240,43,192,139,254,102,173,193,224,12,139,200,80,173,43,200,3,241,139,200,87,81,73,138,68,57,6,136,4,49,117,246,43,192,172,139,200,128,225,240,36,15,193,225,12,138,232,172,11,6.0,6.0,2.0,0.333,2.0,1,14.0,0
0,0,1,0,0,0,0,1,255637,4194304,4096,5,1,659456,174080,512,462336,0,1048576,28672,4096,1,2,0.333,2,3,2,2,3,2,0,1,1,1,1,0,1.028,0,1,1.028,0.342,0,-1,-1,3.944,2.735,3.657,5.98,96,232,0,0,0,0,88,5,90,11,0,0,139,48,3,240,43,192,139,254,102,173,193,224,12,139,200,80,173,43,200,3,241,139,200,87,81,73,138,68,57,6,136,4,49,117,246,43,192,172,139,200,128,225,240,36,15,193,225,12,138,232,172,11,10.0,10.0,2.0,0.2,2.0,1,96.0,0
0,0,1,0,0,1,0,1,246723,4194304,143360,5,1,557056,359936,512,142336,0,1048576,28672,4096,1,2,0.333,2,3,2,2,3,2,0,1,1,1,1,0,1.055,0,1,1.055,0.362,0,-1,-1,3.753,1.941,3.827,6.08,96,232,0,0,0,0,88,5,90,11,0,0,139,48,3,240,43,192,139,254,102,173,193,224,12,139,200,80,173,43,200,3,241,139,200,87,81,73,138,68,57,6,136,4,49,117,246,43,192,172,139,200,128,225,240,36,15,193,225,12,138,232,172,11,8.0,8.0,2.0,0.25,2.0,1,88.0,0
0,0,1,0,0,0,0,1,148620,4194304,4096,5,1,303104,86016,512,195584,0,1048576,28672,4096,1,2,0.333,2,3,2,2,3,2,0,1,1,1,1,0,1.087,0,1,1.32,0.271,0,-1,-1,5.428,2.843,3.046,6.113,96,232,0,0,0,0,88,5,90,11,0,0,139,48,3,240,43,192,139,254,102,173,193,224,12,139,200,80,173,43,200,3,241,139,200,87,81,73,138,68,57,6,136,4,49,117,246,43,192,172,139,200,128,225,240,36,15,193,225,12,138,232,172,11,6.0,6.0,2.0,0.333,2.0,1,19.0,0
0,0,0,0,0,0,0,0,83661,4194304,4096,4,0,217088,69632,512,126976,0,1048576,28672,4096,1,2,0.333,2,3,2,2,3,2,0,1,1,1,1,0,1.038,0,1,1.1,0.287,0,-1,-1,3.954,2.612,3.183,6.009,96,232,0,0,0,0,88,5,90,11,0,0,139,48,3,240,43,192,139,254,102,173,193,224,12,139,200,80,173,43,200,3,241,139,200,87,81,73,138,68,57,6,136,4,49,117,246,43,192,172,139,200,128,225,240,36,15,193,225,12,138,232,172,11,9.0,9.0,2.0,0.222,2.0,1,19.0,0
0,0,1,0,0,0,0,1,122406,4194304,4096,5,1,204800,99840,512,81920,0,1048576,8192,4096,1,2,0.333,2,3,2,2,3,2,0,1,1,1,1,0,1.083,0,1,1.088,0.319,0,-1,-1,4.638,2.704,3.472,6.135,96,232,0,0,0,0,88,5,90,11,0,0,139,48,3,240,43,192,139,254,102,173,193,224,12,139,200,80,173,43,200,3,241,139,200,87,81,73,138,68,57,6,136,4,49,117,246,43,192,172,139,200,128,225,240,36,15,193,225,12,138,232,172,11,6.0,6.0,2.0,0.333,2.0,1,14.0,0
0,0,1,0,0,0,0,1,110417,4194304,4096,6,0,274432,141824,512,106496,0,1048576,28672,4096,1,2,0.333,2,3,2,2,3,2,0,1,1,1,1,0,1.04,0,1,1.088,0.312,0,-1,-1,4.419,2.767,3.403,6.004,96,232,0,0,0,0,88,5,90,11,0,0,139,48,3,240,43,192,139,254,102,173,193,224,12,139,200,80,173,43,200,3,241,139,200,87,81,73,138,68,57,6,136,4,49,117,246,43,192,172,139,200,128,225,240,36,15,193,225,12,138,232,172,11,9.0,9.0,2.0,0.222,2.0,1,14.0,0
0,0,1,0,0,0,0,1,69411,4194304,4096,5,1,167936,75776,512,71168,0,1048576,8192,4096,1,2,0.333,2,3,2,2,3,2,0,1,1,1,1,0,1.081,0,1,1.11,0.332,0,-1,-1,4.774,2.798,3.591,6.179,96,232,0,0,0,0,88,5,90,11,0,0,139,48,3,240,43,192,139,254,102,173,193,224,12,139,200,80,173,43,200,3,241,139,200,87,81,73,138,68,57,6,136,4,49,117,246,43,192,172,139,200,128,225,240,36,15,193,225,12,138,232,172,11,6.0,6.0,2.0,0.333,2.0,1,14.0,0
0,0,0,0,0,0,0,1,117967,4194304,4096,5,0,200704,134656,512,36352,0,1048576,8192,4096,1,2,0.333,2,3,2,2,3,2,0,1,1,1,1,0,1.039,0,1,1.136,0.364,0,-1,-1,4.619,2.634,3.851,6.046,96,232,0,0,0,0,88,5,90,11,0,0,139,48,3,240,43,192,139,254,102,173,193,224,12,139,200,80,173,43,200,3,241,139,200,87,81,73,138,68,57,6,136,4,49,117,246,43,192,172,139,200,128,225,240,36,15,193,225,12,138,232,172,11,9.0,9.0,2.0,0.222,2.0,1,14.0,0
0,0,1,0,0,0,0,1,89117,4194304,4096,5,1,167936,78336,512,64512,0,1048576,8192,4096,1,2,0.333,2,3,2,2,3,2,0,1,1,1,1,0,1.102,0,1,1.123,0.336,0,-1,-1,4.841,2.769,3.62,6.208,96,232,0,0,0,0,88,5,90,11,0,0,139,48,3,240,43,192,139,254,102,173,193,224,12,139,200,80,173,43,200,3,241,139,200,87,81,73,138,68,57,6,136,4,49,117,246,43,192,172,139,200,128,225,240,36,15,193,225,12,138,232,172,11,5.0,5.0,2.0,0.4,2.0,1,14.0,0
0,0,1,0,0,0,0,1,71576,4194304,4096,5,1,192512,97280,512,73728,0,1048576,8192,4096,1,2,0.333,2,3,2,2,3,2,0,1,1,1,1,0,1.1,0,1,1.136,0.347,0,-1,-1,4.89,2.794,3.711,6.196,96,232,0,0,0,0,88,5,90,11,0,0,139,48,3,240,43,192,139,254,102,173,193,224,12,139,200,80,173,43,200,3,241,139,200,87,81,73,138,68,57,6,136,4,49,117,246,43,192,172,139,200,128,225,240,36,15,193,225,12,138,232,172,11,5.0,5.0,2.0,0.4,2.0,1,14.0,0
0,0,1,0,0,0,0,1,140676,4194304,4096,5,1,299008,86528,512,189952,0,1048576,28672,4096,1,2,0.333,2,3,2,2,3,2,0,1,1,1,1,0,1.087,0,1,1.087,0.273,0,-1,-1,4.256,2.823,3.052,6.175,96,232,0,0,0,0,88,5,90,11,0,0,139,48,3,240,43,192,139,254,102,173,193,224,12,139,200,80,173,43,200,3,241,139,200,87,81,73,138,68,57,6,136,4,49,117,246,43,192,172,139,200,128,225,240,36,15,193,225,12,138,232,172,11,6.0,6.0,2.0,0.333,2.0,1,19.0,0
0,0,1,0,0,0,0,1,124136,4194304,4096,5,1,356352,102912,512,231936,0,1048576,28672,4096,1,2,0.333,2,3,2,2,3,2,0,1,1,1,1,0,1.024,0,1,1.027,0.256,0,-1,-1,4.278,2.797,2.885,5.998,96,232,0,0,0,0,88,5,90,11,0,0,139,48,3,240,43,192,139,254,102,173,193,224,12,139,200,80,173,43,200,3,241,139,200,87,81,73,138,68,57,6,136,4,49,117,246,43,192,172,139,200,128,225,240,36,15,193,225,12,138,232,172,11,10.0,10.0,2.0,0.2,2.0,1,19.0,0
0,0,1,0,0,0,0,1,131842,4194304,4096,5,1,311296,93696,512,195584,0,1048576,28672,4096,1,2,0.333,2,3,2,2,3,2,0,1,1,1,1,0,1.07,0,1,1.07,0.274,0,-1,-1,4.22,2.814,3.056,6.088,96,232,0,0,0,0,88,5,90,11,0,0,139,48,3,240,43,192,139,254,102,173,193,224,12,139,200,80,173,43,200,3,241,139,200,87,81,73,138,68,57,6,136,4,49,117,246,43,192,172,139,200,128,225,240,36,15,193,225,12,138,232,172,11,7.0,7.0,2.0,0.286,2.0,1,19.0,0
0,0,1,0,0,0,0,1,74355,4194304,4096,5,1,159744,76800,512,66048,0,1048576,8192,4096,1,2,0.333,2,3,2,2,3,2,0,1,1,1,1,0,1.082,0,1,1.139,0.351,0,-1,-1,4.897,2.758,3.748,6.169,96,232,0,0,0,0,88,5,90,11,0,0,139,48,3,240,43,192,139,254,102,173,193,224,12,139,200,80,173,43,200,3,241,139,200,87,81,73,138,68,57,6,136,4,49,117,246,43,192,172,139,200,128,225,240,36,15,193,225,12,138,232,172,11,6.0,6.0,2.0,0.333,2.0,1,14.0,0
0,0,1,0,0,0,0,1,113810,4194304,4096,5,1,520192,99840,512,400896,0,1048576,28672,4096,1,2,0.333,2,3,2,2,3,2,0,1,1,1,1,0,1.07,0,1,1.07,0.188,0,-1,-1,4.096,2.885,2.219,6.09,96,232,0,0,0,0,88,5,90,11,0,0,139,48,3,240,43,192,139,254,102,173,193,224,12,139,200,80,173,43,200,3,241,139,200,87,81,73,138,68,57,6,136,4,49,117,246,43,192,172,139,200,128,225,240,36,15,193,225,12,138,232,172,11,7.0,7.0,2.0,0.286,2.0,1,24.0,0
0,0,0,0,0,0,0,0,99912,4194304,4096,4,0,102400,50688,512,27136,0,1048576,8192,4096,1,2,0.333,2,3,2,2,3,2,0,1,1,1,1,0,1.017,0,1,1.071,0.381,0,-1,-1,4.213,2.607,4.02,5.947,96,232,0,0,0,0,88,5,90,11,0,0,139,48,3,240,43,192,139,254,102,173,193,224,12,139,200,80,173,43,200,3,241,139,200,87,81,73,138,68,57,6,136,4,49,117,246,43,192,172,139,200,128,225,240,36,15,193,225,12,138,232,172,11,11.0,11.0,2.0,0.182,2.0,1,127.0,0
0,0,1,0,0,0,0,1,717446,4194304,4096,5,1,2236416,585216,512,1594368,0,1048576,53248,4096,1,2,0.333,2,3,2,2,3,2,0,1,1,1,1,0,1.127,0,1,1.127,0.284,0,-1,-1,4.711,2.787,3.153,6.305,96,232,0,0,0,0,88,5,90,11,0,0,139,48,3,240,43,192,139,254,102,173,193,224,12,139,200,80,173,43,200,3,241,139,200,87,81,73,138,68,57,6,136,4,49,117,246,43,192,172,139,200,128,225,240,36,15,193,225,12,138,232,172,11,13.0,13.0,2.0,0.154,2.0,1,353.0,0
0,0,1,0,0,0,0,1,918249,4194304,4096,5,1,2969600,763904,512,1943552,0,1048576,53248,4096,1,2,0.333,2,3,2,2,3,2,0,1,1,1,1,0,1.044,0,1,1.044,0.271,0,-1,-1,4.969,2.805,3.069,6.034,96,232,0,0,0,0,88,5,90,11,0,0,139,48,3,240,43,192,139,254,102,173,193,224,12,139,200,80,173,43,200,3,241,139,200,87,81,73,138,68,57,6,136,4,49,117,246,43,192,172,139,200,128,225,240,36,15,193,225,12,138,232,172,11,18.0,18.0,2.0,0.111,2.0,1,529.0,0
0,0,1,0,0,0,0,1,247909,4194304,4096,5,1,667648,167424,512,481280,0,1048576,28672,4096,1,2,0.333,2,3,2,2,3,2,0,1,1,1,1,0,1.002,0,1,1.024,0.314,0,-1,-1,4.235,2.7,3.394,5.945,96,232,0,0,0,0,88,5,90,11,0,0,139,48,3,240,43,192,139,254,102,173,193,224,12,139,200,80,173,43,200,3,241,139,200,87,81,73,138,68,57,6,136,4,49,117,246,43,192,172,139,200,128,225,240,36,15,193,225,12,138,232,172,11,11.0,11.0,2.0,0.182,2.0,1,19.0,0
0,0,0,0,0,0,0,1,157930,4194304,4096,5,0,909312,199168,512,244224,0,1048576,28672,4096,1,2,0.333,2,3,2,2,3,2,0,1,1,1,1,0,1.045,0,1,1.073,0.146,0,-1,-1,3.62,2.7,1.792,6.084,96,232,0,0,0,0,88,5,90,11,0,0,139,48,3,240,43,192,139,254,102,173,193,224,12,139,200,80,173,43,200,3,241,139,200,87,81,73,138,68,57,6,136,4,49,117,246,43,192,172,139,200,128,225,240,36,15,193,225,12,138,232,172,11,9.0,9.0,2.0,0.222,2.0,1,149.0,0
0,0,1,0,0,0,0,1,285020,4194304,4096,5,1,741376,116224,512,558592,0,1048576,28672,4096,1,2,0.333,2,3,2,2,3,2,0,1,1,1,1,0,1.033,0,1,1.033,0.311,0,-1,-1,5.096,2.757,3.479,6.046,96,232,0,0,0,0,88,5,90,11,0,0,139,48,3,240,43,192,139,254,102,173,193,224,12,139,200,80,173,43,200,3,241,139,200,87,81,73,138,68,57,6,136,4,49,117,246,43,192,172,139,200,128,225,240,36,15,193,225,12,138,232,172,11,9.0,9.0,2.0,0.222,2.0,1,92.0,0
0,0,1,0,0,0,0,1,119381,4194304,4096,5,1,225280,137216,512,66560,0,1048576,28672,4096,1,2,0.333,2,3,2,2,3,2,0,1,1,1,1,0,1.087,0,1,1.126,0.329,0,-1,-1,4.837,2.707,3.557,6.16,96,232,0,0,0,0,88,5,90,11,0,0,139,48,3,240,43,192,139,254,102,173,193,224,12,139,200,80,173,43,200,3,241,139,200,87,81,73,138,68,57,6,136,4,49,117,246,43,192,172,139,200,128,225,240,36,15,193,225,12,138,232,172,11,6.0,6.0,2.0,0.333,2.0,1,14.0,0
0,0,0,0,0,0,0,0,0,4194304,4096,4,0,1695744,1122304,512,90112,0,1048576,53248,4096,1,2,0.333,2,3,2,2,3,2,0,1,1,1,1,0,1.001,0,1,1.017,0.265,0,-1,-1,4.635,2.794,3.292,5.654,96,232,0,0,0,0,88,5,90,11,0,0,139,48,3,240,43,192,139,254,102,173,193,224,12,139,200,80,173,43,200,3,241,139,200,87,81,73,138,68,57,6,136,4,49,117,246,43,192,172,139,200,128,225,240,36,15,193,225,12,138,232,172,11,11.0,11.0,2.0,0.182,2.0,1,184.0,0
0,0,1,0,0,0,0,1,102098,4194304,4096,5,1,155648,66560,512,65536,0,1048576,8192,4096,1,2,0.333,2,3,2,2,3,2,0,1,1,1,1,0,1.087,0,1,1.1,0.314,0,-1,-1,4.445,2.663,3.443,6.12,96,232,0,0,0,0,88,5,90,11,0,0,139,48,3,240,43,192,139,254,102,173,193,224,12,139,200,80,173,43,200,3,241,139,200,87,81,73,138,68,57,6,136,4,49,117,246,43,192,172,139,200,128,225,240,36,15,193,225,12,138,232,172,11,6.0,6.0,2.0,0.333,2.0,1,14.0,0
0,0,0,0,0,0,0,0,76618,4194304,4096,4,0,364544,36864,512,315392,0,1048576,28672,4096,1,2,0.333,2,3,2,2,3,2,0,1,1,1,1,0,1.074,0,1,1.141,0.141,0,-1,-1,3.952,2.695,1.787,5.686,96,232,0,0,0,0,88,5,90,11,0,0,139,48,3,240,43,192,139,254,102,173,193,224,12,139,200,80,173,43,200,3,241,139,200,87,81,73,138,68,57,6,136,4,49,117,246,43,192,172,139,200,128,225,240,36,15,193,225,12,138,232,172,11,7.0,7.0,2.0,0.286,2.0,1,54.0,0
0,0,0,0,0,0,0,0,0,4194304,4096,4,0,135168,61440,512,50176,0,1048576,8192,4096,1,2,0.333,2,3,2,2,3,2,0,1,1,1,1,0,1.042,0,1,1.097,0.405,0,-1,-1,4.191,2.434,4.205,6.052,96,232,0,0,0,0,88,5,90,11,0,0,139,48,3,240,43,192,139,254,102,173,193,224,12,139,200,80,173,43,200,3,241,139,200,87,81,73,138,68,57,6,136,4,49,117,246,43,192,172,139,200,128,225,240,36,15,193,225,12,138,232,172,11,9.0,9.0,2.0,0.222,2.0,1,149.0,0
0,0,1,0,0,0,0,1,110475,4194304,4096,5,1,151552,67584,512,62464,0,1048576,8192,4096,1,2,0.333,2,3,2,2,3,2,0,1,1,1,1,0,1.087,0,1,1.136,0.331,0,-1,-1,4.912,2.66,3.585,6.165,96,232,0,0,0,0,88,5,90,11,0,0,139,48,3,240,43,192,139,254,102,173,193,224,12,139,200,80,173,43,200,3,241,139,200,87,81,73,138,68,57,6,136,4,49,117,246,43,192,172,139,200,128,225,240,36,15,193,225,12,138,232,172,11,6.0,6.0,2.0,0.333,2.0,1,14.0,0
0,0,1,0,0,0,0,1,143263,4194304,4096,5,1,331776,79360,512,161280,0,1048576,28672,4096,1,2,0.333,2,3,2,2,3,2,0,1,1,1,1,0,1.087,0,1,1.087,0.258,0,-1,-1,6.915,2.7,3.867,6.114,96,232,0,0,0,0,88,5,90,11,0,0,139,48,3,240,43,192,139,254,102,173,193,224,12,139,200,80,173,43,200,3,241,139,200,87,81,73,138,68,57,6,136,4,49,117,246,43,192,172,139,200,128,225,240,36,15,193,225,12,138,232,172,11,6.0,6.0,2.0,0.333,2.0,1,69.0,0
0,0,1,0,0,0,0,1,153377,4194304,4096,5,1,323584,71680,512,161792,0,1048576,28672,4096,1,2,0.333,2,3,2,2,3,2,0,1,1,1,1,0,1.049,0,1,1.049,0.258,0,-1,-1,6.915,2.717,3.891,6.022,96,232,0,0,0,0,88,5,90,11,0,0,139,48,3,240,43,192,139,254,102,173,193,224,12,139,200,80,173,43,200,3,241,139,200,87,81,73,138,68,57,6,136,4,49,117,246,43,192,172,139,200,128,225,240,36,15,193,225,12,138,232,172,11,8.0,8.0,2.0,0.25,2.0,1,69.0,0
0,0,0,0,0,0,0,1,152369,16777216,4096,6,0,667648,14336,512,633344,0,262144,28672,4096,1,2,0.333,2,3,2,2,3,2,0,1,1,1,1,0,1.13,0,1,1.969,0.219,0,-1,-1,5.16,2.662,2.517,6.282,96,232,0,0,0,0,88,5,90,11,0,0,139,48,3,240,43,192,139,254,102,173,193,224,12,139,200,80,173,43,200,3,241,139,200,87,81,73,138,68,57,6,136,4,49,117,246,43,192,172,139,200,128,225,240,36,15,193,225,12,138,232,172,11,4.0,4.0,2.0,0.5,2.0,1,35.0,0
0,0,1,0,0,0,0,1,107160,4194304,4096,5,1,151552,65536,512,65024,0,1048576,8192,4096,1,2,0.333,2,3,2,2,3,2,0,1,1,1,1,0,1.087,0,1,1.133,0.32,0,-1,-1,4.478,2.63,3.495,6.117,96,232,0,0,0,0,88,5,90,11,0,0,139,48,3,240,43,192,139,254,102,173,193,224,12,139,200,80,173,43,200,3,241,139,200,87,81,73,138,68,57,6,136,4,49,117,246,43,192,172,139,200,128,225,240,36,15,193,225,12,138,232,172,11,6.0,6.0,2.0,0.333,2.0,1,14.0,0
0,0,0,0,0,0,0,0,0,4194304,4096,4,0,966656,646656,512,259584,0,1048576,28672,4096,1,2,0.333,2,3,2,2,3,2,0,1,1,1,1,0,1.071,0,1,1.071,0.353,0,-1,-1,5.515,2.655,3.807,5.425,96,232,0,0,0,0,88,5,90,11,0,0,139,48,3,240,43,192,139,254,102,173,193,224,12,139,200,80,173,43,200,3,241,139,200,87,81,73,138,68,57,6,136,4,49,117,246,43,192,172,139,200,128,225,240,36,15,193,225,12,138,232,172,11,10.0,10.0,2.0,0.2,2.0,1,280.0,0
0,0,1,0,0,0,0,1,127777,4194304,4096,5,1,237568,80384,512,135680,0,1048576,28672,4096,1,2,0.333,2,3,2,2,3,2,0,1,1,1,1,0,1.054,0,1,1.29,0.359,0,-1,-1,5.348,2.705,3.811,6.02,96,232,0,0,0,0,88,5,90,11,0,0,139,48,3,240,43,192,139,254,102,173,193,224,12,139,200,80,173,43,200,3,241,139,200,87,81,73,138,68,57,6,136,4,49,117,246,43,192,172,139,200,128,225,240,36,15,193,225,12,138,232,172,11,8.0,8.0,2.0,0.25,2.0,1,22.0,0
0,0,1,0,0,0,0,1,115994,4194304,4096,5,1,212992,92160,512,99840,0,1048576,28672,4096,1,2,0.333,2,3,2,2,3,2,0,1,1,1,1,0,1.087,0,1,1.169,0.281,0,-1,-1,4.315,2.7,3.145,6.119,96,232,0,0,0,0,88,5,90,11,0,0,139,48,3,240,43,192,139,254,102,173,193,224,12,139,200,80,173,43,200,3,241,139,200,87,81,73,138,68,57,6,136,4,49,117,246,43,192,172,139,200,128,225,240,36,15,193,225,12,138,232,172,11,6.0,6.0,2.0,0.333,2.0,1,30.0,0
0,0,1,0,0,0,0,1,87665,4194304,4096,5,1,180224,64512,512,95744,0,1048576,8192,4096,1,2,0.333,2,3,2,2,3,2,0,1,1,1,1,0,1.073,0,1,1.169,0.271,0,-1,-1,4.317,2.672,3.077,6.084,96,232,0,0,0,0,88,5,90,11,0,0,139,48,3,240,43,192,139,254,102,173,193,224,12,139,200,80,173,43,200,3,241,139,200,87,81,73,138,68,57,6,136,4,49,117,246,43,192,172,139,200,128,225,240,36,15,193,225,12,138,232,172,11,7.0,7.0,2.0,0.286,2.0,1,30.0,0
0,0,1,0,0,0,0,1,243752,4194304,4096,5,1,651264,90112,512,542720,0,1048576,28672,4096,1,2,0.333,2,3,2,2,3,2,0,1,1,1,1,0,1.088,0,1,1.264,0.333,0,-1,-1,5.27,2.761,3.575,6.116,96,232,0,0,0,0,88,5,90,11,0,0,139,48,3,240,43,192,139,254,102,173,193,224,12,139,200,80,173,43,200,3,241,139,200,87,81,73,138,68,57,6,136,4,49,117,246,43,192,172,139,200,128,225,240,36,15,193,225,12,138,232,172,11,6.0,6.0,2.0,0.333,2.0,1,27.0,0
0,0,1,0,0,0,0,1,212964,4194304,4096,5,1,438272,113664,512,302592,0,1048576,28672,4096,1,2,0.333,2,3,2,2,3,2,0,1,1,1,1,0,1.037,0,1,1.246,0.345,0,-1,-1,5.511,2.768,3.684,6.017,96,232,0,0,0,0,88,5,90,11,0,0,139,48,3,240,43,192,139,254,102,173,193,224,12,139,200,80,173,43,200,3,241,139,200,87,81,73,138,68,57,6,136,4,49,117,246,43,192,172,139,200,128,225,240,36,15,193,225,12,138,232,172,11,9.0,9.0,2.0,0.222,2.0,1,19.0,0
0,0,0,0,0,0,0,0,80157,4194304,4096,4,0,155648,24576,512,122880,0,1048576,8192,4096,0,2,0.0,2,2,2,2,2,2,0,1,1,1,1,0,1.106,0,1,1.106,0.198,0,-1,-1,-1,2.445,2.366,5.568,96,232,0,0,0,0,88,5,90,11,0,0,139,48,3,240,43,192,139,254,102,173,193,224,12,139,200,80,173,43,200,3,241,139,200,87,81,73,138,68,57,6,136,4,49,117,246,43,192,172,139,200,128,225,240,36,15,193,225,12,138,232,172,11,5.0,5.0,2.0,0.4,2.0,1,-1,0
0,0,0,0,0,0,0,0,108911,4194304,4096,4,0,208896,73216,512,48640,0,1048576,8192,4096,1,2,0.333,2,3,2,2,3,2,0,1,1,1,1,0,1.015,0,1,1.02,0.264,0,-1,-1,5.348,2.608,3.09,5.954,96,232,0,0,0,0,88,5,90,11,0,0,139,48,3,240,43,192,139,254,102,173,193,224,12,139,200,80,173,43,200,3,241,139,200,87,81,73,138,68,57,6,136,4,49,117,246,43,192,172,139,200,128,225,240,36,15,193,225,12,138,232,172,11,11.0,11.0,2.0,0.182,2.0,1,124.0,0
0,0,1,0,0,0,0,1,123541,4194304,4096,5,1,229376,138240,512,69632,0,1048576,28672,4096,1,2,0.333,2,3,2,2,3,2,0,1,1,1,1,0,1.087,0,1,1.11,0.33,0,-1,-1,4.762,2.694,3.563,6.159,96,232,0,0,0,0,88,5,90,11,0,0,139,48,3,240,43,192,139,254,102,173,193,224,12,139,200,80,173,43,200,3,241,139,200,87,81,73,138,68,57,6,136,4,49,117,246,43,192,172,139,200,128,225,240,36,15,193,225,12,138,232,172,11,6.0,6.0,2.0,0.333,2.0,1,14.0,0
0,0,0,0,0,0,0,0,82358,4194304,4096,4,0,118784,51200,512,35840,0,1048576,8192,4096,1,2,0.333,2,3,2,2,3,2,0,1,1,1,1,0,1.043,0,1,1.043,0.359,0,-1,-1,4.983,2.601,3.932,6.053,96,232,0,0,0,0,88,5,90,11,0,0,139,48,3,240,43,192,139,254,102,173,193,224,12,139,200,80,173,43,200,3,241,139,200,87,81,73,138,68,57,6,136,4,49,117,246,43,192,172,139,200,128,225,240,36,15,193,225,12,138,232,172,11,9.0,9.0,2.0,0.222,2.0,1,121.0,0
0,0,0,0,0,0,0,1,667259,4194304,4096,5,0,2191360,1216000,512,832512,0,1048576,53248,4096,1,2,0.333,2,3,2,2,3,2,0,1,1,1,1,0,1.107,0,1,1.107,0.257,0,-1,-1,4.14,2.857,2.973,6.156,96,232,0,0,0,0,88,5,90,11,0,0,139,48,3,240,43,192,139,254,102,173,193,224,12,139,200,80,173,43,200,3,241,139,200,87,81,73,138,68,57,6,136,4,49,117,246,43,192,172,139,200,128,225,240,36,15,193,225,12,138,232,172,11,14.0,14.0,2.0,0.143,2.0,1,319.0,0
0,0,1,0,0,0,0,1,94058,4194304,4096,5,1,167936,74752,512,66048,0,1048576,8192,4096,1,2,0.333,2,3,2,2,3,2,0,1,1,1,1,0,1.087,0,1,1.113,0.312,0,-1,-1,4.466,2.685,3.429,6.126,96,232,0,0,0,0,88,5,90,11,0,0,139,48,3,240,43,192,139,254,102,173,193,224,12,139,200,80,173,43,200,3,241,139,200,87,81,73,138,68,57,6,136,4,49,117,246,43,192,172,139,200,128,225,240,36,15,193,225,12,138,232,172,11,6.0,6.0,2.0,0.333,2.0,1,14.0,0
0,0,0,0,0,0,0,0,0,4194304,4096,5,0,7282688,4730368,512,2393600,0,1048576,53248,4096,1,2,0.333,2,3,2,2,3,2,0,1,1,1,1,0,1.069,0,1,1.069,0.301,0,-1,-1,5.329,2.907,3.298,5.338,96,232,0,0,0,0,88,5,90,11,0,0,139,48,3,240,43,192,139,254,102,173,193,224,12,139,200,80,173,43,200,3,241,139,200,87,81,73,138,68,57,6,136,4,49,117,246,43,192,172,139,200,128,225,240,36,15,193,225,12,138,232,172,11,15.0,15.0,2.0,0.133,2.0,1,431.0,0
0,0,0,0,0,0,0,0,0,4194304,4096,4,0,700416,530432,512,124416,0,1048576,28672,4096,1,2,0.333,2,3,2,2,3,2,0,1,1,1,1,0,1.08,0,1,1.08,0.315,0,-1,-1,3.78,2.77,3.415,5.419,96,232,0,0,0,0,88,5,90,11,0,0,139,48,3,240,43,192,139,254,102,173,193,224,12,139,200,80,173,43,200,3,241,139,200,87,81,73,138,68,57,6,136,4,49,117,246,43,192,172,139,200,128,225,240,36,15,193,225,12,138,232,172,11,10.0,10.0,2.0,0.2,2.0,1,199.0,0
0,0,0,0,0,0,0,0,0,4194304,4096,4,0,540672,417792,512,110592,0,1048576,28672,4096,1,2,0.333,2,3,2,2,3,2,0,1,1,1,1,0,1.13,0,1,1.13,0.254,0,-1,-1,2.939,2.544,2.853,5.436,96,232,0,0,0,0,88,5,90,11,0,0,139,48,3,240,43,192,139,254,102,173,193,224,12,139,200,80,173,43,200,3,241,139,200,87,81,73,138,68,57,6,136,4,49,117,246,43,192,172,139,200,128,225,240,36,15,193,225,12,138,232,172,11,13.0,13.0,2.0,0.154,2.0,1,123.0,0
0,0,0,0,0,0,0,0,0,4194304,4096,4,0,81920,18432,512,42496,0,1048576,8192,4096,1,2,0.333,2,3,2,2,3,2,0,1,1,1,1,0,1.045,0,1,1.052,0.162,0,-1,-1,5.811,2.445,2.357,5.79,96,232,0,0,0,0,88,5,90,11,0,0,139,48,3,240,43,192,139,254,102,173,193,224,12,139,200,80,173,43,200,3,241,139,200,87,81,73,138,68,57,6,136,4,49,117,246,43,192,172,139,200,128,225,240,36,15,193,225,12,138,232,172,11,8.0,8.0,2.0,0.25,2.0,1,31.0,0
0,0,1,0,0,0,0,1,189792,4194304,4096,5,1,483328,90112,512,377856,0,1048576,28672,4096,1,2,0.333,2,3,2,2,3,2,0,1,1,1,1,0,1.087,0,1,1.087,0.314,0,-1,-1,4.264,2.74,3.401,6.17,96,232,0,0,0,0,88,5,90,11,0,0,139,48,3,240,43,192,139,254,102,173,193,224,12,139,200,80,173,43,200,3,241,139,200,87,81,73,138,68,57,6,136,4,49,117,246,43,192,172,139,200,128,225,240,36,15,193,225,12,138,232,172,11,6.0,6.0,2.0,0.333,2.0,1,22.0,0
0,0,1,0,0,0,0,1,462838,4194304,4096,6,0,1273856,822784,512,321536,0,1048576,28672,4096,1,2,0.333,2,3,2,2,3,2,0,1,1,1,1,0,1.128,0,1,1.128,0.276,0,-1,-1,2.702,2.911,3.102,6.256,96,232,0,0,0,0,88,5,90,11,0,0,139,48,3,240,43,192,139,254,102,173,193,224,12,139,200,80,173,43,200,3,241,139,200,87,81,73,138,68,57,6,136,4,49,117,246,43,192,172,139,200,128,225,240,36,15,193,225,12,138,232,172,11,12.0,12.0,2.0,0.167,2.0,1,102.0,0
0,0,1,0,0,0,0,1,2183967,4194304,4096,5,1,6545408,1693696,512,4558848,0,1048576,53248,4096,1,2,0.333,2,3,2,2,3,2,0,1,1,1,1,0,1.034,0,1,1.034,0.296,0,-1,-1,5.167,2.921,3.312,6.031,96,232,0,0,0,0,88,5,90,11,0,0,139,48,3,240,43,192,139,254,102,173,193,224,12,139,200,80,173,43,200,3,241,139,200,87,81,73,138,68,57,6,136,4,49,117,246,43,192,172,139,200,128,225,240,36,15,193,225,12,138,232,172,11,18.0,18.0,2.0,0.111,2.0,1,735.0,0
0,0,0,0,0,0,0,0,78966,4194304,4096,4,0,143360,67584,512,43520,0,1048576,8192,4096,1,2,0.333,2,3,2,2,3,2,0,1,1,1,1,0,1.041,0,1,1.045,0.363,0,-1,-1,5.028,2.607,3.951,6.049,96,232,0,0,0,0,88,5,90,11,0,0,139,48,3,240,43,192,139,254,102,173,193,224,12,139,200,80,173,43,200,3,241,139,200,87,81,73,138,68,57,6,136,4,49,117,246,43,192,172,139,200,128,225,240,36,15,193,225,12,138,232,172,11,9.0,9.0,2.0,0.222,2.0,1,151.0,0
0,0,1,0,0,0,0,1,54341,16777216,4096,6,1,81920,34304,512,27136,0,262144,8192,4096,1,2,0.333,2,3,2,2,3,2,0,1,1,1,1,0,1.093,0,1,1.093,0.221,0,-1,-1,4.321,2.568,2.701,5.607,96,232,0,0,0,0,88,5,90,11,0,0,139,48,3,240,43,192,139,254,102,173,193,224,12,139,200,80,173,43,200,3,241,139,200,87,81,73,138,68,57,6,136,4,49,117,246,43,192,172,139,200,128,225,240,36,15,193,225,12,138,232,172,11,6.0,6.0,2.0,0.333,2.0,1,20.0,0
0,0,0,0,0,0,0,0,79021,4194304,4096,4,0,122880,47104,512,40960,0,1048576,8192,4096,1,2,0.333,2,3,2,2,3,2,0,1,1,1,1,0,1.043,0,1,1.043,0.333,0,-1,-1,5.372,2.581,3.819,6.054,96,232,0,0,0,0,88,5,90,11,0,0,139,48,3,240,43,192,139,254,102,173,193,224,12,139,200,80,173,43,200,3,241,139,200,87,81,73,138,68,57,6,136,4,49,117,246,43,192,172,139,200,128,225,240,36,15,193,225,12,138,232,172,11,9.0,9.0,2.0,0.222,2.0,1,134.0,0
0,0,1,0,0,0,0,1,75713,4194304,4096,5,1,159744,72192,512,66048,0,1048576,8192,4096,1,2,0.333,2,3,2,2,3,2,0,1,1,1,1,0,1.073,0,1,1.129,0.344,0,-1,-1,4.848,2.648,3.692,6.137,96,232,0,0,0,0,88,5,90,11,0,0,139,48,3,240,43,192,139,254,102,173,193,224,12,139,200,80,173,43,200,3,241,139,200,87,81,73,138,68,57,6,136,4,49,117,246,43,192,172,139,200,128,225,240,36,15,193,225,12,138,232,172,11,7.0,7.0,2.0,0.286,2.0,1,14.0,0
0,0,0,0,0,0,0,0,96825,4194304,4096,4,0,139264,65536,512,43008,0,1048576,8192,4096,1,2,0.333,2,3,2,2,3,2,0,1,1,1,1,0,1.031,0,1,1.031,0.353,0,-1,-1,4.122,2.573,3.802,5.996,96,232,0,0,0,0,88,5,90,11,0,0,139,48,3,240,43,192,139,254,102,173,193,224,12,139,200,80,173,43,200,3,241,139,200,87,81,73,138,68,57,6,136,4,49,117,246,43,192,172,139,200,128,225,240,36,15,193,225,12,138,232,172,11,10.0,10.0,2.0,0.2,2.0,1,150.0,0
0,0,0,0,0,0,0,0,0,4194304,4096,4,0,532480,339456,512,136192,0,524288,131072,4096,1,2,0.333,2,3,2,2,3,2,0,1,1,1,1,0,1.007,0,1,1.007,0.331,0,-1,-1,5.444,2.64,3.686,5.913,96,232,0,0,0,0,88,5,90,11,0,0,139,48,3,240,43,192,139,254,102,173,193,224,12,139,200,80,173,43,200,3,241,139,200,87,81,73,138,68,57,6,136,4,49,117,246,43,192,172,139,200,128,225,240,36,15,193,225,12,138,232,172,11,11.0,11.0,2.0,0.182,2.0,1,345.0,0
0,0,1,0,0,0,0,1,54277,4194304,4096,5,0,143360,66048,512,43008,0,1048576,8192,4096,1,2,0.333,2,3,2,2,3,2,0,1,1,1,1,0,1.088,0,1,1.088,0.335,0,-1,-1,3.427,2.544,3.688,6.098,96,232,0,0,0,0,88,5,90,11,0,0,139,48,3,240,43,192,139,254,102,173,193,224,12,139,200,80,173,43,200,3,241,139,200,87,81,73,138,68,57,6,136,4,49,117,246,43,192,172,139,200,128,225,240,36,15,193,225,12,138,232,172,11,6.0,6.0,2.0,0.333,2.0,1,74.0,0
0,0,0,0,0,0,0,1,213966,4194304,4096,5,0,573440,206848,512,253440,0,1048576,28672,4096,1,2,0.333,2,3,2,2,3,2,0,1,1,1,1,0,1.045,0,1,1.045,0.256,0,-1,-1,3.926,2.74,2.892,6.074,96,232,0,0,0,0,88,5,90,11,0,0,139,48,3,240,43,192,139,254,102,173,193,224,12,139,200,80,173,43,200,3,241,139,200,87,81,73,138,68,57,6,136,4,49,117,246,43,192,172,139,200,128,225,240,36,15,193,225,12,138,232,172,11,9.0,9.0,2.0,0.222,2.0,1,176.0,0
0,0,0,0,0,0,0,0,0,4194304,4096,4,0,90112,45056,512,32768,0,1048576,8192,4096,1,2,0.333,2,3,2,2,3,2,0,1,1,1,1,0,1.09,0,1,1.167,0.27,0,-1,-1,2.657,2.46,3.046,5.616,96,232,0,0,0,0,88,5,90,11,0,0,139,48,3,240,43,192,139,254,102,173,193,224,12,139,200,80,173,43,200,3,241,139,200,87,81,73,138,68,57,6,136,4,49,117,246,43,192,172,139,200,128,225,240,36,15,193,225,12,138,232,172,11,6.0,6.0,2.0,0.333,2.0,1,53.0,0
0,0,0,0,0,0,0,0,95148,4194304,4096,4,0,151552,20480,512,122880,0,1048576,8192,4096,0,2,0.0,2,2,2,2,2,2,0,1,1,1,1,0,1.107,0,1,1.107,0.193,0,-1,-1,-1,2.452,2.312,5.562,96,232,0,0,0,0,88,5,90,11,0,0,139,48,3,240,43,192,139,254,102,173,193,224,12,139,200,80,173,43,200,3,241,139,200,87,81,73,138,68,57,6,136,4,49,117,246,43,192,172,139,200,128,225,240,36,15,193,225,12,138,232,172,11,5.0,5.0,2.0,0.4,2.0,1,-1,0
0,0,0,0,0,0,0,1,1084139,4194304,4096,5,0,3342336,1161216,512,2016256,0,1048576,53248,4096,1,2,0.333,2,3,2,2,3,2,0,1,1,1,1,0,1.134,0,1,1.134,0.285,0,-1,-1,5.762,2.824,3.271,6.233,96,232,0,0,0,0,88,5,90,11,0,0,139,48,3,240,43,192,139,254,102,173,193,224,12,139,200,80,173,43,200,3,241,139,200,87,81,73,138,68,57,6,136,4,49,117,246,43,192,172,139,200,128,225,240,36,15,193,225,12,138,232,172,11,12.0,12.0,2.0,0.167,2.0,1,742.0,0
0,0,1,0,0,0,0,1,182138,4194304,4096,5,1,909312,92672,512,799744,0,1048576,28672,4096,1,2,0.333,2,3,2,2,3,2,0,1,1,1,1,0,1.087,0,1,1.14,0.153,0,-1,-1,5.086,2.754,1.86,6.12,96,232,0,0,0,0,88,5,90,11,0,0,139,48,3,240,43,192,139,254,102,173,193,224,12,139,200,80,173,43,200,3,241,139,200,87,81,73,138,68,57,6,136,4,49,117,246,43,192,172,139,200,128,225,240,36,15,193,225,12,138,232,172,11,6.0,6.0,2.0,0.333,2.0,1,22.0,0
0,0,1,0,0,0,0,1,131110,4194304,4096,5,1,466944,162304,512,283648,0,1048576,28672,4096,1,2,0.333,2,3,2,2,3,2,0,1,1,1,1,0,1.087,0,1,1.211,0.184,0,-1,-1,5.101,2.684,2.191,6.143,96,232,0,0,0,0,88,5,90,11,0,0,139,48,3,240,43,192,139,254,102,173,193,224,12,139,200,80,173,43,200,3,241,139,200,87,81,73,138,68,57,6,136,4,49,117,246,43,192,172,139,200,128,225,240,36,15,193,225,12,138,232,172,11,6.0,6.0,2.0,0.333,2.0,1,14.0,0
0,0,0,0,0,0,0,1,1634563,4194304,4096,5,1,2867200,581632,512,1533440,0,4194304,53248,4096,1,2,0.333,2,3,2,2,3,2,0,1,1,1,1,0,1.04,0,1,1.04,0.412,0,-1,-1,5.026,2.768,4.467,5.781,96,232,0,0,0,0,88,5,90,11,0,0,139,48,3,240,43,192,139,254,102,173,193,224,12,139,200,80,173,43,200,3,241,139,200,87,81,73,138,68,57,6,136,4,49,117,246,43,192,172,139,200,128,225,240,36,15,193,225,12,138,232,172,11,18.0,18.0,2.0,0.111,2.0,1,1222.0,0
0,0,1,0,0,0,0,1,156157,1255145472,4096,6,1,352256,142848,512,158720,0,1048576,1036288,4096,1,2,0.333,2,3,2,2,3,2,0,1,1,1,1,0,1.122,0,1,1.122,0.228,0,-1,-1,4.003,2.835,2.775,5.516,96,232,0,0,0,0,88,5,90,11,0,0,139,48,3,240,43,192,139,254,102,173,193,224,12,139,200,80,173,43,200,3,241,139,200,87,81,73,138,68,57,6,136,4,49,117,246,43,192,172,139,200,128,225,240,36,15,193,225,12,138,232,172,11,4.0,4.0,2.0,0.5,2.0,1,68.0,0
0,0,1,0,0,0,0,1,112616,4194304,4096,5,1,151552,65536,512,65024,0,1048576,8192,4096,1,2,0.333,2,3,2,2,3,2,0,1,1,1,1,0,1.087,0,1,1.171,0.32,0,-1,-1,4.614,2.623,3.495,6.119,96,232,0,0,0,0,88,5,90,11,0,0,139,48,3,240,43,192,139,254,102,173,193,224,12,139,200,80,173,43,200,3,241,139,200,87,81,73,138,68,57,6,136,4,49,117,246,43,192,172,139,200,128,225,240,36,15,193,225,12,138,232,172,11,6.0,6.0,2.0,0.333,2.0,1,14.0,0
0,0,1,0,0,0,0,1,369310,16777216,4096,6,1,880640,339456,512,435712,0,262144,28672,4096,1,2,0.333,2,3,2,2,3,2,0,1,1,1,1,0,1.086,0,1,1.086,0.278,0,-1,-1,6.107,2.742,3.434,5.571,96,232,0,0,0,0,88,5,90,11,0,0,139,48,3,240,43,192,139,254,102,173,193,224,12,139,200,80,173,43,200,3,241,139,200,87,81,73,138,68,57,6,136,4,49,117,246,43,192,172,139,200,128,225,240,36,15,193,225,12,138,232,172,11,16.0,16.0,2.0,0.125,2.0,1,311.0,0
0,0,0,0,0,0,0,0,83366,4194304,4096,4,0,163840,24576,512,126976,0,1048576,8192,4096,1,2,0.333,2,3,2,2,3,2,0,1,1,1,1,0,1.092,0,1,1.376,0.199,0,-1,-1,1.669,2.63,2.368,5.61,96,232,0,0,0,0,88,5,90,11,0,0,139,48,3,240,43,192,139,254,102,173,193,224,12,139,200,80,173,43,200,3,241,139,200,87,81,73,138,68,57,6,136,4,49,117,246,43,192,172,139,200,128,225,240,36,15,193,225,12,138,232,172,11,6.0,6.0,2.0,0.333,2.0,1,24.0,0
0,0,0,0,0,0,0,0,0,4194304,4096,4,0,135168,56320,512,45568,0,1048576,8192,4096,1,2,0.333,2,3,2,2,3,2,0,1,1,1,1,0,1.028,0,1,1.043,0.344,0,-1,-1,3.592,2.462,3.696,5.992,96,232,0,0,0,0,88,5,90,11,0,0,139,48,3,240,43,192,139,254,102,173,193,224,12,139,200,80,173,43,200,3,241,139,200,87,81,73,138,68,57,6,136,4,49,117,246,43,192,172,139,200,128,225,240,36,15,193,225,12,138,232,172,11,10.0,10.0,2.0,0.2,2.0,1,146.0,0
0,0,1,0,0,0,0,1,1017605,4194304,4096,5,1,3084288,2148864,512,899072,0,1048576,53248,4096,1,2,0.333,2,3,2,2,3,2,0,1,1,1,1,0,1.112,0,1,1.112,0.314,0,-1,-1,4.956,2.764,3.393,6.134,96,232,0,0,0,0,88,5,90,11,0,0,139,48,3,240,43,192,139,254,102,173,193,224,12,139,200,80,173,43,200,3,241,139,200,87,81,73,138,68,57,6,136,4,49,117,246,43,192,172,139,200,128,225,240,36,15,193,225,12,138,232,172,11,23.0,23.0,2.0,0.087,2.0,1,154.0,0
0,0,1,0,0,0,0,1,287534,4194304,4096,5,1,765952,352768,512,291328,0,1048576,28672,4096,1,2,0.333,2,3,2,2,3,2,0,1,1,1,1,0,1.084,0,1,1.084,0.226,0,-1,-1,4.559,2.757,2.884,5.632,96,232,0,0,0,0,88,5,90,11,0,0,139,48,3,240,43,192,139,254,102,173,193,224,12,139,200,80,173,43,200,3,241,139,200,87,81,73,138,68,57,6,136,4,49,117,246,43,192,172,139,200,128,225,240,36,15,193,225,12,138,232,172,11,15.0,15.0,2.0,0.133,2.0,1,621.0,0
0,0,1,0,0,0,0,1,325213,4194304,4096,5,1,847872,424960,512,303616,0,1048576,28672,4096,1,2,0.333,2,3,2,2,3,2,0,1,1,1,1,0,1.09,0,1,1.09,0.242,0,-1,-1,4.56,2.778,2.986,6.189,96,232,0,0,0,0,88,5,90,11,0,0,139,48,3,240,43,192,139,254,102,173,193,224,12,139,200,80,173,43,200,3,241,139,200,87,81,73,138,68,57,6,136,4,49,117,246,43,192,172,139,200,128,225,240,36,15,193,225,12,138,232,172,11,15.0,15.0,2.0,0.133,2.0,1,621.0,0
0,0,1,0,0,0,0,1,73007,4194304,4096,5,1,151552,60928,512,68608,0,1048576,8192,4096,1,2,0.333,2,3,2,2,3,2,0,1,1,1,1,0,1.088,0,1,1.088,0.316,0,-1,-1,4.945,2.609,3.478,6.106,96,232,0,0,0,0,88,5,90,11,0,0,139,48,3,240,43,192,139,254,102,173,193,224,12,139,200,80,173,43,200,3,241,139,200,87,81,73,138,68,57,6,136,4,49,117,246,43,192,172,139,200,128,225,240,36,15,193,225,12,138,232,172,11,6.0,6.0,2.0,0.333,2.0,1,22.0,0
0,0,0,0,0,0,0,0,91079,4194304,4096,4,0,155648,24576,512,122880,0,1048576,8192,4096,0,2,0.0,2,2,2,2,2,2,0,1,1,1,1,0,1.049,0,1,1.049,0.198,0,-1,-1,-1,2.474,2.362,5.739,96,232,0,0,0,0,88,5,90,11,0,0,139,48,3,240,43,192,139,254,102,173,193,224,12,139,200,80,173,43,200,3,241,139,200,87,81,73,138,68,57,6,136,4,49,117,246,43,192,172,139,200,128,225,240,36,15,193,225,12,138,232,172,11,9.0,9.0,2.0,0.222,2.0,1,-1,0
0,0,1,0,0,0,0,1,483149,4194304,4096,5,1,4374528,301056,512,4031488,0,1048576,53248,4096,1,2,0.333,2,3,2,2,3,2,0,1,1,1,1,0,1.128,0,1,1.128,0.105,0,-1,-1,4.879,2.821,1.34,6.304,96,232,0,0,0,0,88,5,90,11,0,0,139,48,3,240,43,192,139,254,102,173,193,224,12,139,200,80,173,43,200,3,241,139,200,87,81,73,138,68,57,6,136,4,49,117,246,43,192,172,139,200,128,225,240,36,15,193,225,12,138,232,172,11,13.0,13.0,2.0,0.154,2.0,1,260.0,0
0,0,0,0,0,0,0,1,206757,4194304,4096,5,0,520192,323584,512,148480,0,1048576,28672,4096,1,2,0.333,2,3,2,2,3,2,0,1,1,1,1,0,1.113,0,1,1.113,0.299,0,-1,-1,3.994,2.733,3.325,6.153,96,232,0,0,0,0,88,5,90,11,0,0,139,48,3,240,43,192,139,254,102,173,193,224,12,139,200,80,173,43,200,3,241,139,200,87,81,73,138,68,57,6,136,4,49,117,246,43,192,172,139,200,128,225,240,36,15,193,225,12,138,232,172,11,14.0,14.0,2.0,0.143,2.0,1,278.0,0
0,0,0,0,0,0,0,0,72743,4194304,4096,4,0,184320,28672,512,139264,0,1048576,8192,4096,1,2,0.333,2,3,2,2,3,2,0,1,1,1,1,0,1.142,0,1,1.142,0.198,0,-1,-1,4.208,2.661,2.496,5.7,96,232,0,0,0,0,88,5,90,11,0,0,139,48,3,240,43,192,139,254,102,173,193,224,12,139,200,80,173,43,200,3,241,139,200,87,81,73,138,68,57,6,136,4,49,117,246,43,192,172,139,200,128,225,240,36,15,193,225,12,138,232,172,11,12.0,12.0,2.0,0.167,2.0,1,128.0,0
0,0,1,0,0,0,0,1,177471,4194304,4096,5,1,802816,116224,512,667136,0,1048576,28672,4096,1,2,0.333,2,3,2,2,3,2,0,1,1,1,1,0,1.054,0,1,1.201,0.213,0,-1,-1,5.186,2.695,2.465,6.048,96,232,0,0,0,0,88,5,90,11,0,0,139,48,3,240,43,192,139,254,102,173,193,224,12,139,200,80,173,43,200,3,241,139,200,87,81,73,138,68,57,6,136,4,49,117,246,43,192,172,139,200,128,225,240,36,15,193,225,12,138,232,172,11,8.0,8.0,2.0,0.25,2.0,1,22.0,0
0,0,0,0,0,0,0,1,0,4194304,778240,5,0,888832,0,1024,691200,0,1048576,4096,4096,0,7,0.0,7,7,7,7,7,7,0,1,1,1,1,0,0.646,0,5,1.08,0.04,0,-1,-1,-1,3.144,5.558,7.828,232,0,0,0,0,96,232,79,0,0,0,83,172,96,28,148,44,31,102,169,168,118,134,2,82,190,255,112,30,161,135,159,173,14,123,188,109,156,117,166,78,106,101,172,127,206,135,119,119,26,139,140,87,168,64,255,188,254,165,55,3,206,88,6,2.0,20.0,2.0,0.1,19.0,1,680.0,0
0,0,0,0,0,0,0,0,0,4194304,110592,4,0,221184,0,1024,117248,0,1048576,4096,4096,0,7,0.0,7,7,7,7,7,7,0,1,1,1,1,0,0.646,0,5,1.08,0.075,0,-1,-1,-1,3.404,4.767,7.836,232,0,0,0,0,96,232,79,0,0,0,47,125,126,143,80,90,136,243,156,57,85,228,141,90,249,212,22,145,218,158,51,119,123,254,28,78,104,150,19,68,6,194,70,82,166,63,138,148,182,39,86,38,38,103,0,224,11,110,136,209,59,247,0,2.0,20.0,2.0,0.1,19.0,1,132.0,0
0,0,0,0,0,0,0,0,0,4194304,221184,4,0,331776,0,1024,176128,0,1048576,4096,4096,0,7,0.0,7,7,7,7,7,7,0,1,1,1,1,0,0.646,0,5,1.08,0.13,0,-1,-1,-1,3.374,4.943,7.832,232,0,0,0,0,96,232,79,0,0,0,56,121,108,215,153,39,12,104,115,215,81,140,109,126,44,87,241,214,228,206,255,235,141,106,157,122,140,200,26,122,95,2,4,69,142,126,227,241,162,138,68,234,193,176,243,194,60,10,130,125,251,25,158,2.0,20.0,2.0,0.1,19.0,1,182.0,0
0,0,0,0,0,0,0,0,0,4194304,98304,4,0,208896,0,1024,111616,0,1048576,4096,4096,0,7,0.0,7,7,7,7,7,7,0,1,1,1,1,0,0.646,0,5,1.08,0.093,0,-1,-1,-1,3.47,4.795,7.831,232,0,0,0,0,96,232,79,0,0,0,228,186,64,80,105,165,39,121,236,72,25,179,163,207,41,211,74,117,243,114,214,140,62,36,214,207,199,150,45,159,98,249,37,30,96,163,97,170,218,131,168,29,55,118,18,2,215,57,182,58,149,84,39,2.0,20.0,2.0,0.1,19.0,1,144.0,0
0,0,0,0,0,0,0,0,0,4194304,135168,4,0,245760,0,1024,134144,0,1048576,4096,4096,0,7,0.0,7,7,7,7,7,7,0,1,1,1,1,0,0.646,0,5,1.08,0.104,0,-1,-1,-1,3.329,4.828,7.829,232,0,0,0,0,96,232,79,0,0,0,96,21,127,130,194,207,164,11,9,164,176,104,77,14,180,143,148,58,229,207,154,100,162,194,100,252,60,111,238,175,103,90,98,242,135,111,215,55,158,66,167,82,146,12,3,222,127,230,144,88,133,8,187,2.0,20.0,2.0,0.1,19.0,1,192.0,0
0,0,0,0,0,0,0,1,0,4194304,315392,5,0,425984,0,1024,211456,0,1048576,4096,4096,0,7,0.0,7,7,7,7,7,7,0,1,1,1,1,0,0.646,0,5,1.08,0.144,0,-1,-1,-1,3.356,4.812,7.828,232,0,0,0,0,96,232,79,0,0,0,234,86,202,93,133,129,206,177,118,125,2,222,222,11,146,3,183,112,21,186,123,33,25,214,45,13,47,21,120,117,141,189,244,64,71,214,35,118,178,137,53,119,0,172,210,235,247,222,99,80,78,201,37,2.0,20.0,2.0,0.1,19.0,1,112.0,0
0,0,0,0,0,0,0,1,0,4194304,212992,5,0,323584,0,1024,163328,0,1048576,4096,4096,0,7,0.0,7,7,7,7,7,7,0,1,1,1,1,0,0.646,0,5,1.08,0.228,0,-1,-1,-1,3.465,4.754,7.83,232,0,0,0,0,96,232,79,0,0,0,74,4,119,72,20,226,163,151,51,169,101,166,201,140,16,35,251,145,165,175,0,164,93,177,10,65,73,237,127,137,10,114,21,43,55,105,31,42,116,143,55,76,28,163,41,81,32,1,113,82,102,193,223,2.0,20.0,2.0,0.1,19.0,1,118.0,0
0,0,0,0,0,0,0,0,0,4194304,114688,4,0,225280,0,1024,121344,0,1048576,4096,4096,0,7,0.0,7,7,7,7,7,7,0,1,1,1,1,0,0.646,0,5,1.08,0.153,0,-1,-1,-1,3.439,4.774,7.836,232,0,0,0,0,96,232,79,0,0,0,4,18,207,139,241,77,151,43,5,39,112,148,73,20,66,235,52,135,57,224,173,7,191,26,0,95,195,213,229,192,179,209,192,161,155,197,96,174,174,20,40,8,206,13,124,242,40,228,130,41,151,70,151,2.0,20.0,2.0,0.1,19.0,1,172.0,0
0,0,0,0,0,0,0,0,0,4194304,81920,4,0,192512,0,4096,99328,0,1048576,4096,4096,0,7,0.0,7,7,7,7,7,7,0,1,1,1,1,0,0.646,0,5,1.08,0.107,0,-1,-1,-1,3.354,4.8,7.828,232,0,0,0,0,96,232,79,0,0,0,222,133,241,97,7,181,245,46,84,78,71,112,198,1,113,183,70,223,184,78,160,167,183,245,215,98,200,13,198,127,137,93,109,36,80,98,50,171,23,254,77,40,121,207,232,227,191,83,131,239,244,232,201,2.0,20.0,2.0,0.1,19.0,1,168.0,0
0,0,0,0,0,0,0,0,0,4194304,110592,4,0,221184,0,4096,116736,0,1048576,4096,4096,0,7,0.0,7,7,7,7,7,7,0,1,1,1,1,0,0.646,0,5,1.08,0.117,0,-1,-1,-1,3.459,4.842,7.836,232,0,0,0,0,96,232,79,0,0,0,155,0,40,115,95,140,58,50,39,5,54,41,114,248,133,156,250,56,53,161,201,96,182,31,196,121,184,161,87,140,73,43,45,127,247,214,148,250,173,77,119,223,219,221,54,169,12,9,253,70,127,151,170,2.0,20.0,2.0,0.1,19.0,1,156.0,0
0,0,0,0,0,0,0,0,0,4194304,98304,4,0,208896,0,4096,118784,0,1048576,4096,4096,0,7,0.0,7,7,7,7,7,7,0,1,1,1,1,0,0.705,0,5,1.234,0.283,0,-1,-1,-1,3.255,5.206,7.848,232,0,0,0,0,96,232,79,0,0,0,200,217,233,227,194,237,22,105,238,59,23,250,239,33,136,64,129,38,167,32,48,216,228,91,224,211,9,131,239,221,225,164,240,8,27,173,81,44,220,123,150,213,129,199,209,186,87,218,31,111,140,169,237,2.0,20.0,2.0,0.1,19.0,1,44.0,0
0,0,0,0,0,0,0,0,0,4194304,262144,4,0,372736,0,4096,167936,0,1048576,4096,4096,0,7,0.0,7,7,7,7,7,7,0,1,1,1,1,0,0.705,0,5,1.234,0.165,0,-1,-1,-1,3.543,4.204,7.848,232,0,0,0,0,96,232,79,0,0,0,161,27,231,206,248,210,214,58,46,121,30,3,70,217,17,3,69,226,120,235,2,67,44,184,251,250,52,146,2,192,226,8,13,151,75,119,200,139,104,54,242,65,44,136,140,218,58,190,13,32,191,66,234,2.0,20.0,2.0,0.1,19.0,1,152.0,0
0,0,1,0,0,0,0,1,0,4194304,147456,5,1,258048,0,1024,116736,0,1048576,4096,4096,0,7,0.0,7,7,7,7,7,7,0,1,1,1,1,0,0.646,0,5,1.15,0.152,0,-1,-1,-1,3.524,4.502,7.832,232,0,0,0,0,96,232,79,0,0,0,35,188,75,87,138,25,129,201,21,208,34,25,43,19,227,171,124,214,1,58,181,167,200,194,205,223,16,213,225,52,207,5,131,125,159,146,100,57,160,7,237,110,148,51,125,116,204,186,35,225,100,151,81,2.0,20.0,2.0,0.1,19.0,1,14.0,0
0,0,0,0,0,0,0,0,0,4194304,65536,4,0,176128,0,4096,98304,0,1048576,4096,4096,0,6,0.0,6,6,6,6,6,6,0,1,1,1,1,0,0.705,0,4,2.124,0.283,0,-1,-1,-1,3.362,5.313,7.849,232,0,0,0,0,96,232,79,0,0,0,58,252,67,219,248,234,94,38,42,0,139,205,141,89,207,238,55,90,222,128,183,220,201,25,146,81,236,241,214,169,193,15,240,16,133,247,37,17,231,10,108,214,207,150,148,227,154,24,18,0,206,86,23,2.0,20.0,2.0,0.1,19.0,1,-1,0
0,0,1,0,0,0,0,1,0,4194304,122880,5,1,233472,0,1024,107008,0,1048576,4096,4096,0,7,0.0,7,7,7,7,7,7,0,1,1,1,1,0,0.646,0,5,1.15,0.167,0,-1,-1,-1,3.4,4.542,7.83,232,0,0,0,0,96,232,79,0,0,0,235,216,173,183,228,56,31,119,65,138,234,200,91,64,72,142,108,86,2,120,177,171,40,44,194,24,236,54,127,119,1,217,106,232,211,31,24,159,158,197,80,78,246,64,202,54,231,42,62,61,184,208,90,2.0,20.0,2.0,0.1,19.0,1,14.0,0
0,0,0,0,0,0,0,0,0,4194304,90112,4,0,200704,0,4096,104960,0,1048576,4096,4096,0,7,0.0,7,7,7,7,7,7,0,1,1,1,1,0,0.646,0,5,1.08,0.111,0,-1,-1,-1,3.304,4.86,7.828,232,0,0,0,0,96,232,79,0,0,0,166,106,104,162,130,193,19,251,185,36,98,142,83,118,199,55,50,246,141,132,140,184,104,78,254,179,232,115,99,227,68,43,68,83,231,235,185,61,106,121,44,252,132,182,173,135,169,125,59,246,154,90,173,2.0,20.0,2.0,0.1,19.0,1,160.0,0
0,0,0,0,0,0,0,0,0,4194304,208896,4,0,319488,0,4096,208896,0,1048576,4096,4096,0,7,0.0,7,7,7,7,7,7,0,1,1,1,1,0,0.705,0,5,1.234,0.283,0,-1,-1,-1,3.253,5.381,7.845,232,0,0,0,0,96,232,79,0,0,0,98,112,104,81,189,147,147,74,146,167,118,119,75,108,221,58,231,118,150,9,59,178,150,39,158,139,137,42,164,133,232,129,237,181,48,135,28,84,254,96,250,24,164,33,233,195,85,60,154,208,141,37,13,2.0,20.0,2.0,0.1,19.0,1,20.0,0
0,0,1,0,0,0,0,1,0,4194304,159744,5,1,270336,0,1024,121344,0,1048576,4096,4096,0,7,0.0,7,7,7,7,7,7,0,1,1,1,1,0,0.646,0,5,1.123,0.158,0,-1,-1,-1,3.585,4.479,7.833,232,0,0,0,0,96,232,79,0,0,0,166,148,213,159,119,111,101,207,91,179,108,63,98,195,89,243,124,240,209,84,154,254,7,194,254,215,252,6,72,241,35,236,225,28,25,148,1,191,167,98,19,126,89,246,95,134,19,86,225,206,69,1,97,2.0,20.0,2.0,0.1,19.0,1,14.0,0
0,0,1,0,0,0,0,1,0,4194304,184320,5,1,294912,0,1024,134144,0,1048576,4096,4096,0,7,0.0,7,7,7,7,7,7,0,1,1,1,1,0,0.646,0,5,1.136,0.15,0,-1,-1,-1,3.549,4.535,7.833,232,0,0,0,0,96,232,79,0,0,0,236,158,204,76,168,52,162,45,234,191,25,253,59,239,129,234,51,2,195,157,177,205,163,54,248,38,211,88,241,81,30,228,83,237,239,248,205,247,192,126,100,60,229,152,196,166,222,201,157,77,2,25,176,2.0,20.0,2.0,0.1,19.0,1,14.0,0
0,0,1,0,0,0,0,1,0,4194304,290816,5,1,401408,0,1024,250368,0,1048576,4096,4096,0,7,0.0,7,7,7,7,7,7,0,1,1,1,1,0,0.646,0,5,1.08,0.146,0,-1,-1,-1,3.626,5.201,7.832,232,0,0,0,0,96,232,79,0,0,0,195,12,209,51,22,237,138,221,248,93,141,89,85,128,102,40,99,140,234,109,42,208,222,96,79,142,238,57,253,139,84,143,0,42,185,238,119,236,0,4,28,100,214,18,66,159,187,46,231,143,165,219,59,2.0,20.0,2.0,0.1,19.0,1,20.0,0
0,0,1,0,0,0,0,1,0,4194304,348160,5,1,458752,0,1024,261632,0,1048576,4096,4096,0,7,0.0,7,7,7,7,7,7,0,1,1,1,1,0,0.646,0,5,1.08,0.047,0,-1,-1,-1,3.628,4.87,7.836,232,0,0,0,0,96,232,79,0,0,0,182,89,238,200,221,100,151,144,41,99,215,157,52,57,152,154,224,129,33,134,65,206,153,68,33,240,218,250,173,60,131,45,162,207,117,151,26,43,44,94,217,250,203,206,173,235,82,139,113,214,222,11,18,2.0,20.0,2.0,0.1,19.0,1,20.0,0
0,0,0,0,0,0,0,0,0,4194304,90112,4,0,200704,0,1024,107520,0,1048576,4096,4096,0,7,0.0,7,7,7,7,7,7,0,1,1,1,1,0,0.646,0,5,1.08,0.134,0,-1,-1,-1,3.341,4.86,7.828,232,0,0,0,0,96,232,79,0,0,0,72,138,180,53,12,35,122,197,49,239,18,176,212,37,246,247,161,74,147,253,85,246,12,118,193,170,219,182,254,0,45,107,105,79,163,20,110,249,177,194,210,18,213,128,224,77,110,89,163,199,227,245,252,2.0,20.0,2.0,0.1,19.0,1,152.0,0
0,0,0,0,0,0,0,1,0,4194304,897024,5,0,1007616,0,1024,374784,0,1048576,4096,4096,0,7,0.0,7,7,7,7,7,7,0,1,1,1,1,0,0.646,0,5,1.08,0.018,0,-1,-1,-1,3.402,3.296,7.834,232,0,0,0,0,96,232,79,0,0,0,88,225,91,145,174,26,25,87,45,42,12,156,139,106,146,97,232,155,93,69,65,194,25,40,92,232,203,5,110,220,197,222,239,92,100,141,2,57,76,107,44,253,205,114,141,89,244,101,205,174,87,34,103,2.0,20.0,2.0,0.1,19.0,1,182.0,0
0,0,0,0,0,0,0,0,0,4194304,86016,4,0,196608,0,1024,98304,0,1048576,65536,4096,0,8,0.0,8,8,8,8,8,8,0,1,1,1,1,0,0.646,0,6,1.08,0.108,0,-1,-1,-1,2.722,4.524,7.83,232,0,0,0,0,96,232,79,0,0,0,36,42,0,88,41,18,250,110,196,117,234,95,18,142,49,170,39,106,195,74,55,181,225,113,13,139,231,114,185,75,108,21,238,93,84,112,27,52,169,68,15,219,13,20,204,226,83,57,192,81,189,137,225,2.0,20.0,2.0,0.1,19.0,1,88.0,0
0,0,0,0,0,0,0,0,0,4194304,356352,4,0,466944,0,4096,155648,0,1048576,4096,4096,0,7,0.0,7,7,7,7,7,7,0,1,1,1,1,0,0.705,0,5,1.234,0.079,0,-1,-1,-1,3.407,3.045,7.851,232,0,0,0,0,96,232,79,0,0,0,153,244,160,213,30,239,251,90,11,66,153,132,58,118,161,151,204,243,128,74,17,51,154,10,149,207,141,236,203,180,113,184,157,76,99,172,182,129,173,12,35,31,104,201,217,100,104,157,64,242,56,151,173,2.0,20.0,2.0,0.1,19.0,1,60.0,0
0,0,0,0,0,0,0,0,0,4194304,122880,4,0,233472,0,4096,135680,0,1048576,4096,4096,0,7,0.0,7,7,7,7,7,7,0,1,1,1,1,0,0.646,0,5,1.08,0.086,0,-1,-1,-1,3.392,5.084,7.83,232,0,0,0,0,96,232,79,0,0,0,102,64,28,219,170,118,248,28,166,171,152,190,37,28,211,118,73,128,8,46,42,109,30,44,183,56,89,222,225,87,16,117,43,44,178,220,86,226,215,212,46,229,129,121,59,204,255,22,255,36,182,164,120,2.0,20.0,2.0,0.1,19.0,1,178.0,0
0,0,1,0,0,0,0,1,0,4194304,143360,5,1,253952,0,1024,114688,0,1048576,4096,4096,0,7,0.0,7,7,7,7,7,7,0,1,1,1,1,0,0.646,0,5,1.136,0.158,0,-1,-1,-1,3.485,4.495,7.831,232,0,0,0,0,96,232,79,0,0,0,34,49,14,144,104,40,188,53,81,236,214,129,39,82,44,245,40,202,175,6,185,55,61,126,228,29,221,171,169,124,216,30,248,54,70,149,17,103,254,125,159,73,96,157,168,150,219,250,219,208,5,20,78,2.0,20.0,2.0,0.1,19.0,1,14.0,0
0,0,0,0,0,0,0,0,0,4194304,126976,4,0,237568,0,1024,131584,0,1048576,4096,4096,0,7,0.0,7,7,7,7,7,7,0,1,1,1,1,0,0.646,0,5,1.08,0.081,0,-1,-1,-1,3.487,4.903,7.829,232,0,0,0,0,96,232,79,0,0,0,199,14,135,84,38,231,20,201,0,97,17,85,180,12,2,191,3,217,45,218,230,67,240,224,210,68,85,255,126,227,32,95,172,159,34,20,5,140,43,243,118,173,97,228,89,224,32,75,115,177,5,45,244,2.0,20.0,2.0,0.1,19.0,1,184.0,0
0,0,0,0,0,0,0,0,0,4194304,102400,4,0,212992,0,1024,118272,0,1048576,4096,4096,0,7,0.0,7,7,7,7,7,7,0,1,1,1,1,0,0.646,0,5,1.08,0.088,0,-1,-1,-1,3.394,4.846,7.831,232,0,0,0,0,96,232,79,0,0,0,147,31,48,175,106,103,102,52,185,177,89,62,104,4,88,4,183,14,96,95,194,203,44,150,103,18,138,184,131,153,186,46,250,31,122,252,126,222,169,184,205,142,28,199,131,6,202,133,144,160,1,40,206,2.0,20.0,2.0,0.1,19.0,1,156.0,0
0,0,0,0,0,0,0,0,0,4194304,122880,4,0,233472,0,1024,126976,0,1048576,4096,4096,0,7,0.0,7,7,7,7,7,7,0,1,1,1,1,0,0.646,0,5,1.08,0.132,0,-1,-1,-1,3.23,4.786,7.831,232,0,0,0,0,96,232,79,0,0,0,227,145,50,145,187,18,132,220,89,187,245,3,98,15,122,4,115,176,17,169,193,114,13,113,248,175,100,172,252,119,225,206,114,128,93,198,242,183,190,121,7,254,60,120,242,78,184,102,85,4,95,60,132,2.0,20.0,2.0,0.1,19.0,1,180.0,0
0,0,0,0,0,0,0,0,0,4194304,495616,4,0,606208,0,1024,307200,0,524288,131072,4096,0,7,0.0,7,7,7,7,7,7,0,1,1,1,1,0,0.646,0,5,1.08,0.127,0,-1,-1,-1,3.664,4.664,7.829,232,0,0,0,0,96,232,79,0,0,0,231,142,203,171,65,70,217,134,53,247,22,252,62,64,85,254,168,216,250,73,51,143,46,149,165,207,177,203,123,21,16,61,146,37,109,81,184,253,238,242,14,92,16,60,26,4,91,56,235,254,49,190,84,2.0,20.0,2.0,0.1,19.0,1,404.0,0
0,0,0,0,0,0,0,0,0,4194304,118784,4,0,229376,0,1024,122880,0,1048576,4096,4096,0,7,0.0,7,7,7,7,7,7,0,1,1,1,1,0,0.646,0,5,1.08,0.094,0,-1,-1,-1,3.522,4.797,7.83,232,0,0,0,0,96,232,79,0,0,0,66,207,6,33,210,57,65,53,191,113,47,2,207,199,193,156,194,76,122,53,215,98,248,128,226,247,80,144,227,67,144,33,54,155,56,225,223,131,156,219,129,10,76,148,162,240,180,208,121,169,182,212,127,2.0,20.0,2.0,0.1,19.0,1,140.0,0
0,0,0,0,0,0,0,0,0,4194304,147456,4,0,258048,0,4096,98304,0,1048576,4096,4096,0,6,0.0,6,6,6,6,6,6,0,1,1,1,1,0,0.705,0,4,1.336,0.178,0,-1,-1,-1,3.307,3.878,7.846,232,0,0,0,0,96,232,79,0,0,0,12,208,98,52,88,72,197,46,230,54,226,48,56,0,254,85,224,22,142,202,109,173,203,7,210,166,42,18,153,221,101,253,245,35,88,194,3,93,93,231,20,224,110,50,165,209,141,214,84,154,163,224,44,2.0,20.0,2.0,0.1,19.0,1,-1,0
0,0,0,0,0,0,0,0,0,4194304,77824,4,0,188416,0,4096,96256,0,1048576,4096,4096,0,7,0.0,7,7,7,7,7,7,0,1,1,1,1,0,0.646,0,5,1.08,0.123,0,-1,-1,-1,3.45,4.834,7.831,232,0,0,0,0,96,232,79,0,0,0,61,244,222,72,67,189,241,67,38,231,131,171,54,33,16,43,9,203,30,176,79,234,244,37,2,134,229,60,250,31,61,231,204,127,130,170,104,187,231,30,138,30,255,42,114,39,182,205,104,42,95,97,162,2.0,20.0,2.0,0.1,19.0,1,124.0,0
0,0,0,0,0,0,0,1,0,4194304,1642496,5,0,1753088,0,1024,509952,0,1048576,4096,4096,0,7,0.0,7,7,7,7,7,7,0,1,1,1,1,0,0.646,0,5,1.08,0.002,0,-1,-1,-1,3.44,2.702,7.83,232,0,0,0,0,96,232,79,0,0,0,150,120,159,62,123,195,9,177,36,79,96,29,227,170,152,68,113,148,188,179,7,136,162,111,151,62,17,215,172,197,191,166,130,5,234,212,100,190,7,24,110,216,218,241,53,11,178,93,199,177,254,145,84,2.0,20.0,2.0,0.1,19.0,1,78.0,0
0,0,0,0,0,0,0,0,0,4194304,241664,4,0,352256,0,4096,143360,0,1048576,4096,4096,0,7,0.0,7,7,7,7,7,7,0,1,1,1,1,0,0.705,0,5,1.234,0.149,0,-1,-1,-1,3.567,3.962,7.846,232,0,0,0,0,96,232,79,0,0,0,122,29,191,237,208,165,98,201,14,185,18,18,105,65,0,58,123,147,237,251,213,104,155,241,51,59,174,79,46,238,213,8,133,75,1,122,124,59,174,250,246,50,212,90,147,107,63,132,32,15,4,219,35,2.0,20.0,2.0,0.1,19.0,1,120.0,0
0,0,0,0,0,0,0,1,0,4194304,561152,5,0,671744,0,1024,393216,0,1048576,4096,4096,0,7,0.0,7,7,7,7,7,7,0,1,1,1,1,0,0.646,0,5,1.08,0.021,0,-1,-1,-1,3.396,4.824,7.837,232,0,0,0,0,96,232,79,0,0,0,129,8,221,102,112,134,20,119,45,138,61,2,70,71,9,198,159,48,31,182,182,193,180,179,33,67,16,41,197,106,152,98,243,254,111,142,102,243,70,149,213,2,156,204,147,74,30,242,231,242,232,108,122,2.0,20.0,2.0,0.1,19.0,1,214.0,0
0,0,0,0,0,0,0,0,0,4194304,81920,4,0,192512,0,4096,110592,0,1048576,4096,4096,0,7,0.0,7,7,7,7,7,7,0,1,1,1,1,0,0.705,0,4,1.542,0.283,0,-1,-1,-1,3.47,5.111,7.845,232,0,0,0,0,96,232,79,0,0,0,206,230,18,161,127,112,249,131,124,134,83,116,213,153,223,7,201,198,141,32,139,113,128,238,82,228,1,12,93,97,230,93,155,143,68,227,254,240,202,95,139,227,164,91,126,75,74,198,43,199,210,164,242,2.0,20.0,2.0,0.1,19.0,1,60.0,0
0,0,0,0,0,0,0,0,0,4194304,147456,4,0,258048,0,4096,102400,0,1048576,4096,4096,0,6,0.0,6,6,6,6,6,6,0,1,1,1,1,0,0.705,0,4,1.373,0.176,0,-1,-1,-1,3.294,3.998,7.846,232,0,0,0,0,96,232,79,0,0,0,134,161,116,15,192,135,188,137,189,55,165,60,103,68,205,34,129,170,55,90,56,246,209,200,135,15,130,114,237,228,10,56,19,179,242,132,180,47,55,183,135,84,196,136,253,43,79,151,71,244,206,211,28,2.0,20.0,2.0,0.1,19.0,1,-1,0
0,0,1,0,0,0,0,1,0,4194304,458752,5,1,569344,0,1024,165888,0,1048576,4096,4096,0,7,0.0,7,7,7,7,7,7,0,1,1,1,1,0,0.646,0,5,1.208,0.011,0,-1,-1,-1,3.578,3.13,7.834,232,0,0,0,0,96,232,79,0,0,0,45,202,106,120,84,199,107,248,200,246,154,212,178,230,47,19,25,34,168,202,51,83,215,114,107,233,246,218,6,238,174,50,233,71,113,87,86,52,4,116,89,16,241,204,121,84,131,65,84,73,166,236,241,2.0,20.0,2.0,0.1,19.0,1,14.0,0
0,0,0,0,0,0,0,0,0,4194304,155648,4,0,266240,0,4096,106496,0,1048576,4096,4096,0,7,0.0,7,7,7,7,7,7,0,1,1,1,1,0,0.705,0,4,1.515,0.177,0,-1,-1,-1,3.364,3.953,7.849,232,0,0,0,0,96,232,79,0,0,0,185,130,1,192,110,83,171,40,52,214,133,220,204,20,196,56,222,183,77,40,132,143,183,20,232,229,77,36,133,233,16,25,56,156,103,237,49,123,83,66,58,12,137,162,111,231,168,79,67,160,172,107,202,2.0,20.0,2.0,0.1,19.0,1,26.0,0
0,0,0,0,0,0,0,0,0,4194304,118784,4,0,229376,0,4096,121344,0,1048576,4096,4096,0,7,0.0,7,7,7,7,7,7,0,1,1,1,1,0,0.646,0,5,1.08,0.172,0,-1,-1,-1,3.389,4.82,7.83,232,0,0,0,0,96,232,79,0,0,0,164,163,10,103,122,143,0,188,83,95,77,196,95,151,31,95,98,135,30,146,195,107,218,192,125,82,84,135,43,70,249,137,135,47,175,87,59,46,207,50,79,115,173,207,96,98,73,174,145,33,79,105,127,2.0,20.0,2.0,0.1,19.0,1,174.0,0
0,0,0,0,0,0,0,0,0,4194304,151552,4,0,262144,0,4096,102400,0,1048576,4096,4096,0,6,0.0,6,6,6,6,6,6,0,1,1,1,1,0,0.705,0,4,1.234,0.177,0,-1,-1,-1,3.251,3.962,7.85,232,0,0,0,0,96,232,79,0,0,0,60,249,16,251,246,207,78,218,59,129,2,61,143,30,52,108,19,27,114,96,5,175,99,4,165,171,176,155,235,90,62,202,145,103,35,230,143,151,64,207,167,228,197,38,176,116,121,217,175,91,77,1,231,2.0,20.0,2.0,0.1,19.0,1,-1,0
0,0,0,0,0,0,0,1,0,4194304,491520,5,0,602112,0,1024,282112,0,1048576,4096,4096,0,7,0.0,7,7,7,7,7,7,0,1,1,1,1,0,0.646,0,5,1.08,0.142,0,-1,-1,-1,3.398,4.366,7.832,232,0,0,0,0,96,232,79,0,0,0,53,69,162,12,50,163,20,104,141,110,36,190,235,65,51,213,203,94,138,135,3,11,124,117,69,183,178,13,134,95,239,23,189,35,85,15,12,203,251,7,42,234,93,125,27,117,26,18,238,152,251,19,20,2.0,20.0,2.0,0.1,19.0,1,316.0,0
0,0,0,0,0,0,0,0,0,4194304,172032,4,0,282624,0,4096,122880,0,1048576,4096,4096,0,7,0.0,7,7,7,7,7,7,0,1,1,1,1,0,0.705,0,5,1.234,0.181,0,-1,-1,-1,3.421,4.116,7.846,232,0,0,0,0,96,232,79,0,0,0,149,109,247,107,5,134,244,226,110,181,84,84,119,152,198,39,200,211,108,213,242,172,148,196,231,72,27,94,28,26,64,219,142,197,71,119,4,23,39,148,248,209,21,165,51,6,139,149,211,253,115,161,90,2.0,20.0,2.0,0.1,19.0,1,140.0,0
0,0,0,0,0,0,0,0,0,4194304,4096,4,0,380928,512,512,0,0,4096,4096,4096,0,2,0.0,0,2,0,0,2,0,0,0,1,1,1,1,0.574,1,2,0.574,0.0,0,-1,-1,-1,1.639,2.405,7.966,233,100,25,251,255,12,176,3,0,0,0,0,0,0,0,0,0,194,231,4,0,12,176,3,0,0,0,0,0,0,0,0,0,0,0,0,0,0,0,0,0,0,0,0,0,0,0,0,0,0,0,0,0,0,0,0,0,0,0,0,0,0,0,0,1.0,1.0,2.0,2.0,-1,1,-1,0
0,0,0,0,0,0,0,0,0,4194304,4096,4,0,507904,512,512,0,0,1048576,4096,4096,0,2,0.0,0,2,0,0,2,0,0,0,1,1,1,1,0.682,1,2,0.682,0.0,0,-1,-1,-1,1.751,2.779,7.93,233,186,43,249,255,12,224,4,0,0,0,0,0,0,0,0,0,108,213,6,0,12,224,4,0,0,0,0,0,0,0,0,0,0,0,0,0,0,0,0,0,0,0,0,0,0,0,0,0,0,0,0,0,0,0,0,0,0,0,0,0,0,0,0,1.0,1.0,2.0,2.0,-1,1,80.0,0
0,0,0,0,0,0,0,0,0,4194304,4096,4,0,364544,512,512,0,0,1048576,4096,4096,0,2,0.0,0,2,0,0,2,0,0,0,1,1,1,1,0.584,1,2,0.584,0.0,0,-1,-1,-1,1.748,2.604,7.901,233,222,96,251,255,12,80,3,0,0,0,0,0,0,0,0,0,72,160,4,0,12,80,3,0,0,0,0,0,0,0,0,0,0,0,0,0,0,0,0,0,0,0,0,0,0,0,0,0,0,0,0,0,0,0,0,0,0,0,0,0,0,0,0,1.0,1.0,2.0,2.0,-1,1,85.0,0
0,0,0,0,0,0,0,0,0,4194304,4096,4,0,225280,512,512,0,0,1048576,4096,4096,0,2,0.0,0,2,0,0,2,0,0,0,1,1,1,1,0.443,1,2,0.443,0.0,0,-1,-1,-1,1.728,2.313,7.611,233,44,130,253,255,12,192,1,0,0,0,0,0,0,0,0,0,250,126,2,0,12,192,1,0,0,0,0,0,0,0,0,0,0,0,0,0,0,0,0,0,0,0,0,0,0,0,0,0,0,0,0,0,0,0,0,0,0,0,0,0,0,0,0,1.0,1.0,2.0,2.0,-1,1,125.0,0
0,0,0,0,0,0,0,0,0,4194304,4096,4,0,3584000,512,512,0,0,1048576,4096,4096,0,2,0.0,0,2,0,0,2,0,0,0,1,1,1,1,0.917,1,2,0.917,0.0,0,-1,-1,-1,1.784,2.139,7.969,233,62,57,202,255,12,192,43,0,0,0,0,0,0,0,0,0,232,199,53,0,12,192,43,0,0,0,0,0,0,0,0,0,0,0,0,0,0,0,0,0,0,0,0,0,0,0,0,0,0,0,0,0,0,0,0,0,0,0,0,0,0,0,0,1.0,1.0,2.0,2.0,-1,1,30.0,0
0,0,0,0,0,0,0,0,0,4194304,4096,4,0,180224,512,512,0,0,1048576,4096,4096,0,2,0.0,0,2,0,0,2,0,0,0,1,1,1,1,0.368,1,2,0.368,0.0,0,-1,-1,-1,1.702,2.073,7.657,233,20,42,254,255,12,80,1,0,0,0,0,0,0,0,0,0,18,215,1,0,12,80,1,0,0,0,0,0,0,0,0,0,0,0,0,0,0,0,0,0,0,0,0,0,0,0,0,0,0,0,0,0,0,0,0,0,0,0,0,0,0,0,0,1.0,1.0,2.0,2.0,-1,1,122.0,0
0,0,0,0,0,0,0,0,0,4194304,4096,4,0,258048,512,512,0,0,1048576,4096,4096,0,2,0.0,0,2,0,0,2,0,0,0,1,1,1,1,0.456,1,2,0.456,0.0,0,-1,-1,-1,1.61,2.193,7.963,233,160,243,252,255,12,80,2,0,0,0,0,0,0,0,0,0,134,13,3,0,12,80,2,0,0,0,0,0,0,0,0,0,0,0,0,0,0,0,0,0,0,0,0,0,0,0,0,0,0,0,0,0,0,0,0,0,0,0,0,0,0,0,0,1.0,1.0,2.0,2.0,-1,1,-1,0
0,0,0,0,0,0,0,0,0,4194304,4096,4,0,266240,512,512,0,0,1048576,4096,4096,0,2,0.0,0,2,0,0,2,0,0,0,1,1,1,1,0.463,1,2,0.463,0.0,0,-1,-1,-1,1.604,2.234,7.964,233,106,217,252,255,12,96,2,0,0,0,0,0,0,0,0,0,188,39,3,0,12,96,2,0,0,0,0,0,0,0,0,0,0,0,0,0,0,0,0,0,0,0,0,0,0,0,0,0,0,0,0,0,0,0,0,0,0,0,0,0,0,0,0,1.0,1.0,2.0,2.0,-1,1,-1,0
0,0,0,0,0,0,0,0,0,4194304,4096,4,0,245760,512,512,0,0,1048576,4096,4096,0,2,0.0,0,2,0,0,2,0,0,0,1,1,1,1,0.453,1,2,0.453,0.0,0,-1,-1,-1,1.592,2.275,7.965,233,226,36,253,255,12,32,2,0,0,0,0,0,0,0,0,0,68,220,2,0,12,32,2,0,0,0,0,0,0,0,0,0,0,0,0,0,0,0,0,0,0,0,0,0,0,0,0,0,0,0,0,0,0,0,0,0,0,0,0,0,0,0,0,1.0,1.0,2.0,2.0,-1,1,-1,0
0,0,0,0,0,0,0,0,0,4194304,4096,4,0,577536,512,512,0,0,1048576,4096,4096,0,2,0.0,0,2,0,0,2,0,0,0,1,1,1,1,0.689,1,2,0.689,0.0,0,-1,-1,-1,1.658,2.55,7.969,233,164,22,248,255,12,240,5,0,0,0,0,0,0,0,0,0,130,234,7,0,12,240,5,0,0,0,0,0,0,0,0,0,0,0,0,0,0,0,0,0,0,0,0,0,0,0,0,0,0,0,0,0,0,0,0,0,0,0,0,0,0,0,0,1.0,1.0,2.0,2.0,-1,1,-1,0
0,0,0,0,0,0,0,0,0,4194304,4096,4,0,176128,512,512,0,0,1048576,4096,4096,0,2,0.0,0,2,0,0,2,0,0,0,1,1,1,1,0.359,1,2,0.359,0.0,0,-1,-1,-1,1.716,2.121,7.767,233,69,61,254,255,12,64,1,0,0,0,0,0,0,0,0,0,225,195,1,0,12,64,1,0,0,0,0,0,0,0,0,0,0,0,0,0,0,0,0,0,0,0,0,0,0,0,0,0,0,0,0,0,0,0,0,0,0,0,0,0,0,0,0,1.0,1.0,2.0,2.0,-1,1,95.0,0
0,0,0,0,0,0,0,0,0,4194304,4096,4,0,221184,512,512,0,0,1048576,4096,4096,0,2,0.0,0,2,0,0,2,0,0,0,1,1,1,1,0.421,1,2,0.421,0.0,0,-1,-1,-1,1.734,2.246,7.819,233,117,146,253,255,12,192,1,0,0,0,0,0,0,0,0,0,177,110,2,0,12,192,1,0,0,0,0,0,0,0,0,0,0,0,0,0,0,0,0,0,0,0,0,0,0,0,0,0,0,0,0,0,0,0,0,0,0,0,0,0,0,0,0,1.0,1.0,2.0,2.0,-1,1,113.0,0
0,0,0,0,0,0,0,0,0,4194304,4096,4,0,200704,512,512,0,0,1048576,4096,4096,0,2,0.0,0,2,0,0,2,0,0,0,1,1,1,1,0.403,1,2,0.403,0.0,0,-1,-1,-1,1.708,2.233,7.88,233,213,214,253,255,12,144,1,0,0,0,0,0,0,0,0,0,81,42,2,0,12,144,1,0,0,0,0,0,0,0,0,0,0,0,0,0,0,0,0,0,0,0,0,0,0,0,0,0,0,0,0,0,0,0,0,0,0,0,0,0,0,0,0,1.0,1.0,2.0,2.0,-1,1,27.0,0
0,0,0,0,0,0,0,0,0,4194304,4096,4,0,413696,512,512,0,0,1048576,4096,4096,0,2,0.0,0,2,0,0,2,0,0,0,1,1,1,1,0.591,1,2,0.591,0.0,0,-1,-1,-1,1.732,2.199,7.516,233,242,156,250,255,12,16,4,0,0,0,0,0,0,0,0,0,52,100,5,0,12,16,4,0,0,0,0,0,0,0,0,0,0,0,0,0,0,0,0,0,0,0,0,0,0,0,0,0,0,0,0,0,0,0,0,0,0,0,0,0,0,0,0,1.0,1.0,2.0,2.0,-1,1,119.0,0
0,0,0,0,0,0,0,0,0,4194304,4096,4,0,303104,512,512,0,0,1048576,4096,4096,0,2,0.0,0,2,0,0,2,0,0,0,1,1,1,1,0.564,1,2,0.564,0.0,0,-1,-1,-1,1.755,2.73,7.87,233,195,71,252,255,12,144,2,0,0,0,0,0,0,0,0,0,99,185,3,0,12,144,2,0,0,0,0,0,0,0,0,0,0,0,0,0,0,0,0,0,0,0,0,0,0,0,0,0,0,0,0,0,0,0,0,0,0,0,0,0,0,0,0,1.0,1.0,2.0,2.0,-1,1,122.0,0
0,0,0,0,0,0,0,0,0,4194304,4096,4,0,278528,512,512,0,0,1048576,4096,4096,0,2,0.0,0,2,0,0,2,0,0,0,1,1,1,1,0.48,1,2,0.48,0.0,0,-1,-1,-1,1.611,2.285,7.966,233,142,170,252,255,12,128,2,0,0,0,0,0,0,0,0,0,152,86,3,0,12,128,2,0,0,0,0,0,0,0,0,0,0,0,0,0,0,0,0,0,0,0,0,0,0,0,0,0,0,0,0,0,0,0,0,0,0,0,0,0,0,0,0,1.0,1.0,2.0,2.0,-1,1,-1,0
0,0,0,0,0,0,0,0,0,4194304,4096,4,0,258048,512,512,0,0,1048576,4096,4096,0,2,0.0,0,2,0,0,2,0,0,0,1,1,1,1,0.462,1,2,0.462,0.0,0,-1,-1,-1,1.616,2.29,7.962,233,229,249,252,255,12,64,2,0,0,0,0,0,0,0,0,0,65,7,3,0,12,64,2,0,0,0,0,0,0,0,0,0,0,0,0,0,0,0,0,0,0,0,0,0,0,0,0,0,0,0,0,0,0,0,0,0,0,0,0,0,0,0,0,1.0,1.0,2.0,2.0,-1,1,-1,0
0,0,0,0,0,0,0,0,0,4194304,4096,4,0,225280,512,512,0,0,1048576,4096,4096,0,2,0.0,0,2,0,0,2,0,0,0,1,1,1,1,0.422,1,2,0.422,0.0,0,-1,-1,-1,1.609,2.229,7.962,233,158,120,253,255,12,224,1,0,0,0,0,0,0,0,0,0,136,136,2,0,12,224,1,0,0,0,0,0,0,0,0,0,0,0,0,0,0,0,0,0,0,0,0,0,0,0,0,0,0,0,0,0,0,0,0,0,0,0,0,0,0,0,0,1.0,1.0,2.0,2.0,-1,1,-1,0
0,0,0,0,0,0,0,0,0,4194304,4096,4,0,192512,512,512,0,0,1048576,4096,4096,0,2,0.0,0,2,0,0,2,0,0,0,1,1,1,1,0.388,1,2,0.388,0.0,0,-1,-1,-1,1.721,2.179,7.768,233,72,252,253,255,12,112,1,0,0,0,0,0,0,0,0,0,222,4,2,0,12,112,1,0,0,0,0,0,0,0,0,0,0,0,0,0,0,0,0,0,0,0,0,0,0,0,0,0,0,0,0,0,0,0,0,0,0,0,0,0,0,0,0,1.0,1.0,2.0,2.0,-1,1,116.0,0
0,0,0,0,0,0,0,0,0,4194304,4096,4,0,266240,512,512,0,0,1048576,4096,4096,0,2,0.0,0,2,0,0,2,0,0,0,1,1,1,1,0.468,1,2,0.468,0.0,0,-1,-1,-1,1.592,2.256,7.962,233,14,215,252,255,12,96,2,0,0,0,0,0,0,0,0,0,24,42,3,0,12,96,2,0,0,0,0,0,0,0,0,0,0,0,0,0,0,0,0,0,0,0,0,0,0,0,0,0,0,0,0,0,0,0,0,0,0,0,0,0,0,0,0,1.0,1.0,2.0,2.0,-1,1,-1,0
0,0,0,0,0,0,0,0,0,4194304,4096,4,0,950272,512,512,0,0,1048576,4096,4096,0,2,0.0,0,2,0,0,2,0,0,0,1,1,1,1,0.794,1,2,0.794,0.0,0,-1,-1,-1,1.8,2.759,7.931,233,212,113,242,255,12,240,9,0,0,0,0,0,0,0,0,0,82,143,13,0,12,240,9,0,0,0,0,0,0,0,0,0,0,0,0,0,0,0,0,0,0,0,0,0,0,0,0,0,0,0,0,0,0,0,0,0,0,0,0,0,0,0,0,1.0,1.0,2.0,2.0,-1,1,78.0,0
0,0,0,0,0,0,0,0,0,4194304,4096,4,0,823296,512,512,0,0,1048576,4096,4096,0,2,0.0,0,2,0,0,2,0,0,0,1,1,1,1,0.785,1,2,0.785,0.0,0,-1,-1,-1,1.763,2.878,7.908,233,35,91,244,255,12,80,8,0,0,0,0,0,0,0,0,0,3,166,11,0,12,80,8,0,0,0,0,0,0,0,0,0,0,0,0,0,0,0,0,0,0,0,0,0,0,0,0,0,0,0,0,0,0,0,0,0,0,0,0,0,0,0,0,1.0,1.0,2.0,2.0,-1,1,62.0,0
0,0,0,0,0,0,0,0,0,4194304,4096,4,0,438272,512,512,0,0,1048576,4096,4096,0,2,0.0,0,2,0,0,2,0,0,0,1,1,1,1,0.571,1,2,0.571,0.0,0,-1,-1,-1,1.765,2.173,7.965,233,222,65,250,255,12,128,4,0,0,0,0,0,0,0,0,0,72,191,5,0,12,128,4,0,0,0,0,0,0,0,0,0,0,0,0,0,0,0,0,0,0,0,0,0,0,0,0,0,0,0,0,0,0,0,0,0,0,0,0,0,0,0,0,1.0,1.0,2.0,2.0,-1,1,7.0,0
0,0,0,0,0,0,0,0,0,4194304,4096,4,0,335872,512,512,0,0,1048576,4096,4096,0,2,0.0,0,2,0,0,2,0,0,0,1,1,1,1,0.507,1,2,0.507,0.0,0,-1,-1,-1,1.724,2.161,7.963,233,52,206,251,255,12,64,3,0,0,0,0,0,0,0,0,0,242,50,4,0,12,64,3,0,0,0,0,0,0,0,0,0,0,0,0,0,0,0,0,0,0,0,0,0,0,0,0,0,0,0,0,0,0,0,0,0,0,0,0,0,0,0,0,1.0,1.0,2.0,2.0,-1,1,7.0,0
0,0,0,0,0,0,0,0,0,4194304,4096,4,0,323584,512,512,0,0,1048576,4096,4096,0,2,0.0,0,2,0,0,2,0,0,0,1,1,1,1,0.52,1,2,0.52,0.0,0,-1,-1,-1,1.553,2.351,7.964,233,88,255,251,255,12,0,3,0,0,0,0,0,0,0,0,0,206,1,4,0,12,0,3,0,0,0,0,0,0,0,0,0,0,0,0,0,0,0,0,0,0,0,0,0,0,0,0,0,0,0,0,0,0,0,0,0,0,0,0,0,0,0,0,1.0,1.0,2.0,2.0,-1,1,-1,0
0,0,0,0,0,0,0,0,0,4194304,4096,4,0,413696,512,512,0,0,1048576,4096,4096,0,2,0.0,0,2,0,0,2,0,0,0,1,1,1,1,0.599,1,2,0.599,0.0,0,-1,-1,-1,1.609,2.442,7.965,233,53,152,250,255,12,16,4,0,0,0,0,0,0,0,0,0,241,104,5,0,12,16,4,0,0,0,0,0,0,0,0,0,0,0,0,0,0,0,0,0,0,0,0,0,0,0,0,0,0,0,0,0,0,0,0,0,0,0,0,0,0,0,0,1.0,1.0,2.0,2.0,-1,1,-1,0
0,0,0,0,0,0,0,0,0,4194304,4096,4,0,274432,512,512,0,0,1048576,4096,4096,0,2,0.0,0,2,0,0,2,0,0,0,1,1,1,1,0.477,1,2,0.477,0.0,0,-1,-1,-1,1.599,2.306,7.964,233,147,187,252,255,12,112,2,0,0,0,0,0,0,0,0,0,147,69,3,0,12,112,2,0,0,0,0,0,0,0,0,0,0,0,0,0,0,0,0,0,0,0,0,0,0,0,0,0,0,0,0,0,0,0,0,0,0,0,0,0,0,0,0,1.0,1.0,2.0,2.0,-1,1,-1,0
0,0,0,0,0,0,0,0,0,4194304,4096,4,0,331776,512,512,0,0,1048576,4096,4096,0,2,0.0,0,2,0,0,2,0,0,0,1,1,1,1,0.55,1,2,0.55,0.0,0,-1,-1,-1,1.586,2.546,7.966,233,5,223,251,255,12,0,3,0,0,0,0,0,0,0,0,0,33,34,4,0,12,0,3,0,0,0,0,0,0,0,0,0,0,0,0,0,0,0,0,0,0,0,0,0,0,0,0,0,0,0,0,0,0,0,0,0,0,0,0,0,0,0,0,1.0,1.0,2.0,2.0,-1,1,-1,0
0,0,0,0,0,0,0,0,0,4194304,4096,4,0,274432,512,512,0,0,1048576,4096,4096,0,2,0.0,0,2,0,0,2,0,0,0,1,1,1,1,0.484,1,2,0.484,0.0,0,-1,-1,-1,1.618,2.333,7.966,233,175,184,252,255,12,112,2,0,0,0,0,0,0,0,0,0,119,72,3,0,12,112,2,0,0,0,0,0,0,0,0,0,0,0,0,0,0,0,0,0,0,0,0,0,0,0,0,0,0,0,0,0,0,0,0,0,0,0,0,0,0,0,0,1.0,1.0,2.0,2.0,-1,1,-1,0
0,0,0,0,0,0,0,0,0,4194304,4096,4,0,311296,512,512,0,0,1048576,4096,4096,0,2,0.0,0,2,0,0,2,0,0,0,1,1,1,1,0.522,1,2,0.522,0.0,0,-1,-1,-1,1.601,2.438,7.967,233,119,46,252,255,12,208,2,0,0,0,0,0,0,0,0,0,175,210,3,0,12,208,2,0,0,0,0,0,0,0,0,0,0,0,0,0,0,0,0,0,0,0,0,0,0,0,0,0,0,0,0,0,0,0,0,0,0,0,0,0,0,0,0,1.0,1.0,2.0,2.0,-1,1,-1,0
0,0,0,0,0,0,0,0,0,4194304,4096,4,0,438272,512,512,0,0,1048576,4096,4096,0,2,0.0,0,2,0,0,2,0,0,0,1,1,1,1,0.57,1,2,0.57,0.0,0,-1,-1,-1,1.749,2.169,7.964,233,116,66,250,255,12,128,4,0,0,0,0,0,0,0,0,0,178,190,5,0,12,128,4,0,0,0,0,0,0,0,0,0,0,0,0,0,0,0,0,0,0,0,0,0,0,0,0,0,0,0,0,0,0,0,0,0,0,0,0,0,0,0,0,1.0,1.0,2.0,2.0,-1,1,7.0,0
0,0,0,0,0,0,0,0,0,4194304,4096,4,0,499712,512,512,0,0,1048576,4096,4096,0,2,0.0,0,2,0,0,2,0,0,0,1,1,1,1,0.605,1,2,0.605,0.0,0,-1,-1,-1,1.763,2.141,7.964,233,56,75,249,255,12,80,5,0,0,0,0,0,0,0,0,0,238,181,6,0,12,80,5,0,0,0,0,0,0,0,0,0,0,0,0,0,0,0,0,0,0,0,0,0,0,0,0,0,0,0,0,0,0,0,0,0,0,0,0,0,0,0,0,1.0,1.0,2.0,2.0,-1,1,7.0,0
0,0,0,0,0,0,0,0,0,4194304,4096,4,0,446464,512,512,0,0,1048576,4096,4096,0,2,0.0,0,2,0,0,2,0,0,0,1,1,1,1,0.595,1,2,0.595,0.0,0,-1,-1,-1,1.755,2.217,7.968,233,87,20,250,255,12,160,4,0,0,0,0,0,0,0,0,0,207,236,5,0,12,160,4,0,0,0,0,0,0,0,0,0,0,0,0,0,0,0,0,0,0,0,0,0,0,0,0,0,0,0,0,0,0,0,0,0,0,0,0,0,0,0,0,1.0,1.0,2.0,2.0,-1,1,7.0,0
0,0,0,0,0,0,0,0,0,4194304,4096,4,0,266240,512,512,0,0,1048576,4096,4096,0,2,0.0,0,2,0,0,2,0,0,0,1,1,1,1,0.476,1,2,0.476,0.0,0,-1,-1,-1,1.583,2.362,7.966,233,7,220,252,255,12,80,2,0,0,0,0,0,0,0,0,0,31,37,3,0,12,80,2,0,0,0,0,0,0,0,0,0,0,0,0,0,0,0,0,0,0,0,0,0,0,0,0,0,0,0,0,0,0,0,0,0,0,0,0,0,0,0,0,1.0,1.0,2.0,2.0,-1,1,-1,0
0,0,0,0,0,0,0,0,0,4194304,4096,4,0,675840,512,512,0,0,1048576,4096,4096,0,2,0.0,0,2,0,0,2,0,0,0,1,1,1,1,0.621,1,2,0.621,0.0,0,-1,-1,-1,1.763,1.764,7.966,233,238,157,246,255,12,224,7,0,0,0,0,0,0,0,0,0,56,99,9,0,12,224,7,0,0,0,0,0,0,0,0,0,0,0,0,0,0,0,0,0,0,0,0,0,0,0,0,0,0,0,0,0,0,0,0,0,0,0,0,0,0,0,0,1.0,1.0,2.0,2.0,-1,1,12.0,0
0,0,0,0,0,0,0,0,0,4194304,4096,4,0,192512,512,512,0,0,1048576,4096,4096,0,2,0.0,0,2,0,0,2,0,0,0,1,1,1,1,0.396,1,2,0.396,0.0,0,-1,-1,-1,1.707,2.227,7.796,233,66,249,253,255,12,112,1,0,0,0,0,0,0,0,0,0,228,7,2,0,12,112,1,0,0,0,0,0,0,0,0,0,0,0,0,0,0,0,0,0,0,0,0,0,0,0,0,0,0,0,0,0,0,0,0,0,0,0,0,0,0,0,0,1.0,1.0,2.0,2.0,-1,1,110.0,0
0,0,0,0,0,0,0,0,0,4194304,4096,4,0,2973696,512,512,0,0,1048576,4096,4096,0,2,0.0,0,2,0,0,2,0,0,0,1,1,1,1,0.921,1,2,0.921,0.0,0,-1,-1,-1,1.802,2.644,7.901,233,146,145,211,255,12,128,33,0,0,0,0,0,0,0,0,0,148,111,44,0,12,128,33,0,0,0,0,0,0,0,0,0,0,0,0,0,0,0,0,0,0,0,0,0,0,0,0,0,0,0,0,0,0,0,0,0,0,0,0,0,0,0,0,1.0,1.0,2.0,2.0,-1,1,304.0,0
0,0,0,0,0,0,0,0,0,4194304,4096,4,0,3878912,512,512,0,0,1048576,4096,4096,0,2,0.0,0,2,0,0,2,0,0,0,1,1,1,1,0.941,1,2,0.941,0.0,0,-1,-1,-1,1.796,2.612,7.813,233,237,184,197,255,12,240,43,0,0,0,0,0,0,0,0,0,57,72,58,0,12,240,43,0,0,0,0,0,0,0,0,0,0,0,0,0,0,0,0,0,0,0,0,0,0,0,0,0,0,0,0,0,0,0,0,0,0,0,0,0,0,0,0,1.0,1.0,2.0,2.0,-1,1,475.0,0
0,0,0,0,0,0,0,0,0,4194304,4096,4,0,942080,512,512,0,0,1048576,4096,4096,0,2,0.0,0,2,0,0,2,0,0,0,1,1,1,1,0.786,1,2,0.786,0.0,0,-1,-1,-1,1.76,2.623,7.967,233,24,138,242,255,12,32,10,0,0,0,0,0,0,0,0,0,14,119,13,0,12,32,10,0,0,0,0,0,0,0,0,0,0,0,0,0,0,0,0,0,0,0,0,0,0,0,0,0,0,0,0,0,0,0,0,0,0,0,0,0,0,0,0,1.0,1.0,2.0,2.0,-1,1,7.0,0
0,0,0,0,0,0,0,0,0,4194304,4096,4,0,1105920,512,512,0,0,1048576,4096,4096,0,2,0.0,0,2,0,0,2,0,0,0,1,1,1,1,0.698,1,2,0.698,0.0,0,-1,-1,-1,1.765,1.554,7.931,233,240,18,240,255,12,192,13,0,0,0,0,0,0,0,0,0,54,238,15,0,12,192,13,0,0,0,0,0,0,0,0,0,0,0,0,0,0,0,0,0,0,0,0,0,0,0,0,0,0,0,0,0,0,0,0,0,0,0,0,0,0,0,0,1.0,1.0,2.0,2.0,-1,1,132.0,0
0,0,0,0,0,0,0,0,0,4194304,4096,4,0,1028096,512,512,0,0,1048576,4096,4096,0,2,0.0,0,2,0,0,2,0,0,0,1,1,1,1,0.814,1,2,0.814,0.0,0,-1,-1,-1,1.757,2.729,7.727,233,145,63,241,255,12,176,10,0,0,0,0,0,0,0,0,0,149,193,14,0,12,176,10,0,0,0,0,0,0,0,0,0,0,0,0,0,0,0,0,0,0,0,0,0,0,0,0,0,0,0,0,0,0,0,0,0,0,0,0,0,0,0,0,1.0,1.0,2.0,2.0,-1,1,74.0,0
0,0,0,0,0,0,0,0,0,4194304,4096,4,0,352256,512,512,0,0,1048576,4096,4096,0,2,0.0,0,2,0,0,2,0,0,0,1,1,1,1,0.556,1,2,0.556,0.0,0,-1,-1,-1,1.622,2.44,7.963,233,199,139,251,255,12,80,3,0,0,0,0,0,0,0,0,0,95,117,4,0,12,80,3,0,0,0,0,0,0,0,0,0,0,0,0,0,0,0,0,0,0,0,0,0,0,0,0,0,0,0,0,0,0,0,0,0,0,0,0,0,0,0,0,1.0,1.0,2.0,2.0,-1,1,-1,0
0,0,0,0,0,0,0,0,0,4194304,4096,4,0,2154496,512,512,0,0,1048576,8192,4096,0,2,0.0,0,2,0,0,2,0,0,0,1,1,1,1,0.89,1,2,0.89,0.0,0,-1,-1,-1,1.887,2.611,7.956,233,68,19,224,255,12,64,24,0,0,0,0,0,0,0,0,0,226,237,31,0,12,64,24,0,0,0,0,0,0,0,0,0,0,0,0,0,0,0,0,0,0,0,0,0,0,0,0,0,0,0,0,0,0,0,0,0,0,0,0,0,0,0,0,1.0,1.0,2.0,2.0,-1,1,179.0,0
0,0,0,0,0,0,0,0,0,4194304,4096,4,0,180224,512,512,0,0,1048576,65536,4096,0,2,0.0,0,2,0,0,2,0,0,0,1,1,1,1,0.343,1,2,0.343,0.0,0,-1,-1,-1,1.703,1.879,7.658,233,212,40,254,255,12,96,1,0,0,0,0,0,0,0,0,0,82,216,1,0,12,96,1,0,0,0,0,0,0,0,0,0,0,0,0,0,0,0,0,0,0,0,0,0,0,0,0,0,0,0,0,0,0,0,0,0,0,0,0,0,0,0,0,1.0,1.0,2.0,2.0,-1,1,61.0,0
0,0,0,0,0,0,0,0,0,4194304,4096,4,0,258048,512,512,0,0,1048576,4096,4096,0,2,0.0,0,2,0,0,2,0,0,0,1,1,1,1,0.451,1,2,0.451,0.0,0,-1,-1,-1,1.595,2.173,7.964,233,180,245,252,255,12,80,2,0,0,0,0,0,0,0,0,0,114,11,3,0,12,80,2,0,0,0,0,0,0,0,0,0,0,0,0,0,0,0,0,0,0,0,0,0,0,0,0,0,0,0,0,0,0,0,0,0,0,0,0,0,0,0,0,1.0,1.0,2.0,2.0,-1,1,-1,0
0,0,0,0,0,0,0,0,0,4194304,4096,4,0,471040,512,512,0,0,1048576,4096,4096,0,2,0.0,0,2,0,0,2,0,0,0,1,1,1,1,0.462,1,2,0.462,0.0,0,-1,-1,-1,1.758,1.381,7.933,233,65,194,249,255,12,112,5,0,0,0,0,0,0,0,0,0,229,62,6,0,12,112,5,0,0,0,0,0,0,0,0,0,0,0,0,0,0,0,0,0,0,0,0,0,0,0,0,0,0,0,0,0,0,0,0,0,0,0,0,0,0,0,0,1.0,1.0,2.0,2.0,-1,1,40.0,0
0,0,0,0,0,0,0,0,0,4194304,4096,4,0,241664,512,512,0,0,1048576,4096,4096,0,2,0.0,0,2,0,0,2,0,0,0,1,1,1,1,0.48,1,2,0.48,0.0,0,-1,-1,-1,1.726,2.49,7.843,233,70,58,253,255,12,240,1,0,0,0,0,0,0,0,0,0,224,198,2,0,12,240,1,0,0,0,0,0,0,0,0,0,0,0,0,0,0,0,0,0,0,0,0,0,0,0,0,0,0,0,0,0,0,0,0,0,0,0,0,0,0,0,0,1.0,1.0,2.0,2.0,-1,1,130.0,0
0,0,0,0,0,0,0,0,0,4194304,4096,4,0,253952,512,512,0,0,1048576,4096,4096,0,2,0.0,0,2,0,0,2,0,0,0,1,1,1,1,0.442,1,2,0.442,0.0,0,-1,-1,-1,1.575,2.237,7.963,233,79,18,253,255,12,48,2,0,0,0,0,0,0,0,0,0,215,238,2,0,12,48,2,0,0,0,0,0,0,0,0,0,0,0,0,0,0,0,0,0,0,0,0,0,0,0,0,0,0,0,0,0,0,0,0,0,0,0,0,0,0,0,0,1.0,1.0,2.0,2.0,-1,1,-1,0
0,0,0,0,0,0,0,0,0,4194304,4096,4,0,450560,512,512,0,0,1048576,4096,4096,0,2,0.0,0,2,0,0,2,0,0,0,1,1,1,1,0.694,1,2,0.694,0.0,0,-1,-1,-1,1.76,2.954,7.563,233,59,7,250,255,12,240,3,0,0,0,0,0,0,0,0,0,235,249,5,0,12,240,3,0,0,0,0,0,0,0,0,0,0,0,0,0,0,0,0,0,0,0,0,0,0,0,0,0,0,0,0,0,0,0,0,0,0,0,0,0,0,0,0,1.0,1.0,2.0,2.0,-1,1,49.0,0
0,0,0,0,0,0,0,0,0,4194304,4096,4,0,442368,512,512,0,0,1048576,4096,4096,0,2,0.0,0,2,0,0,2,0,0,0,1,1,1,1,0.68,1,2,0.68,0.0,0,-1,-1,-1,1.751,2.943,7.551,233,200,49,250,255,12,208,3,0,0,0,0,0,0,0,0,0,94,207,5,0,12,208,3,0,0,0,0,0,0,0,0,0,0,0,0,0,0,0,0,0,0,0,0,0,0,0,0,0,0,0,0,0,0,0,0,0,0,0,0,0,0,0,0,1.0,1.0,2.0,2.0,-1,1,49.0,0
0,0,0,0,0,0,0,0,0,16777216,4096,4,0,860160,512,512,0,0,262144,8192,4096,0,2,0.0,0,2,0,0,2,0,0,0,1,1,1,1,0.705,1,2,0.705,0.0,0,-1,-1,-1,1.726,1.945,7.966,233,121,200,243,255,12,16,10,0,0,0,0,0,0,0,0,0,173,56,12,0,12,16,10,0,0,0,0,0,0,0,0,0,0,0,0,0,0,0,0,0,0,0,0,0,0,0,0,0,0,0,0,0,0,0,0,0,0,0,0,0,0,0,0,1.0,1.0,2.0,2.0,-1,1,35.0,0
0,0,0,0,0,0,0,0,0,4194304,4096,4,0,253952,512,512,0,0,1048576,4096,4096,0,2,0.0,0,2,0,0,2,0,0,0,1,1,1,1,0.445,1,2,0.445,0.0,0,-1,-1,-1,1.592,2.176,7.962,233,86,8,253,255,12,64,2,0,0,0,0,0,0,0,0,0,208,248,2,0,12,64,2,0,0,0,0,0,0,0,0,0,0,0,0,0,0,0,0,0,0,0,0,0,0,0,0,0,0,0,0,0,0,0,0,0,0,0,0,0,0,0,0,1.0,1.0,2.0,2.0,-1,1,-1,0
0,0,0,0,0,0,0,0,0,4194304,4096,4,0,1388544,512,512,0,0,1048576,16384,4096,0,2,0.0,0,2,0,0,2,0,0,0,1,1,1,1,0.869,1,2,0.869,0.0,0,-1,-1,-1,1.906,3.016,7.882,233,57,183,235,255,12,80,14,0,0,0,0,0,0,0,0,0,237,73,20,0,12,80,14,0,0,0,0,0,0,0,0,0,0,0,0,0,0,0,0,0,0,0,0,0,0,0,0,0,0,0,0,0,0,0,0,0,0,0,0,0,0,0,0,1.0,1.0,2.0,2.0,-1,1,252.0,0
0,0,0,0,0,0,0,0,0,4194304,4096,4,0,372736,512,512,0,0,1048576,4096,4096,0,2,0.0,0,2,0,0,2,0,0,0,1,1,1,1,0.59,1,2,0.59,0.0,0,-1,-1,-1,1.748,2.569,7.966,233,14,55,251,255,12,128,3,0,0,0,0,0,0,0,0,0,24,202,4,0,12,128,3,0,0,0,0,0,0,0,0,0,0,0,0,0,0,0,0,0,0,0,0,0,0,0,0,0,0,0,0,0,0,0,0,0,0,0,0,0,0,0,0,1.0,1.0,2.0,2.0,-1,1,10.0,0
0,0,0,0,0,0,0,0,0,4194304,4096,4,0,327680,512,512,0,0,1048576,4096,4096,0,2,0.0,0,2,0,0,2,0,0,0,1,1,1,1,0.497,1,2,0.497,0.0,0,-1,-1,-1,1.683,2.144,7.938,233,231,242,251,255,12,32,3,0,0,0,0,0,0,0,0,0,63,14,4,0,12,32,3,0,0,0,0,0,0,0,0,0,0,0,0,0,0,0,0,0,0,0,0,0,0,0,0,0,0,0,0,0,0,0,0,0,0,0,0,0,0,0,0,1.0,1.0,2.0,2.0,-1,1,15.0,0
0,0,0,0,0,0,0,0,0,4194304,4096,4,0,282624,512,512,0,0,1048576,4096,4096,0,2,0.0,0,2,0,0,2,0,0,0,1,1,1,1,0.449,1,2,0.449,0.0,0,-1,-1,-1,1.706,2.034,7.928,233,83,159,252,255,12,160,2,0,0,0,0,0,0,0,0,0,211,97,3,0,12,160,2,0,0,0,0,0,0,0,0,0,0,0,0,0,0,0,0,0,0,0,0,0,0,0,0,0,0,0,0,0,0,0,0,0,0,0,0,0,0,0,0,1.0,1.0,2.0,2.0,-1,1,15.0,0
0,0,0,0,0,0,0,0,0,4194304,4096,4,0,925696,512,512,0,0,1048576,4096,4096,0,2,0.0,0,2,0,0,2,0,0,0,1,1,1,1,0.788,1,2,0.788,0.0,0,-1,-1,-1,1.798,2.701,7.967,233,251,202,242,255,12,208,9,0,0,0,0,0,0,0,0,0,43,54,13,0,12,208,9,0,0,0,0,0,0,0,0,0,0,0,0,0,0,0,0,0,0,0,0,0,0,0,0,0,0,0,0,0,0,0,0,0,0,0,0,0,0,0,0,1.0,1.0,2.0,2.0,-1,1,15.0,0
0,0,0,0,0,0,0,0,0,4194304,4096,4,0,647168,512,512,0,0,1048576,4096,4096,0,2,0.0,0,2,0,0,2,0,0,0,1,1,1,1,0.727,1,2,0.727,0.0,0,-1,-1,-1,1.773,2.689,7.967,233,190,4,247,255,12,160,6,0,0,0,0,0,0,0,0,0,104,252,8,0,12,160,6,0,0,0,0,0,0,0,0,0,0,0,0,0,0,0,0,0,0,0,0,0,0,0,0,0,0,0,0,0,0,0,0,0,0,0,0,0,0,0,0,1.0,1.0,2.0,2.0,-1,1,7.0,0
0,0,0,0,0,0,0,0,0,4194304,4096,4,0,245760,512,512,0,0,1048576,4096,4096,0,2,0.0,0,2,0,0,2,0,0,0,1,1,1,1,0.343,1,2,0.343,0.0,0,-1,-1,-1,1.594,1.547,7.96,233,163,40,253,255,12,96,2,0,0,0,0,0,0,0,0,0,131,216,2,0,12,96,2,0,0,0,0,0,0,0,0,0,0,0,0,0,0,0,0,0,0,0,0,0,0,0,0,0,0,0,0,0,0,0,0,0,0,0,0,0,0,0,0,1.0,1.0,2.0,2.0,-1,1,-1,0
0,0,0,0,0,0,0,0,0,4194304,4096,4,0,315392,512,512,0,0,1048576,4096,4096,0,2,0.0,0,2,0,0,2,0,0,0,1,1,1,1,0.512,1,2,0.512,0.0,0,-1,-1,-1,1.715,2.137,7.77,233,221,19,252,255,12,0,3,0,0,0,0,0,0,0,0,0,73,237,3,0,12,0,3,0,0,0,0,0,0,0,0,0,0,0,0,0,0,0,0,0,0,0,0,0,0,0,0,0,0,0,0,0,0,0,0,0,0,0,0,0,0,0,0,1.0,1.0,2.0,2.0,-1,1,107.0,0
0,0,0,0,0,0,0,0,0,4194304,4096,4,0,356352,512,512,0,0,1048576,4096,4096,0,2,0.0,0,2,0,0,2,0,0,0,1,1,1,1,0.566,1,2,0.566,0.0,0,-1,-1,-1,1.628,2.454,7.964,233,107,118,251,255,12,96,3,0,0,0,0,0,0,0,0,0,187,138,4,0,12,96,3,0,0,0,0,0,0,0,0,0,0,0,0,0,0,0,0,0,0,0,0,0,0,0,0,0,0,0,0,0,0,0,0,0,0,0,0,0,0,0,0,1.0,1.0,2.0,2.0,-1,1,-1,0
0,0,0,0,0,0,0,0,0,4194304,4096,4,0,212992,512,512,0,0,1048576,4096,4096,0,2,0.0,0,2,0,0,2,0,0,0,1,1,1,1,0.424,1,2,0.424,0.0,0,-1,-1,-1,1.719,2.263,7.592,233,47,177,253,255,12,160,1,0,0,0,0,0,0,0,0,0,247,79,2,0,12,160,1,0,0,0,0,0,0,0,0,0,0,0,0,0,0,0,0,0,0,0,0,0,0,0,0,0,0,0,0,0,0,0,0,0,0,0,0,0,0,0,0,1.0,1.0,2.0,2.0,-1,1,104.0,0
0,0,0,0,0,0,0,0,0,4194304,4096,4,0,2850816,512,512,0,0,1048576,4096,4096,0,2,0.0,0,2,0,0,2,0,0,0,1,1,1,1,0.922,1,2,0.922,0.0,0,-1,-1,-1,1.808,2.588,7.62,233,237,104,213,255,12,224,31,0,0,0,0,0,0,0,0,0,57,152,42,0,12,224,31,0,0,0,0,0,0,0,0,0,0,0,0,0,0,0,0,0,0,0,0,0,0,0,0,0,0,0,0,0,0,0,0,0,0,0,0,0,0,0,0,1.0,1.0,2.0,2.0,-1,1,294.0,0
0,0,0,0,0,0,0,0,0,4194304,4096,4,0,270336,512,512,0,0,1048576,4096,4096,0,2,0.0,0,2,0,0,2,0,0,0,1,1,1,1,0.47,1,2,0.47,0.0,0,-1,-1,-1,1.624,2.235,7.969,233,107,198,252,255,12,112,2,0,0,0,0,0,0,0,0,0,187,58,3,0,12,112,2,0,0,0,0,0,0,0,0,0,0,0,0,0,0,0,0,0,0,0,0,0,0,0,0,0,0,0,0,0,0,0,0,0,0,0,0,0,0,0,0,1.0,1.0,2.0,2.0,-1,1,-1,0
0,0,0,0,0,0,0,0,0,4194304,4096,4,0,9687040,512,512,0,0,1048576,16384,4096,0,2,0.0,0,2,0,0,2,0,0,0,1,1,1,1,0.976,1,2,0.976,0.0,0,-1,-1,-1,1.913,2.765,7.918,233,207,30,109,255,12,192,109,0,0,0,0,0,0,0,0,0,87,226,146,0,12,192,109,0,0,0,0,0,0,0,0,0,0,0,0,0,0,0,0,0,0,0,0,0,0,0,0,0,0,0,0,0,0,0,0,0,0,0,0,0,0,0,0,1.0,1.0,2.0,2.0,-1,1,408.0,0
0,0,0,0,0,0,0,0,0,4194304,4096,4,0,1003520,512,512,0,0,1048576,16384,4096,0,2,0.0,0,2,0,0,2,0,0,0,1,1,1,1,0.809,1,2,0.809,0.0,0,-1,-1,-1,1.89,2.74,7.908,233,12,154,241,255,12,144,10,0,0,0,0,0,0,0,0,0,26,103,14,0,12,144,10,0,0,0,0,0,0,0,0,0,0,0,0,0,0,0,0,0,0,0,0,0,0,0,0,0,0,0,0,0,0,0,0,0,0,0,0,0,0,0,0,1.0,1.0,2.0,2.0,-1,1,183.0,0
0,0,0,0,0,0,0,0,0,4194304,4096,4,0,741376,512,512,0,0,1048576,4096,4096,0,2,0.0,0,2,0,0,2,0,0,0,1,1,1,1,0.704,1,2,0.704,0.0,0,-1,-1,-1,1.781,2.229,7.952,233,83,158,245,255,12,48,8,0,0,0,0,0,0,0,0,0,211,98,10,0,12,48,8,0,0,0,0,0,0,0,0,0,0,0,0,0,0,0,0,0,0,0,0,0,0,0,0,0,0,0,0,0,0,0,0,0,0,0,0,0,0,0,0,1.0,1.0,2.0,2.0,-1,1,114.0,0
0,0,0,0,0,0,0,0,0,4194304,4096,4,0,90112,512,512,0,0,1048576,4096,4096,0,2,0.0,0,2,0,0,2,0,0,0,1,1,1,1,0.896,1,2,0.896,0.0,0,-1,-1,-1,1.652,1.854,7.724,233,14,168,254,255,12,32,1,0,0,0,0,0,0,0,0,0,24,89,1,0,12,32,1,0,0,0,0,0,0,0,0,0,0,0,0,0,0,0,0,0,0,0,0,0,0,0,0,0,0,0,0,0,0,0,0,0,0,0,0,0,0,0,0,1.0,1.0,2.0,2.0,-1,1,17.0,0
0,0,0,0,0,0,0,0,0,4194304,4096,4,0,692224,512,512,0,0,1048576,4096,4096,0,2,0.0,0,2,0,0,2,0,0,0,1,1,1,1,0.726,1,2,0.726,0.0,0,-1,-1,-1,1.767,2.535,7.968,233,172,85,246,255,12,80,7,0,0,0,0,0,0,0,0,0,122,171,9,0,12,80,7,0,0,0,0,0,0,0,0,0,0,0,0,0,0,0,0,0,0,0,0,0,0,0,0,0,0,0,0,0,0,0,0,0,0,0,0,0,0,0,0,1.0,1.0,2.0,2.0,-1,1,10.0,0
0,0,0,0,0,0,0,0,0,4194304,4096,4,0,1679360,512,512,0,0,1048576,4096,4096,0,2,0.0,0,2,0,0,2,0,0,0,1,1,1,1,0.888,1,2,0.888,0.0,0,-1,-1,-1,1.895,2.627,7.235,233,99,68,231,255,12,176,17,0,0,0,0,0,0,0,0,0,195,188,24,0,12,176,17,0,0,0,0,0,0,0,0,0,0,0,0,0,0,0,0,0,0,0,0,0,0,0,0,0,0,0,0,0,0,0,0,0,0,0,0,0,0,0,0,1.0,1.0,2.0,2.0,-1,1,82.0,0
0,0,0,0,0,0,0,0,0,4194304,4096,4,0,8617984,512,512,0,0,1048576,4096,4096,0,2,0.0,0,2,0,0,2,0,0,0,1,1,1,1,0.974,1,2,0.974,0.0,0,-1,-1,-1,1.917,2.792,7.78,233,86,108,125,255,12,192,95,0,0,0,0,0,0,0,0,0,208,148,130,0,12,192,95,0,0,0,0,0,0,0,0,0,0,0,0,0,0,0,0,0,0,0,0,0,0,0,0,0,0,0,0,0,0,0,0,0,0,0,0,0,0,0,0,1.0,1.0,2.0,2.0,-1,1,653.0,0
0,0,0,0,0,0,0,0,0,4194304,4096,4,0,245760,512,512,0,0,1048576,4096,4096,0,2,0.0,0,2,0,0,2,0,0,0,1,1,1,1,0.488,1,2,0.488,0.0,0,-1,-1,-1,1.671,2.443,7.725,233,174,38,253,255,12,0,2,0,0,0,0,0,0,0,0,0,120,218,2,0,12,0,2,0,0,0,0,0,0,0,0,0,0,0,0,0,0,0,0,0,0,0,0,0,0,0,0,0,0,0,0,0,0,0,0,0,0,0,0,0,0,0,0,1.0,1.0,2.0,2.0,-1,1,134.0,0
0,0,0,0,0,0,0,0,0,16777216,4096,4,0,98304,512,512,0,0,262144,8192,4096,0,2,0.0,0,2,0,0,2,0,0,0,1,1,1,1,0.854,1,2,0.854,0.0,0,-1,-1,-1,1.688,2.078,7.854,233,13,141,254,255,12,48,1,0,0,0,0,0,0,0,0,0,25,116,1,0,12,48,1,0,0,0,0,0,0,0,0,0,0,0,0,0,0,0,0,0,0,0,0,0,0,0,0,0,0,0,0,0,0,0,0,0,0,0,0,0,0,0,0,1.0,1.0,2.0,2.0,-1,1,7.0,0
0,0,0,0,0,0,0,0,0,4194304,4096,4,0,212992,512,512,0,0,1048576,4096,4096,0,2,0.0,0,2,0,0,2,0,0,0,1,1,1,1,0.448,1,2,0.448,0.0,0,-1,-1,-1,1.719,2.306,7.493,233,45,167,253,255,12,160,1,0,0,0,0,0,0,0,0,0,249,89,2,0,12,160,1,0,0,0,0,0,0,0,0,0,0,0,0,0,0,0,0,0,0,0,0,0,0,0,0,0,0,0,0,0,0,0,0,0,0,0,0,0,0,0,0,1.0,1.0,2.0,2.0,-1,1,113.0,0
0,0,0,0,0,0,0,0,0,4194304,4096,4,0,233472,512,512,0,0,1048576,4096,4096,0,2,0.0,0,2,0,0,2,0,0,0,1,1,1,1,0.473,1,2,0.473,0.0,0,-1,-1,-1,1.732,2.376,7.682,233,220,84,253,255,12,224,1,0,0,0,0,0,0,0,0,0,74,172,2,0,12,224,1,0,0,0,0,0,0,0,0,0,0,0,0,0,0,0,0,0,0,0,0,0,0,0,0,0,0,0,0,0,0,0,0,0,0,0,0,0,0,0,0,1.0,1.0,2.0,2.0,-1,1,131.0,0
0,0,0,0,0,0,0,0,0,4194304,4096,4,0,765952,512,512,0,0,524288,131072,4096,0,2,0.0,0,2,0,0,2,0,0,0,1,1,1,1,0.779,1,2,0.779,0.0,0,-1,-1,-1,1.78,2.799,7.782,233,215,51,245,255,12,176,7,0,0,0,0,0,0,0,0,0,79,205,10,0,12,176,7,0,0,0,0,0,0,0,0,0,0,0,0,0,0,0,0,0,0,0,0,0,0,0,0,0,0,0,0,0,0,0,0,0,0,0,0,0,0,0,0,1.0,1.0,2.0,2.0,-1,1,299.0,0
0,0,0,0,0,0,0,0,0,4194304,4096,4,0,2306048,512,512,0,0,1048576,4096,4096,0,2,0.0,0,2,0,0,2,0,0,0,1,1,1,1,0.906,1,2,0.906,0.0,0,-1,-1,-1,1.814,2.698,7.883,233,171,184,221,255,12,144,25,0,0,0,0,0,0,0,0,0,123,72,34,0,12,144,25,0,0,0,0,0,0,0,0,0,0,0,0,0,0,0,0,0,0,0,0,0,0,0,0,0,0,0,0,0,0,0,0,0,0,0,0,0,0,0,0,1.0,1.0,2.0,2.0,-1,1,73.0,0
0,0,0,0,0,0,0,0,0,4194304,4096,4,0,782336,512,512,0,0,1048576,4096,4096,0,2,0.0,0,2,0,0,2,0,0,0,1,1,1,1,0.719,1,2,0.719,0.0,0,-1,-1,-1,1.758,2.26,7.925,233,185,255,244,255,12,160,8,0,0,0,0,0,0,0,0,0,109,1,11,0,12,160,8,0,0,0,0,0,0,0,0,0,0,0,0,0,0,0,0,0,0,0,0,0,0,0,0,0,0,0,0,0,0,0,0,0,0,0,0,0,0,0,0,1.0,1.0,2.0,2.0,-1,1,157.0,0
0,0,0,0,0,0,0,0,0,4194304,4096,4,0,167936,512,512,0,0,1048576,4096,4096,0,2,0.0,0,2,0,0,2,0,0,0,1,1,1,1,0.308,1,2,0.308,0.0,0,-1,-1,-1,1.69,1.817,7.793,233,196,89,254,255,12,64,1,0,0,0,0,0,0,0,0,0,98,167,1,0,12,64,1,0,0,0,0,0,0,0,0,0,0,0,0,0,0,0,0,0,0,0,0,0,0,0,0,0,0,0,0,0,0,0,0,0,0,0,0,0,0,0,0,1.0,1.0,2.0,2.0,-1,1,44.0,0
0,0,0,0,0,0,0,0,0,4194304,4096,4,0,237568,512,512,0,0,1048576,4096,4096,0,2,0.0,0,2,0,0,2,0,0,0,1,1,1,1,0.318,1,2,0.318,0.0,0,-1,-1,-1,1.606,1.492,7.958,233,95,81,253,255,12,64,2,0,0,0,0,0,0,0,0,0,199,175,2,0,12,64,2,0,0,0,0,0,0,0,0,0,0,0,0,0,0,0,0,0,0,0,0,0,0,0,0,0,0,0,0,0,0,0,0,0,0,0,0,0,0,0,0,1.0,1.0,2.0,2.0,-1,1,-1,0
0,0,0,0,0,0,0,0,0,4194304,4096,4,0,4382720,512,512,0,0,1048576,4096,4096,0,2,0.0,0,2,0,0,2,0,0,0,1,1,1,1,0.95,1,2,0.95,0.0,0,-1,-1,-1,1.751,2.738,7.788,233,110,5,190,255,12,16,49,0,0,0,0,0,0,0,0,0,184,251,65,0,12,16,49,0,0,0,0,0,0,0,0,0,0,0,0,0,0,0,0,0,0,0,0,0,0,0,0,0,0,0,0,0,0,0,0,0,0,0,0,0,0,0,0,1.0,1.0,2.0,2.0,-1,1,720.0,0
0,0,0,0,0,0,0,0,0,4194304,4096,4,0,1105920,512,512,0,0,1048576,4096,4096,0,2,0.0,0,2,0,0,2,0,0,0,1,1,1,1,0.7,1,2,0.7,0.0,0,-1,-1,-1,1.735,1.582,7.966,233,49,17,240,255,12,192,13,0,0,0,0,0,0,0,0,0,245,239,15,0,12,192,13,0,0,0,0,0,0,0,0,0,0,0,0,0,0,0,0,0,0,0,0,0,0,0,0,0,0,0,0,0,0,0,0,0,0,0,0,0,0,0,0,1.0,1.0,2.0,2.0,-1,1,10.0,0
0,0,0,0,0,0,0,0,0,4194304,4096,4,0,606208,512,512,0,0,1048576,4096,4096,0,2,0.0,0,2,0,0,2,0,0,0,1,1,1,1,0.604,1,2,0.604,0.0,0,-1,-1,-1,1.633,1.767,7.965,233,93,165,247,255,12,0,7,0,0,0,0,0,0,0,0,0,201,91,8,0,12,0,7,0,0,0,0,0,0,0,0,0,0,0,0,0,0,0,0,0,0,0,0,0,0,0,0,0,0,0,0,0,0,0,0,0,0,0,0,0,0,0,0,1.0,1.0,2.0,2.0,-1,1,-1,0
0,0,0,0,0,0,0,0,0,4194304,4096,4,0,3833856,512,512,0,0,4194304,4096,4096,0,2,0.0,0,2,0,0,2,0,0,0,1,1,1,1,0.964,1,2,0.964,0.0,0,-1,-1,-1,1.812,3.562,6.893,233,127,110,198,255,12,208,32,0,0,0,0,0,0,0,0,0,167,146,57,0,12,208,32,0,0,0,0,0,0,0,0,0,0,0,0,0,0,0,0,0,0,0,0,0,0,0,0,0,0,0,0,0,0,0,0,0,0,0,0,0,0,0,0,1.0,1.0,2.0,2.0,-1,1,916.0,0
0,0,0,0,0,0,0,0,0,1255145472,4096,4,0,483328,512,512,0,0,1048576,1036288,4096,0,2,0.0,0,2,0,0,2,0,0,0,1,1,1,1,0.64,1,2,0.64,0.0,0,-1,-1,-1,1.825,2.135,7.136,233,97,141,249,255,12,208,4,0,0,0,0,0,0,0,0,0,197,115,6,0,12,208,4,0,0,0,0,0,0,0,0,0,0,0,0,0,0,0,0,0,0,0,0,0,0,0,0,0,0,0,0,0,0,0,0,0,0,0,0,0,0,0,0,1.0,1.0,2.0,2.0,-1,1,44.0,0
0,0,0,0,0,0,0,0,0,4194304,4096,4,0,253952,512,512,0,0,1048576,4096,4096,0,2,0.0,0,2,0,0,2,0,0,0,1,1,1,1,0.444,1,2,0.444,0.0,0,-1,-1,-1,1.598,2.174,7.97,233,192,8,253,255,12,64,2,0,0,0,0,0,0,0,0,0,102,248,2,0,12,64,2,0,0,0,0,0,0,0,0,0,0,0,0,0,0,0,0,0,0,0,0,0,0,0,0,0,0,0,0,0,0,0,0,0,0,0,0,0,0,0,0,1.0,1.0,2.0,2.0,-1,1,-1,0
0,0,0,0,0,0,0,0,0,16777216,4096,4,0,1179648,512,512,0,0,262144,8192,4096,0,2,0.0,0,2,0,0,2,0,0,0,1,1,1,1,0.84,1,2,0.84,0.0,0,-1,-1,-1,1.728,2.795,7.625,233,147,241,238,255,12,32,12,0,0,0,0,0,0,0,0,0,147,15,17,0,12,32,12,0,0,0,0,0,0,0,0,0,0,0,0,0,0,0,0,0,0,0,0,0,0,0,0,0,0,0,0,0,0,0,0,0,0,0,0,0,0,0,0,1.0,1.0,2.0,2.0,-1,1,281.0,0
0,0,0,0,0,0,0,0,0,4194304,4096,4,0,253952,512,512,0,0,1048576,4096,4096,0,2,0.0,0,2,0,0,2,0,0,0,1,1,1,1,0.345,1,2,0.345,0.0,0,-1,-1,-1,1.69,1.538,7.905,233,103,18,253,255,12,112,2,0,0,0,0,0,0,0,0,0,191,238,2,0,12,112,2,0,0,0,0,0,0,0,0,0,0,0,0,0,0,0,0,0,0,0,0,0,0,0,0,0,0,0,0,0,0,0,0,0,0,0,0,0,0,0,0,1.0,1.0,2.0,2.0,-1,1,22.0,0
0,0,0,0,0,0,0,0,0,4194304,4096,4,0,233472,512,512,0,0,1048576,4096,4096,0,2,0.0,0,2,0,0,2,0,0,0,1,1,1,1,0.46,1,2,0.46,0.0,0,-1,-1,-1,1.726,2.263,7.576,233,191,90,253,255,12,224,1,0,0,0,0,0,0,0,0,0,103,166,2,0,12,224,1,0,0,0,0,0,0,0,0,0,0,0,0,0,0,0,0,0,0,0,0,0,0,0,0,0,0,0,0,0,0,0,0,0,0,0,0,0,0,0,0,1.0,1.0,2.0,2.0,-1,1,127.0,0
0,0,0,0,0,0,0,0,0,4194304,4096,4,0,4243456,512,512,0,0,1048576,4096,4096,0,2,0.0,0,2,0,0,2,0,0,0,1,1,1,1,0.948,1,2,0.948,0.0,0,-1,-1,-1,1.774,2.884,7.964,233,63,48,192,255,12,240,46,0,0,0,0,0,0,0,0,0,231,208,63,0,12,240,46,0,0,0,0,0,0,0,0,0,0,0,0,0,0,0,0,0,0,0,0,0,0,0,0,0,0,0,0,0,0,0,0,0,0,0,0,0,0,0,0,1.0,1.0,2.0,2.0,-1,1,133.0,0
0,0,0,0,0,0,0,0,0,4194304,4096,4,0,995328,512,512,0,0,1048576,4096,4096,0,2,0.0,0,2,0,0,2,0,0,0,1,1,1,1,0.814,1,2,0.814,0.0,0,-1,-1,-1,1.78,2.497,7.073,233,56,194,241,255,12,32,10,0,0,0,0,0,0,0,0,0,238,62,14,0,12,32,10,0,0,0,0,0,0,0,0,0,0,0,0,0,0,0,0,0,0,0,0,0,0,0,0,0,0,0,0,0,0,0,0,0,0,0,0,0,0,0,0,1.0,1.0,2.0,2.0,-1,1,473.0,0
0,0,0,0,0,0,0,0,0,4194304,4096,4,0,1110016,512,512,0,0,1048576,4096,4096,0,2,0.0,0,2,0,0,2,0,0,0,1,1,1,1,0.839,1,2,0.839,0.0,0,-1,-1,-1,1.759,2.561,7.197,233,197,243,239,255,12,112,11,0,0,0,0,0,0,0,0,0,97,13,16,0,12,112,11,0,0,0,0,0,0,0,0,0,0,0,0,0,0,0,0,0,0,0,0,0,0,0,0,0,0,0,0,0,0,0,0,0,0,0,0,0,0,0,0,1.0,1.0,2.0,2.0,-1,1,473.0,0
0,0,0,0,0,0,0,0,0,4194304,4096,4,0,249856,512,512,0,0,1048576,4096,4096,0,2,0.0,0,2,0,0,2,0,0,0,1,1,1,1,0.441,1,2,0.441,0.0,0,-1,-1,-1,1.704,2.187,7.96,233,210,25,253,255,12,48,2,0,0,0,0,0,0,0,0,0,84,231,2,0,12,48,2,0,0,0,0,0,0,0,0,0,0,0,0,0,0,0,0,0,0,0,0,0,0,0,0,0,0,0,0,0,0,0,0,0,0,0,0,0,0,0,0,1.0,1.0,2.0,2.0,-1,1,10.0,0
0,0,0,0,0,0,0,0,0,4194304,4096,4,0,27738112,512,512,0,0,1048576,4096,4096,0,2,0.0,0,2,0,0,2,0,0,0,1,1,1,1,0.993,1,2,0.993,0.0,0,-1,-1,-1,1.883,3.202,7.945,233,36,179,89,254,12,48,41,1,0,0,0,0,0,0,0,0,2,78,166,1,12,48,41,1,0,0,0,0,0,0,0,0,0,0,0,0,0,0,0,0,0,0,0,0,0,0,0,0,0,0,0,0,0,0,0,0,0,0,0,0,0,0,0,1.0,1.0,2.0,2.0,-1,1,35.0,0
0,0,0,0,0,0,0,0,0,4194304,4096,4,0,241664,512,512,0,0,1048576,4096,4096,0,2,0.0,0,2,0,0,2,0,0,0,1,1,1,1,0.338,1,2,0.338,0.0,0,-1,-1,-1,1.592,1.551,7.959,233,76,58,253,255,12,80,2,0,0,0,0,0,0,0,0,0,218,198,2,0,12,80,2,0,0,0,0,0,0,0,0,0,0,0,0,0,0,0,0,0,0,0,0,0,0,0,0,0,0,0,0,0,0,0,0,0,0,0,0,0,0,0,0,1.0,1.0,2.0,2.0,-1,1,-1,0
0,0,0,0,0,0,0,0,0,4194304,4096,4,0,4915200,512,512,0,0,1048576,4096,4096,0,2,0.0,0,2,0,0,2,0,0,0,1,1,1,1,0.893,1,2,0.893,0.0,0,-1,-1,-1,1.779,1.265,7.938,233,158,236,181,255,12,112,66,0,0,0,0,0,0,0,0,0,136,20,74,0,12,112,66,0,0,0,0,0,0,0,0,0,0,0,0,0,0,0,0,0,0,0,0,0,0,0,0,0,0,0,0,0,0,0,0,0,0,0,0,0,0,0,0,1.0,1.0,2.0,2.0,-1,1,241.0,0
0,0,0,0,0,0,0,0,0,4194304,4096,4,0,737280,512,512,0,0,1048576,4096,4096,0,2,0.0,0,2,0,0,2,0,0,0,1,1,1,1,0.748,1,2,0.748,0.0,0,-1,-1,-1,1.76,2.578,7.709,233,144,175,245,255,12,144,7,0,0,0,0,0,0,0,0,0,150,81,10,0,12,144,7,0,0,0,0,0,0,0,0,0,0,0,0,0,0,0,0,0,0,0,0,0,0,0,0,0,0,0,0,0,0,0,0,0,0,0,0,0,0,0,0,1.0,1.0,2.0,2.0,-1,1,232.0,0
0,0,0,0,0,0,0,0,0,4194304,4096,4,0,278528,512,512,0,0,1048576,4096,4096,0,2,0.0,0,2,0,0,2,0,0,0,1,1,1,1,0.403,1,2,0.403,0.0,0,-1,-1,-1,1.748,1.658,7.657,233,22,176,252,255,12,176,2,0,0,0,0,0,0,0,0,0,16,81,3,0,12,176,2,0,0,0,0,0,0,0,0,0,0,0,0,0,0,0,0,0,0,0,0,0,0,0,0,0,0,0,0,0,0,0,0,0,0,0,0,0,0,0,0,1.0,1.0,2.0,2.0,-1,1,100.0,0
0,0,0,0,0,0,0,0,0,4194304,4096,4,0,1036288,512,512,0,0,1048576,4096,4096,0,2,0.0,0,2,0,0,2,0,0,0,1,1,1,1,0.747,1,2,0.747,0.0,0,-1,-1,-1,1.767,2.015,7.969,233,141,28,241,255,12,48,12,0,0,0,0,0,0,0,0,0,153,228,14,0,12,48,12,0,0,0,0,0,0,0,0,0,0,0,0,0,0,0,0,0,0,0,0,0,0,0,0,0,0,0,0,0,0,0,0,0,0,0,0,0,0,0,0,1.0,1.0,2.0,2.0,-1,1,10.0,0
0,0,0,0,0,0,0,0,2183512,4194304,4096,5,0,5955584,4175872,1024,1196032,0,1048576,16384,4096,8,3,0.727,0,11,0,0,11,0,1,0,0,1,1,1,0.75,2,8,21.333,0.0,0,7.896,7.715,7.731,2.678,3.756,6.211,96,232,0,0,0,0,93,139,213,129,237,198,43,64,0,43,149,97,52,64,0,129,234,6,0,0,0,137,149,101,52,64,0,131,189,105,52,64,0,0,15,133,188,3,0,0,199,133,105,52,64,0,1,0,0,0,185,136,7,0,0,141,181,24,1.0,4.0,5.0,1.25,-1,1,734.0,0
0,0,0,0,0,0,0,1,656901,4194304,4096,5,0,782336,137728,1024,584704,0,1048576,4096,4096,4,1,0.8,0,5,0,0,5,0,1,0,0,1,1,1,0.75,0,4,1.0,0.04,0,7.893,6.568,6.248,3.549,5.701,6.175,96,232,0,0,0,0,93,139,213,129,237,198,43,64,0,43,149,97,52,64,0,129,234,6,0,0,0,137,149,101,52,64,0,131,189,105,52,64,0,0,15,133,188,3,0,0,199,133,105,52,64,0,1,0,0,0,185,136,7,0,0,141,181,24,1.0,4.0,5.0,1.25,-1,0,674.0,0
0,0,0,0,0,0,0,0,128746,4194304,4096,4,0,114688,54272,1024,35328,0,1048576,4096,4096,4,1,0.8,0,5,0,0,5,0,1,0,0,1,1,1,0.75,0,4,1.014,0.075,0,7.866,4.036,6.133,3.839,4.639,6.209,96,232,0,0,0,0,93,139,213,129,237,198,43,64,0,43,149,97,52,64,0,129,234,6,0,0,0,137,149,101,52,64,0,131,189,105,52,64,0,0,15,133,188,3,0,0,199,133,105,52,64,0,1,0,0,0,185,136,7,0,0,141,181,24,1.0,4.0,5.0,1.25,-1,0,118.0,0
0,0,0,0,0,0,0,0,133807,4194304,4096,4,0,225280,147456,1024,51712,0,1048576,4096,4096,4,1,0.8,0,5,0,0,5,0,1,0,0,1,1,1,0.75,0,4,1.004,0.13,0,7.898,6.927,5.574,3.807,4.988,6.198,96,232,0,0,0,0,93,139,213,129,237,198,43,64,0,43,149,97,52,64,0,129,234,6,0,0,0,137,149,101,52,64,0,131,189,105,52,64,0,0,15,133,188,3,0,0,199,133,105,52,64,0,1,0,0,0,185,136,7,0,0,141,181,24,1.0,4.0,5.0,1.25,-1,1,165.0,0
0,0,0,0,0,0,0,1,1537973,4194304,4096,5,0,3178496,1314304,4096,1852416,0,1048576,4096,4096,4,1,0.8,0,5,0,0,5,0,1,0,0,1,1,1,0.75,0,4,1.001,0.255,0,7.865,7.711,7.433,3.815,4.13,6.171,96,232,0,0,0,0,93,139,213,129,237,198,43,64,0,43,149,97,52,64,0,129,234,6,0,0,0,137,149,101,52,64,0,131,189,105,52,64,0,0,15,133,188,3,0,0,199,133,105,52,64,0,1,0,0,0,185,136,7,0,0,141,181,24,1.0,4.0,5.0,1.25,-1,1,1857.0,0
0,0,0,0,0,0,0,0,107309,4194304,4096,4,0,102400,52736,1024,31232,0,1048576,4096,4096,4,1,0.8,0,5,0,0,5,0,1,0,0,1,1,1,0.75,0,4,1.04,0.093,0,7.851,3.826,4.801,3.815,4.677,6.162,96,232,0,0,0,0,93,139,213,129,237,198,43,64,0,43,149,97,52,64,0,129,234,6,0,0,0,137,149,101,52,64,0,131,189,105,52,64,0,0,15,133,188,3,0,0,199,133,105,52,64,0,1,0,0,0,185,136,7,0,0,141,181,24,1.0,4.0,5.0,1.25,-1,0,132.0,0
0,0,0,0,0,0,0,0,99111,4194304,4096,4,0,139264,76800,1024,40960,0,1048576,4096,4096,4,1,0.8,0,5,0,0,5,0,1,0,0,1,1,1,0.75,0,4,1.031,0.104,0,7.872,5.472,6.369,3.732,4.703,6.192,96,232,0,0,0,0,93,139,213,129,237,198,43,64,0,43,149,97,52,64,0,129,234,6,0,0,0,137,149,101,52,64,0,131,189,105,52,64,0,0,15,133,188,3,0,0,199,133,105,52,64,0,1,0,0,0,185,136,7,0,0,141,181,24,1.0,4.0,5.0,1.25,-1,1,167.0,0
0,0,0,0,0,0,0,0,114600,4194304,4096,4,0,135168,58368,1024,52736,0,1048576,4096,4096,4,1,0.8,0,5,0,0,5,0,1,0,0,1,1,1,0.75,0,4,1.012,0.174,0,7.873,6.103,6.068,3.819,4.879,6.218,96,232,0,0,0,0,93,139,213,129,237,198,43,64,0,43,149,97,52,64,0,129,234,6,0,0,0,137,149,101,52,64,0,131,189,105,52,64,0,0,15,133,188,3,0,0,199,133,105,52,64,0,1,0,0,0,185,136,7,0,0,141,181,24,1.0,4.0,5.0,1.25,-1,0,161.0,0
0,0,0,0,0,0,0,1,194119,4194304,4096,5,0,319488,237568,1024,55296,0,1048576,4096,4096,4,1,0.8,0,5,0,0,5,0,1,0,0,1,1,1,0.75,0,4,1.004,0.144,0,7.89,6.857,4.922,3.688,4.824,6.184,96,232,0,0,0,0,93,139,213,129,237,198,43,64,0,43,149,97,52,64,0,129,234,6,0,0,0,137,149,101,52,64,0,131,189,105,52,64,0,0,15,133,188,3,0,0,199,133,105,52,64,0,1,0,0,0,185,136,7,0,0,141,181,24,1.0,4.0,5.0,1.25,-1,1,112.0,0
0,0,0,0,0,0,0,0,87484,4194304,4096,4,0,118784,54784,1024,39936,0,1048576,4096,4096,4,1,0.8,0,5,0,0,5,0,1,0,0,1,1,1,0.75,0,4,1.035,0.077,0,7.869,7.266,6.171,3.854,4.584,6.215,96,232,0,0,0,0,93,139,213,129,237,198,43,64,0,43,149,97,52,64,0,129,234,6,0,0,0,137,149,101,52,64,0,131,189,105,52,64,0,0,15,133,188,3,0,0,199,133,105,52,64,0,1,0,0,0,185,136,7,0,0,141,181,24,1.0,4.0,5.0,1.25,-1,0,146.0,0
0,0,0,0,0,0,0,0,52787,4194304,4096,4,0,86016,40960,4096,23552,0,1048576,4096,4096,4,1,0.8,0,5,0,0,5,0,1,0,0,1,1,1,0.75,0,4,1.018,0.107,0,7.867,2.325,5.112,3.677,4.439,6.173,96,232,0,0,0,0,93,139,213,129,237,198,43,64,0,43,149,97,52,64,0,129,234,6,0,0,0,137,149,101,52,64,0,131,189,105,52,64,0,0,15,133,188,3,0,0,199,133,105,52,64,0,1,0,0,0,185,136,7,0,0,141,181,24,1.0,4.0,5.0,1.25,-1,1,155.0,0
0,0,1,0,0,0,0,1,107505,4194304,4096,5,1,143360,64512,1024,62464,0,1048576,4096,4096,4,1,0.8,0,5,0,0,5,0,1,0,0,1,1,1,0.75,0,3,1.116,0.16,0,7.89,6.563,3.665,3.89,4.57,6.181,96,232,0,0,0,0,93,139,213,129,237,198,43,64,0,43,149,97,52,64,0,129,234,6,0,0,0,137,149,101,52,64,0,131,189,105,52,64,0,0,15,133,188,3,0,0,199,133,105,52,64,0,1,0,0,0,185,136,7,0,0,141,181,24,1.0,4.0,5.0,1.25,-1,1,14.0,0
0,0,0,0,0,0,0,0,67829,4194304,4096,4,0,86016,45056,4096,32768,0,1048576,4096,4096,4,1,0.8,0,5,0,0,5,0,1,0,0,1,1,1,1.0,0,2,1.347,0.641,0,7.489,0.474,4.991,3.659,4.504,4.956,96,232,0,0,0,0,93,139,213,129,237,198,43,64,0,43,149,97,52,64,0,129,234,6,0,0,0,137,149,101,52,64,0,131,189,105,52,64,0,0,15,133,188,3,0,0,199,133,105,52,64,0,1,0,0,0,185,136,7,0,0,141,181,24,1.0,4.0,5.0,1.25,-1,1,131.0,0
0,0,0,0,0,0,0,0,86286,4194304,4096,4,0,114688,58880,4096,35328,0,1048576,4096,4096,4,1,0.8,0,5,0,0,5,0,1,0,0,1,1,1,0.75,0,4,1.021,0.117,0,7.879,3.911,6.151,3.665,4.617,6.185,96,232,0,0,0,0,93,139,213,129,237,198,43,64,0,43,149,97,52,64,0,129,234,6,0,0,0,137,149,101,52,64,0,131,189,105,52,64,0,0,15,133,188,3,0,0,199,133,105,52,64,0,1,0,0,0,185,136,7,0,0,141,181,24,1.0,4.0,5.0,1.25,-1,1,140.0,0
0,0,1,0,0,0,0,1,251122,4194304,4096,5,1,352256,102912,1024,231936,0,1048576,4096,4096,4,1,0.8,0,5,0,0,5,0,1,0,0,1,1,1,0.75,0,4,1.004,0.047,0,7.885,7.245,7.889,3.991,4.443,6.193,96,232,0,0,0,0,93,139,213,129,237,198,43,64,0,43,149,97,52,64,0,129,234,6,0,0,0,137,149,101,52,64,0,131,189,105,52,64,0,0,15,133,188,3,0,0,199,133,105,52,64,0,1,0,0,0,185,136,7,0,0,141,181,24,1.0,4.0,5.0,1.25,-1,1,18.0,0
0,0,1,0,0,0,0,1,117661,4194304,4096,5,1,155648,76800,1024,66048,0,1048576,4096,4096,4,1,0.8,0,5,0,0,5,0,1,0,0,1,1,1,0.75,0,3,1.136,0.136,0,7.891,6.657,3.658,3.902,4.634,6.189,96,232,0,0,0,0,93,139,213,129,237,198,43,64,0,43,149,97,52,64,0,129,234,6,0,0,0,137,149,101,52,64,0,131,189,105,52,64,0,0,15,133,188,3,0,0,199,133,105,52,64,0,1,0,0,0,185,136,7,0,0,141,181,24,1.0,4.0,5.0,1.25,-1,1,14.0,0
0,0,0,0,0,0,0,0,86582,4194304,4096,4,0,94208,50688,1024,27136,0,1048576,4096,4096,4,1,0.8,0,5,0,0,5,0,1,0,0,1,1,1,0.75,0,4,1.031,0.134,0,7.868,1.891,5.78,3.668,4.791,6.208,96,232,0,0,0,0,93,139,213,129,237,198,43,64,0,43,149,97,52,64,0,129,234,6,0,0,0,137,149,101,52,64,0,131,189,105,52,64,0,0,15,133,188,3,0,0,199,133,105,52,64,0,1,0,0,0,185,136,7,0,0,141,181,24,1.0,4.0,5.0,1.25,-1,1,134.0,0
0,0,0,0,0,0,0,1,268727,4194304,4096,5,0,901120,199168,1024,244224,0,1048576,4096,4096,4,1,0.8,0,5,0,0,5,0,1,0,0,1,1,1,0.75,0,4,1.021,0.019,0,7.89,7.73,7.802,3.736,2.578,6.197,96,232,0,0,0,0,93,139,213,129,237,198,43,64,0,43,149,97,52,64,0,129,234,6,0,0,0,137,149,101,52,64,0,131,189,105,52,64,0,0,15,133,188,3,0,0,199,133,105,52,64,0,1,0,0,0,185,136,7,0,0,141,181,24,1.0,4.0,5.0,1.25,-1,0,148.0,0
0,0,1,0,0,0,0,1,190011,4194304,4096,5,1,221184,137216,1024,66560,0,1048576,4096,4096,4,1,0.8,0,5,0,0,5,0,1,0,0,1,1,1,0.75,0,3,1.123,0.163,0,7.879,6.543,3.725,3.953,4.482,6.209,96,232,0,0,0,0,93,139,213,129,237,198,43,64,0,43,149,97,52,64,0,129,234,6,0,0,0,137,149,101,52,64,0,131,189,105,52,64,0,0,15,133,188,3,0,0,199,133,105,52,64,0,1,0,0,0,185,136,7,0,0,141,181,24,1.0,4.0,5.0,1.25,-1,1,14.0,0
0,0,0,0,0,0,0,0,765916,4194304,4096,4,0,1581056,1122304,1536,90112,0,1048576,8192,4096,8,1,0.889,0,9,0,0,9,0,1,0,0,1,1,1,0.75,0,9,0.966,0.125,0,7.896,7.779,7.593,1.645,4.58,6.198,96,232,0,0,0,0,93,139,213,129,237,198,43,64,0,43,149,97,52,64,0,129,234,6,0,0,0,137,149,101,52,64,0,131,189,105,52,64,0,0,15,133,188,3,0,0,199,133,105,52,64,0,1,0,0,0,185,136,7,0,0,141,181,24,1.0,4.0,5.0,1.25,-1,1,225.0,0
0,0,0,0,0,0,0,0,64553,4194304,4096,4,0,90112,33280,1024,33280,0,1048576,65536,4096,2,4,0.333,0,6,0,0,6,0,0,0,1,1,1,1,0.75,0,4,1.007,0.217,0,-1,-1,5.587,2.712,4.845,6.189,96,232,0,0,0,0,93,139,213,129,237,198,43,64,0,43,149,97,52,64,0,129,234,6,0,0,0,137,149,101,52,64,0,131,189,105,52,64,0,0,15,133,188,3,0,0,199,133,105,52,64,0,1,0,0,0,185,136,7,0,0,141,181,24,1.0,4.0,5.0,1.25,-1,1,83.0,0
0,0,0,0,0,0,0,0,136033,4194304,4096,4,0,360448,36864,4096,315392,0,1048576,4096,4096,4,1,0.8,0,5,0,0,5,0,1,0,0,1,1,1,1.0,0,3,1.843,0.079,0,7.621,7.283,6.879,3.89,2.008,4.987,96,232,0,0,0,0,93,139,213,129,237,198,43,64,0,43,149,97,52,64,0,129,234,6,0,0,0,137,149,101,52,64,0,131,189,105,52,64,0,0,15,133,188,3,0,0,199,133,105,52,64,0,1,0,0,0,185,136,7,0,0,141,181,24,1.0,4.0,5.0,1.25,-1,1,54.0,0
0,0,0,0,0,0,0,0,120651,4194304,4096,4,0,126976,61440,4096,50176,0,1048576,4096,4096,4,1,0.8,0,5,0,0,5,0,1,0,0,1,1,1,0.75,0,4,1.042,0.086,0,7.873,5.642,7.149,3.692,4.873,6.179,96,232,0,0,0,0,93,139,213,129,237,198,43,64,0,43,149,97,52,64,0,129,234,6,0,0,0,137,149,101,52,64,0,131,189,105,52,64,0,0,15,133,188,3,0,0,199,133,105,52,64,0,1,0,0,0,185,136,7,0,0,141,181,24,1.0,4.0,5.0,1.25,-1,1,149.0,0
0,0,1,0,0,0,0,1,128954,4194304,4096,5,1,147456,67584,1024,62464,0,1048576,4096,4096,4,1,0.8,0,5,0,0,5,0,1,0,0,1,1,1,0.75,0,3,1.136,0.158,0,7.876,6.816,3.745,3.887,4.533,6.186,96,232,0,0,0,0,93,139,213,129,237,198,43,64,0,43,149,97,52,64,0,129,234,6,0,0,0,137,149,101,52,64,0,131,189,105,52,64,0,0,15,133,188,3,0,0,199,133,105,52,64,0,1,0,0,0,185,136,7,0,0,141,181,24,1.0,4.0,5.0,1.25,-1,1,14.0,0
0,0,1,0,0,0,0,1,67385,268435456,4096,5,0,106496,88064,1024,2560,0,1048576,8192,4096,3,1,0.75,0,4,0,0,4,0,1,0,0,1,1,1,0.75,0,4,0.826,0.201,0,7.861,3.631,4.796,4.429,4.356,6.177,96,232,0,0,0,0,93,139,213,129,237,198,43,64,0,43,149,97,52,64,0,129,234,6,0,0,0,137,149,101,52,64,0,131,189,105,52,64,0,0,15,133,188,3,0,0,199,133,105,52,64,0,1,0,0,0,185,136,7,0,0,141,181,24,1.0,4.0,5.0,1.25,-1,1,14.0,0
0,0,0,0,0,0,0,1,307219,16777216,4096,6,0,663552,14336,1024,633344,0,262144,8192,4096,3,1,0.75,0,4,0,0,4,0,1,0,0,1,1,1,0.75,0,4,0.75,0.455,0,7.785,3.516,7.905,4.14,4.499,6.197,96,232,0,0,0,0,93,139,213,129,237,198,43,64,0,43,149,97,52,64,0,129,234,6,0,0,0,137,149,101,52,64,0,131,189,105,52,64,0,0,15,133,188,3,0,0,199,133,105,52,64,0,1,0,0,0,185,136,7,0,0,141,181,24,1.0,4.0,5.0,1.25,-1,1,42.0,0
0,0,0,0,0,0,0,0,511821,4194304,4096,4,0,933888,646656,1024,259584,0,1048576,16384,4096,5,4,0.556,0,9,0,0,9,0,0,0,1,1,1,1,0.75,2,8,21.333,0.0,0,-1,-1,7.535,2.419,4.997,6.217,96,232,0,0,0,0,93,139,213,129,237,198,43,64,0,43,149,97,52,64,0,129,234,6,0,0,0,137,149,101,52,64,0,131,189,105,52,64,0,0,15,133,188,3,0,0,199,133,105,52,64,0,1,0,0,0,185,136,7,0,0,141,181,24,1.0,4.0,5.0,1.25,-1,1,337.0,0
0,0,0,0,0,0,0,0,51739,4194304,4096,4,0,155648,24576,4096,122880,0,1048576,4096,4096,3,1,0.75,0,4,0,0,4,0,1,0,0,1,1,1,1.0,0,2,1.385,0.173,0,7.527,7.273,-1,3.75,2.649,4.975,96,232,0,0,0,0,93,139,213,129,237,198,43,64,0,43,149,97,52,64,0,129,234,6,0,0,0,137,149,101,52,64,0,131,189,105,52,64,0,0,15,133,188,3,0,0,199,133,105,52,64,0,1,0,0,0,185,136,7,0,0,141,181,24,1.0,4.0,5.0,1.25,-1,1,-1,0
0,0,0,0,0,0,0,0,137035,4194304,4096,4,0,196608,73216,1024,48640,0,1048576,4096,4096,4,1,0.8,0,5,0,0,5,0,1,0,0,1,1,1,0.75,0,4,1.004,0.024,0,7.877,6.459,6.365,3.74,3.872,6.205,96,232,0,0,0,0,93,139,213,129,237,198,43,64,0,43,149,97,52,64,0,129,234,6,0,0,0,137,149,101,52,64,0,131,189,105,52,64,0,0,15,133,188,3,0,0,199,133,105,52,64,0,1,0,0,0,185,136,7,0,0,141,181,24,1.0,4.0,5.0,1.25,-1,1,130.0,0
0,0,1,0,0,0,0,1,170054,4194304,4096,5,1,225280,138240,1024,69632,0,1048576,4096,4096,4,1,0.8,0,5,0,0,5,0,1,0,0,1,1,1,0.75,0,3,1.11,0.16,0,7.892,6.541,3.823,3.94,4.494,6.218,96,232,0,0,0,0,93,139,213,129,237,198,43,64,0,43,149,97,52,64,0,129,234,6,0,0,0,137,149,101,52,64,0,131,189,105,52,64,0,0,15,133,188,3,0,0,199,133,105,52,64,0,1,0,0,0,185,136,7,0,0,141,181,24,1.0,4.0,5.0,1.25,-1,1,14.0,0
0,0,0,0,0,0,0,0,79535,4194304,4096,4,0,106496,51200,1024,35840,0,1048576,4096,4096,4,1,0.8,0,5,0,0,5,0,1,0,0,1,1,1,0.75,0,4,1.009,0.074,0,7.857,5.517,6.017,3.833,4.718,6.197,96,232,0,0,0,0,93,139,213,129,237,198,43,64,0,43,149,97,52,64,0,129,234,6,0,0,0,137,149,101,52,64,0,131,189,105,52,64,0,0,15,133,188,3,0,0,199,133,105,52,64,0,1,0,0,0,185,136,7,0,0,141,181,24,1.0,4.0,5.0,1.25,-1,0,127.0,0
0,0,0,0,0,0,0,1,1129630,4194304,4096,5,0,2084864,1216000,1024,832512,0,1048576,4096,4096,4,1,0.8,0,5,0,0,5,0,1,0,0,1,1,1,0.75,0,4,1.001,0.141,0,7.893,7.803,6.274,4.292,4.363,6.19,96,232,0,0,0,0,93,139,213,129,237,198,43,64,0,43,149,97,52,64,0,129,234,6,0,0,0,137,149,101,52,64,0,131,189,105,52,64,0,0,15,133,188,3,0,0,199,133,105,52,64,0,1,0,0,0,185,136,7,0,0,141,181,24,1.0,4.0,5.0,1.25,-1,1,377.0,0
0,0,0,0,0,0,0,0,75029,4194304,4096,4,0,159744,24576,4096,126976,0,1048576,4096,4096,4,1,0.8,0,5,0,0,5,0,1,0,0,1,1,1,1.0,0,2,1.515,0.177,0,7.611,7.129,2.229,3.596,2.646,4.959,96,232,0,0,0,0,93,139,213,129,237,198,43,64,0,43,149,97,52,64,0,129,234,6,0,0,0,137,149,101,52,64,0,131,189,105,52,64,0,0,15,133,188,3,0,0,199,133,105,52,64,0,1,0,0,0,185,136,7,0,0,141,181,24,1.0,4.0,5.0,1.25,-1,1,26.0,0
0,0,0,0,0,0,0,0,138768,4194304,4096,4,0,176128,28672,4096,139264,0,1048576,4096,4096,4,1,0.8,0,5,0,0,5,0,1,0,0,1,1,1,1.0,0,2,1.155,0.181,0,7.082,7.221,3.827,3.92,2.958,4.975,96,232,0,0,0,0,93,139,213,129,237,198,43,64,0,43,149,97,52,64,0,129,234,6,0,0,0,137,149,101,52,64,0,131,189,105,52,64,0,0,15,133,188,3,0,0,199,133,105,52,64,0,1,0,0,0,185,136,7,0,0,141,181,24,1.0,4.0,5.0,1.25,-1,1,140.0,0
0,0,0,0,0,0,0,0,204740,4194304,4096,4,0,241664,145408,1024,80384,0,1048576,4096,4096,4,1,0.8,0,5,0,0,5,0,1,0,0,1,1,1,0.75,0,4,1.011,0.317,0,7.902,7.616,4.549,3.949,4.617,6.184,96,232,0,0,0,0,93,139,213,129,237,198,43,64,0,43,149,97,52,64,0,129,234,6,0,0,0,137,149,101,52,64,0,131,189,105,52,64,0,0,15,133,188,3,0,0,199,133,105,52,64,0,1,0,0,0,185,136,7,0,0,141,181,24,1.0,4.0,5.0,1.25,-1,1,208.0,0
0,0,0,0,0,0,0,0,207397,4194304,4096,4,0,253952,155648,1024,82432,0,1048576,4096,4096,4,1,0.8,0,5,0,0,5,0,1,0,0,1,1,1,0.75,0,4,1.006,0.341,0,7.899,7.61,4.544,3.974,4.635,6.189,96,232,0,0,0,0,93,139,213,129,237,198,43,64,0,43,149,97,52,64,0,129,234,6,0,0,0,137,149,101,52,64,0,131,189,105,52,64,0,0,15,133,188,3,0,0,199,133,105,52,64,0,1,0,0,0,185,136,7,0,0,141,181,24,1.0,4.0,5.0,1.25,-1,1,208.0,0
0,0,0,0,0,0,0,0,319922,4194304,4096,4,0,520192,398336,1024,103936,0,1048576,4096,4096,4,1,0.8,0,5,0,0,5,0,1,0,0,1,1,1,0.75,0,3,1.049,0.15,0,7.91,7.807,3.218,3.718,4.458,6.181,96,232,0,0,0,0,93,139,213,129,237,198,43,64,0,43,149,97,52,64,0,129,234,6,0,0,0,137,149,101,52,64,0,131,189,105,52,64,0,0,15,133,188,3,0,0,199,133,105,52,64,0,1,0,0,0,185,136,7,0,0,141,181,24,1.0,4.0,5.0,1.25,-1,1,8.0,0
0,0,0,0,0,0,0,0,88312,4194304,4096,4,0,102400,65536,4096,28672,0,1048576,4096,4096,4,1,0.8,0,5,0,0,5,0,1,0,0,1,1,1,1.0,0,2,4.303,0.588,0,7.759,5.187,1.009,3.668,4.487,4.964,96,232,0,0,0,0,93,139,213,129,237,198,43,64,0,43,149,97,52,64,0,129,234,6,0,0,0,137,149,101,52,64,0,131,189,105,52,64,0,0,15,133,188,3,0,0,199,133,105,52,64,0,1,0,0,0,185,136,7,0,0,141,181,24,1.0,4.0,5.0,1.25,-1,1,8.0,0
0,0,0,0,0,0,0,1,0,4194304,4096,5,0,1249280,137728,1024,584704,0,1048576,4096,4096,0,3,0.0,0,3,0,0,3,0,0,0,1,1,1,1,0.125,1,3,0.993,0.0,0,-1,-1,-1,2.273,3.747,4.476,187,208,1,64,0,191,0,16,64,0,190,104,8,76,0,83,232,10,0,0,0,2,210,117,5,138,22,70,18,210,195,252,178,128,164,106,2,91,255,20,36,115,247,51,201,255,20,36,115,24,51,192,255,20,36,115,33,179,2,65,176,16,255,20,1.0,1.0,2.0,2.0,-1,1,520.0,0
0,0,0,0,0,0,0,0,0,4194304,4096,4,0,167936,54272,1024,35328,0,1048576,4096,4096,0,3,0.0,0,3,0,0,3,0,0,0,1,1,1,1,0.125,1,3,0.953,0.0,0,-1,-1,-1,2.094,3.116,4.482,187,208,1,64,0,191,0,16,64,0,190,56,202,65,0,83,232,10,0,0,0,2,210,117,5,138,22,70,18,210,195,252,178,128,164,106,2,91,255,20,36,115,247,51,201,255,20,36,115,24,51,192,255,20,36,115,33,179,2,65,176,16,255,20,1.0,1.0,2.0,2.0,-1,1,109.0,0
0,0,0,0,0,0,0,0,0,4194304,4096,4,0,335872,147456,1024,51712,0,1048576,4096,4096,0,3,0.0,0,3,0,0,3,0,0,0,1,1,1,1,0.125,1,3,0.98,0.0,0,-1,-1,-1,2.174,3.343,4.491,187,208,1,64,0,191,0,16,64,0,190,252,125,67,0,83,232,10,0,0,0,2,210,117,5,138,22,70,18,210,195,252,178,128,164,106,2,91,255,20,36,115,247,51,201,255,20,36,115,24,51,192,255,20,36,115,33,179,2,65,176,16,255,20,1.0,1.0,2.0,2.0,-1,1,149.0,0
0,0,0,0,0,0,0,1,0,4194304,4096,5,0,4288512,1314304,4096,1852416,0,1048576,4096,4096,0,3,0.0,0,3,0,0,3,0,0,0,1,1,1,1,0.125,1,3,0.997,0.0,0,-1,-1,-1,2.177,2.806,4.471,187,208,1,64,0,191,0,16,64,0,190,16,248,112,0,83,232,10,0,0,0,2,210,117,5,138,22,70,18,210,195,252,178,128,164,106,2,91,255,20,36,115,247,51,201,255,20,36,115,24,51,192,255,20,36,115,33,179,2,65,176,16,255,20,1.0,1.0,2.0,2.0,-1,1,1529.0,0
0,0,0,0,0,0,0,0,0,4194304,4096,4,0,151552,52736,1024,31232,0,1048576,4096,4096,0,3,0.0,0,3,0,0,3,0,0,0,1,1,1,1,0.125,1,3,0.946,0.0,0,-1,-1,-1,2.061,3.057,4.455,187,208,1,64,0,191,0,16,64,0,190,70,155,65,0,83,232,10,0,0,0,2,210,117,5,138,22,70,18,210,195,252,178,128,164,106,2,91,255,20,36,115,247,51,201,255,20,36,115,24,51,192,255,20,36,115,33,179,2,65,176,16,255,20,1.0,1.0,2.0,2.0,-1,1,119.0,0
0,0,0,0,0,0,0,0,0,4194304,4096,4,0,200704,76800,1024,40960,0,1048576,4096,4096,0,3,0.0,0,3,0,0,3,0,0,0,1,1,1,1,0.125,1,3,0.991,0.0,0,-1,-1,-1,2.036,3.178,4.501,187,208,1,64,0,191,0,16,64,0,190,168,32,66,0,83,232,10,0,0,0,2,210,117,5,138,22,70,18,210,195,252,178,128,164,106,2,91,255,20,36,115,247,51,201,255,20,36,115,24,51,192,255,20,36,115,33,179,2,65,176,16,255,20,1.0,1.0,2.0,2.0,-1,1,154.0,0
0,0,0,0,0,0,0,0,0,4194304,4096,4,0,196608,58368,1024,52736,0,1048576,4096,4096,0,3,0.0,0,3,0,0,3,0,0,0,1,1,1,1,0.125,1,3,0.993,0.0,0,-1,-1,-1,2.03,3.19,4.489,187,208,1,64,0,191,0,16,64,0,190,194,27,66,0,83,232,10,0,0,0,2,210,117,5,138,22,70,18,210,195,252,178,128,164,106,2,91,255,20,36,115,247,51,201,255,20,36,115,24,51,192,255,20,36,115,33,179,2,65,176,16,255,20,1.0,1.0,2.0,2.0,-1,1,145.0,0
0,0,0,0,0,0,0,1,0,4194304,4096,5,0,462848,237568,1024,55296,0,1048576,4096,4096,0,3,0.0,0,3,0,0,3,0,0,0,1,1,1,1,0.125,1,3,0.986,0.0,0,-1,-1,-1,2.205,3.271,4.499,187,208,1,64,0,191,0,16,64,0,190,198,217,68,0,83,232,10,0,0,0,2,210,117,5,138,22,70,18,210,195,252,178,128,164,106,2,91,255,20,36,115,247,51,201,255,20,36,115,24,51,192,255,20,36,115,33,179,2,65,176,16,255,20,1.0,1.0,2.0,2.0,-1,1,93.0,0
0,0,0,0,0,0,0,1,0,4194304,4096,5,0,319488,133120,1024,59392,0,1048576,4096,4096,0,3,0.0,0,3,0,0,3,0,0,0,1,1,1,1,0.125,1,3,0.966,0.0,0,-1,-1,-1,2.238,3.201,4.489,187,208,1,64,0,191,0,16,64,0,190,206,127,67,0,83,232,10,0,0,0,2,210,117,5,138,22,70,18,210,195,252,178,128,164,106,2,91,255,20,36,115,247,51,201,255,20,36,115,24,51,192,255,20,36,115,33,179,2,65,176,16,255,20,1.0,1.0,2.0,2.0,-1,1,99.0,0
0,0,0,0,0,0,0,0,0,4194304,4096,4,0,172032,54784,1024,39936,0,1048576,4096,4096,0,3,0.0,0,3,0,0,3,0,0,0,1,1,1,1,0.125,1,3,0.975,0.0,0,-1,-1,-1,2.06,3.084,4.47,187,208,1,64,0,191,0,16,64,0,190,56,220,65,0,83,232,10,0,0,0,2,210,117,5,138,22,70,18,210,195,252,178,128,164,106,2,91,255,20,36,115,247,51,201,255,20,36,115,24,51,192,255,20,36,115,33,179,2,65,176,16,255,20,1.0,1.0,2.0,2.0,-1,1,139.0,0
0,0,0,0,0,0,0,0,0,4194304,4096,4,0,122880,40960,4096,23552,0,1048576,4096,4096,0,3,0.0,0,3,0,0,3,0,0,0,1,1,1,1,0.125,1,3,0.95,0.0,0,-1,-1,-1,1.908,2.974,4.472,187,208,1,64,0,191,0,16,64,0,190,242,76,65,0,83,232,10,0,0,0,2,210,117,5,138,22,70,18,210,195,252,178,128,164,106,2,91,255,20,36,115,247,51,201,255,20,36,115,24,51,192,255,20,36,115,33,179,2,65,176,16,255,20,1.0,1.0,2.0,2.0,-1,1,137.0,0
0,0,1,0,0,0,0,1,0,4194304,4096,5,1,200704,64512,1024,62464,0,1048576,4096,4096,0,3,0.0,0,3,0,0,3,0,0,0,1,1,1,1,0.125,1,3,0.943,0.0,0,-1,-1,-1,2.083,2.968,4.504,187,208,1,64,0,191,0,16,64,0,190,29,34,66,0,83,232,10,0,0,0,2,210,117,5,138,22,70,18,210,195,252,178,128,164,106,2,91,255,20,36,115,247,51,201,255,20,36,115,24,51,192,255,20,36,115,33,179,2,65,176,16,255,20,1.0,1.0,2.0,2.0,-1,1,13.0,0
0,0,0,0,0,0,0,0,0,4194304,4096,4,0,122880,45056,4096,32768,0,1048576,4096,4096,0,3,0.0,0,3,0,0,3,0,0,0,1,1,1,1,0.125,1,3,0.967,0.0,1,-1,-1,-1,1.901,3.033,4.476,77,90,144,0,3,0,0,0,4,0,0,0,255,255,0,0,184,0,0,0,0,0,0,0,64,0,0,0,0,0,0,0,0,0,0,0,0,0,0,0,0,0,0,0,0,0,0,0,0,0,0,0,0,0,0,0,0,0,0,0,96,0,0,0,0.0,-1,0.0,0.0,-1,1,109.0,0
0,0,0,0,0,0,0,0,0,4194304,4096,4,0,163840,58880,4096,35328,0,1048576,4096,4096,0,3,0.0,0,3,0,0,3,0,0,0,1,1,1,1,0.125,1,3,0.987,0.0,0,-1,-1,-1,1.919,3.112,4.486,187,208,1,64,0,191,0,16,64,0,190,157,191,65,0,83,232,10,0,0,0,2,210,117,5,138,22,70,18,210,195,252,178,128,164,106,2,91,255,20,36,115,247,51,201,255,20,36,115,24,51,192,255,20,36,115,33,179,2,65,176,16,255,20,1.0,1.0,2.0,2.0,-1,1,127.0,0
0,0,0,0,0,0,0,0,0,4194304,4096,4,0,147456,49152,4096,45056,0,1048576,4096,4096,0,3,0.0,0,3,0,0,3,0,0,0,1,1,1,1,0.125,1,3,0.952,0.0,1,-1,-1,-1,2.132,3.092,4.482,77,90,144,0,3,0,0,0,4,0,0,0,255,255,0,0,184,0,0,0,0,0,0,0,64,0,0,0,0,0,0,0,0,0,0,0,0,0,0,0,0,0,0,0,0,0,0,0,0,0,0,0,0,0,0,0,0,0,0,0,96,0,0,0,0.0,-1,0.0,0.0,-1,1,41.0,0
0,0,0,0,0,0,0,0,0,4194304,4096,4,0,352256,94208,4096,163840,0,1048576,4096,4096,0,3,0.0,0,3,0,0,3,0,0,0,1,1,1,1,0.125,1,3,0.982,0.0,1,-1,-1,-1,2.139,2.647,4.491,77,90,144,0,3,0,0,0,4,0,0,0,255,255,0,0,184,0,0,0,0,0,0,0,64,0,0,0,0,0,0,0,0,0,0,0,0,0,0,0,0,0,0,0,0,0,0,0,0,0,0,0,0,0,0,0,0,0,0,0,96,0,0,0,0.0,-1,0.0,0.0,-1,1,121.0,0
0,0,1,0,0,0,0,1,0,4194304,4096,5,1,208896,69120,1024,65024,0,1048576,4096,4096,0,3,0.0,0,3,0,0,3,0,0,0,1,1,1,1,0.125,1,3,0.996,0.0,0,-1,-1,-1,2.154,3.004,4.509,187,208,1,64,0,191,0,16,64,0,190,29,66,66,0,83,232,10,0,0,0,2,210,117,5,138,22,70,18,210,195,252,178,128,164,106,2,91,255,20,36,115,247,51,201,255,20,36,115,24,51,192,255,20,36,115,33,179,2,65,176,16,255,20,1.0,1.0,2.0,2.0,-1,1,13.0,0
0,0,0,0,0,0,0,0,0,4194304,4096,4,0,102400,49152,4096,12288,0,1048576,4096,4096,0,3,0.0,0,3,0,0,3,0,0,0,1,1,1,1,0.125,1,3,0.912,0.0,1,-1,-1,-1,1.867,3.193,4.447,77,90,144,0,3,0,0,0,4,0,0,0,255,255,0,0,184,0,0,0,0,0,0,0,64,0,0,0,0,0,0,0,0,0,0,0,0,0,0,0,0,0,0,0,0,0,0,0,0,0,0,0,0,0,0,0,0,0,0,0,96,0,0,0,0.0,-1,0.0,0.0,-1,1,-1,0
0,0,1,0,0,0,0,1,0,4194304,4096,5,1,176128,55296,1024,53760,0,1048576,4096,4096,0,3,0.0,0,3,0,0,3,0,0,0,1,1,1,1,0.125,1,3,0.97,0.0,0,-1,-1,-1,2.156,2.98,4.482,187,208,1,64,0,191,0,16,64,0,190,29,226,65,0,83,232,10,0,0,0,2,210,117,5,138,22,70,18,210,195,252,178,128,164,106,2,91,255,20,36,115,247,51,201,255,20,36,115,24,51,192,255,20,36,115,33,179,2,65,176,16,255,20,1.0,1.0,2.0,2.0,-1,1,13.0,0
0,0,0,0,0,0,0,0,0,4194304,4096,4,0,135168,48128,4096,26112,0,1048576,4096,4096,0,3,0.0,0,3,0,0,3,0,0,0,1,1,1,1,0.125,1,3,0.984,0.0,0,-1,-1,-1,1.845,3.093,4.476,187,208,1,64,0,191,0,16,64,0,190,70,110,65,0,83,232,10,0,0,0,2,210,117,5,138,22,70,18,210,195,252,178,128,164,106,2,91,255,20,36,115,247,51,201,255,20,36,115,24,51,192,255,20,36,115,33,179,2,65,176,16,255,20,1.0,1.0,2.0,2.0,-1,1,131.0,0
0,0,0,0,0,0,0,0,0,4194304,4096,4,0,352256,69632,4096,126976,0,1048576,4096,4096,0,3,0.0,0,3,0,0,3,0,0,0,1,1,1,1,0.125,1,3,0.996,0.0,1,-1,-1,-1,2.093,3.34,4.496,77,90,144,0,3,0,0,0,4,0,0,0,255,255,0,0,184,0,0,0,0,0,0,0,64,0,0,0,0,0,0,0,0,0,0,0,0,0,0,0,0,0,0,0,0,0,0,0,0,0,0,0,0,0,0,0,0,0,0,0,96,0,0,0,0.0,-1,0.0,0.0,-1,1,19.0,0
0,0,1,0,0,0,0,1,0,4194304,4096,5,1,278528,99840,1024,81920,0,1048576,4096,4096,0,3,0.0,0,3,0,0,3,0,0,0,1,1,1,1,0.125,1,3,0.956,0.0,0,-1,-1,-1,2.256,2.945,4.486,187,208,1,64,0,191,0,16,64,0,190,29,2,67,0,83,232,10,0,0,0,2,210,117,5,138,22,70,18,210,195,252,178,128,164,106,2,91,255,20,36,115,247,51,201,255,20,36,115,24,51,192,255,20,36,115,33,179,2,65,176,16,255,20,1.0,1.0,2.0,2.0,-1,1,13.0,0
0,0,1,0,0,0,0,1,0,4194304,4096,5,1,225280,75776,1024,71168,0,1048576,4096,4096,0,3,0.0,0,3,0,0,3,0,0,0,1,1,1,1,0.125,1,3,0.996,0.0,0,-1,-1,-1,2.247,2.989,4.492,187,208,1,64,0,191,0,16,64,0,190,29,114,66,0,83,232,10,0,0,0,2,210,117,5,138,22,70,18,210,195,252,178,128,164,106,2,91,255,20,36,115,247,51,201,255,20,36,115,24,51,192,255,20,36,115,33,179,2,65,176,16,255,20,1.0,1.0,2.0,2.0,-1,1,13.0,0
0,0,0,0,0,0,0,1,0,4194304,4096,5,0,278528,134656,1024,36352,0,1048576,4096,4096,0,3,0.0,0,3,0,0,3,0,0,0,1,1,1,1,0.125,1,3,1.0,0.0,0,-1,-1,-1,2.231,3.192,4.506,187,208,1,64,0,191,0,16,64,0,190,250,241,66,0,83,232,10,0,0,0,2,210,117,5,138,22,70,18,210,195,252,178,128,164,106,2,91,255,20,36,115,247,51,201,255,20,36,115,24,51,192,255,20,36,115,33,179,2,65,176,16,255,20,1.0,1.0,2.0,2.0,-1,1,13.0,0
0,0,1,0,0,0,0,1,0,4194304,4096,5,1,229376,78336,1024,64512,0,1048576,4096,4096,0,3,0.0,0,3,0,0,3,0,0,0,1,1,1,1,0.125,1,3,0.944,0.0,0,-1,-1,-1,2.225,2.97,4.501,187,208,1,64,0,191,0,16,64,0,190,29,114,66,0,83,232,10,0,0,0,2,210,117,5,138,22,70,18,210,195,252,178,128,164,106,2,91,255,20,36,115,247,51,201,255,20,36,115,24,51,192,255,20,36,115,33,179,2,65,176,16,255,20,1.0,1.0,2.0,2.0,-1,1,13.0,0
0,0,1,0,0,0,0,1,0,4194304,4096,5,1,266240,97280,1024,73728,0,1048576,4096,4096,0,3,0.0,0,3,0,0,3,0,0,0,1,1,1,1,0.125,1,3,0.953,0.0,0,-1,-1,-1,2.219,3.05,4.487,187,208,1,64,0,191,0,16,64,0,190,29,210,66,0,83,232,10,0,0,0,2,210,117,5,138,22,70,18,210,195,252,178,128,164,106,2,91,255,20,36,115,247,51,201,255,20,36,115,24,51,192,255,20,36,115,33,179,2,65,176,16,255,20,1.0,1.0,2.0,2.0,-1,1,13.0,0
0,0,1,0,0,0,0,1,0,4194304,4096,5,1,487424,86528,1024,189952,0,1048576,4096,4096,0,3,0.0,0,3,0,0,3,0,0,0,1,1,1,1,0.125,1,3,0.986,0.0,0,-1,-1,-1,2.307,3.402,4.485,187,208,1,64,0,191,0,16,64,0,190,53,85,70,0,83,232,10,0,0,0,2,210,117,5,138,22,70,18,210,195,252,178,128,164,106,2,91,255,20,36,115,247,51,201,255,20,36,115,24,51,192,255,20,36,115,33,179,2,65,176,16,255,20,1.0,1.0,2.0,2.0,-1,1,19.0,0
0,0,1,0,0,0,0,1,0,4194304,4096,5,1,557056,102912,1024,231936,0,1048576,4096,4096,0,3,0.0,0,3,0,0,3,0,0,0,1,1,1,1,0.125,1,3,0.983,0.0,0,-1,-1,-1,2.32,3.229,4.493,187,208,1,64,0,191,0,16,64,0,190,45,45,71,0,83,232,10,0,0,0,2,210,117,5,138,22,70,18,210,195,252,178,128,164,106,2,91,255,20,36,115,247,51,201,255,20,36,115,24,51,192,255,20,36,115,33,179,2,65,176,16,255,20,1.0,1.0,2.0,2.0,-1,1,19.0,0
0,0,1,0,0,0,0,1,0,4194304,4096,5,1,217088,76800,1024,66048,0,1048576,4096,4096,0,3,0.0,0,3,0,0,3,0,0,0,1,1,1,1,0.125,1,3,0.993,0.0,0,-1,-1,-1,2.227,3.076,4.481,187,208,1,64,0,191,0,16,64,0,190,29,82,66,0,83,232,10,0,0,0,2,210,117,5,138,22,70,18,210,195,252,178,128,164,106,2,91,255,20,36,115,247,51,201,255,20,36,115,24,51,192,255,20,36,115,33,179,2,65,176,16,255,20,1.0,1.0,2.0,2.0,-1,1,13.0,0
0,0,0,0,0,0,0,0,0,4194304,4096,4,0,139264,50688,1024,27136,0,1048576,4096,4096,0,3,0.0,0,3,0,0,3,0,0,0,1,1,1,1,0.125,1,3,0.925,0.0,0,-1,-1,-1,2.028,3.125,4.488,187,208,1,64,0,191,0,16,64,0,190,200,110,65,0,83,232,10,0,0,0,2,210,117,5,138,22,70,18,210,195,252,178,128,164,106,2,91,255,20,36,115,247,51,201,255,20,36,115,24,51,192,255,20,36,115,33,179,2,65,176,16,255,20,1.0,1.0,2.0,2.0,-1,1,124.0,0
0,0,0,0,0,0,0,1,0,4194304,4096,5,0,1204224,199168,1024,244224,0,1048576,4096,4096,0,3,0.0,0,3,0,0,3,0,0,0,1,1,1,1,0.125,1,3,0.993,0.0,0,-1,-1,-1,2.272,2.317,4.498,187,208,1,64,0,191,0,16,64,0,190,106,136,80,0,83,232,10,0,0,0,2,210,117,5,138,22,70,18,210,195,252,178,128,164,106,2,91,255,20,36,115,247,51,201,255,20,36,115,24,51,192,255,20,36,115,33,179,2,65,176,16,255,20,1.0,1.0,2.0,2.0,-1,1,147.0,0
0,0,0,0,0,0,0,0,0,4194304,4096,4,0,94208,18432,1024,42496,0,1048576,4096,4096,0,3,0.0,0,3,0,0,3,0,0,0,1,1,1,1,0.125,1,3,0.951,0.0,0,-1,-1,-1,1.963,1.892,4.471,187,208,1,64,0,191,0,16,64,0,190,81,44,65,0,83,232,10,0,0,0,2,210,117,5,138,22,70,18,210,195,252,178,128,164,106,2,91,255,20,36,115,247,51,201,255,20,36,115,24,51,192,255,20,36,115,33,179,2,65,176,16,255,20,1.0,1.0,2.0,2.0,-1,1,30.0,0
0,0,1,0,0,0,0,1,0,4194304,4096,5,1,806912,90112,1024,377856,0,1048576,4096,4096,0,3,0.0,0,3,0,0,3,0,0,0,1,1,1,1,0.125,1,3,0.993,0.0,0,-1,-1,-1,2.225,3.283,4.471,187,208,1,64,0,191,0,16,64,0,190,53,41,75,0,83,232,10,0,0,0,2,210,117,5,138,22,70,18,210,195,252,178,128,164,106,2,91,255,20,36,115,247,51,201,255,20,36,115,24,51,192,255,20,36,115,33,179,2,65,176,16,255,20,1.0,1.0,2.0,2.0,-1,1,23.0,0
0,0,0,0,0,0,0,0,0,4194304,4096,4,0,192512,67584,1024,43520,0,1048576,4096,4096,0,3,0.0,0,3,0,0,3,0,0,0,1,1,1,1,0.125,1,3,0.989,0.0,0,-1,-1,-1,2.108,3.234,4.478,187,208,1,64,0,191,0,16,64,0,190,1,16,66,0,83,232,10,0,0,0,2,210,117,5,138,22,70,18,210,195,252,178,128,164,106,2,91,255,20,36,115,247,51,201,255,20,36,115,24,51,192,255,20,36,115,33,179,2,65,176,16,255,20,1.0,1.0,2.0,2.0,-1,1,149.0,0
0,0,0,0,0,0,0,0,0,4194304,4096,4,0,155648,47104,1024,40960,0,1048576,4096,4096,0,3,0.0,0,3,0,0,3,0,0,0,1,1,1,1,0.125,1,3,0.987,0.0,0,-1,-1,-1,2.052,3.178,4.474,187,208,1,64,0,191,0,16,64,0,190,77,171,65,0,83,232,10,0,0,0,2,210,117,5,138,22,70,18,210,195,252,178,128,164,106,2,91,255,20,36,115,247,51,201,255,20,36,115,24,51,192,255,20,36,115,33,179,2,65,176,16,255,20,1.0,1.0,2.0,2.0,-1,1,127.0,0
0,0,1,0,0,0,0,1,0,4194304,4096,5,1,217088,72192,1024,66048,0,1048576,4096,4096,0,3,0.0,0,3,0,0,3,0,0,0,1,1,1,1,0.125,1,3,0.982,0.0,0,-1,-1,-1,2.188,3.046,4.485,187,208,1,64,0,191,0,16,64,0,190,29,82,66,0,83,232,10,0,0,0,2,210,117,5,138,22,70,18,210,195,252,178,128,164,106,2,91,255,20,36,115,247,51,201,255,20,36,115,24,51,192,255,20,36,115,33,179,2,65,176,16,255,20,1.0,1.0,2.0,2.0,-1,1,13.0,0
0,0,0,0,0,0,0,0,0,4194304,4096,4,0,184320,65536,1024,43008,0,1048576,4096,4096,0,3,0.0,0,3,0,0,3,0,0,0,1,1,1,1,0.125,1,3,0.947,0.0,0,-1,-1,-1,2.084,3.077,4.467,187,208,1,64,0,191,0,16,64,0,190,236,239,65,0,83,232,10,0,0,0,2,210,117,5,138,22,70,18,210,195,252,178,128,164,106,2,91,255,20,36,115,247,51,201,255,20,36,115,24,51,192,255,20,36,115,33,179,2,65,176,16,255,20,1.0,1.0,2.0,2.0,-1,1,146.0,0
0,0,0,0,0,0,0,0,0,4194304,4096,4,0,720896,339456,1024,136192,0,524288,131072,4096,0,3,0.0,0,3,0,0,3,0,0,0,1,1,1,1,0.125,1,3,0.986,0.0,0,-1,-1,-1,2.074,3.174,4.49,187,208,1,64,0,191,0,16,64,0,190,4,191,71,0,83,232,10,0,0,0,2,210,117,5,138,22,70,18,210,195,252,178,128,164,106,2,91,255,20,36,115,247,51,201,255,20,36,115,24,51,192,255,20,36,115,33,179,2,65,176,16,255,20,1.0,1.0,2.0,2.0,-1,1,328.0,0
0,0,0,0,0,0,0,0,0,4194304,4096,4,0,2326528,1332224,1024,321536,0,1048576,4096,4096,0,3,0.0,0,3,0,0,3,0,0,0,1,1,1,1,0.125,1,3,0.998,0.0,0,-1,-1,-1,2.085,3.048,4.516,187,208,1,64,0,191,0,16,64,0,190,151,139,89,0,83,232,10,0,0,0,2,210,117,5,138,22,70,18,210,195,252,178,128,164,106,2,91,255,20,36,115,247,51,201,255,20,36,115,24,51,192,255,20,36,115,33,179,2,65,176,16,255,20,1.0,1.0,2.0,2.0,-1,1,86.0,0
0,0,0,0,0,0,0,0,0,4194304,4096,4,0,176128,55808,1024,44032,0,1048576,4096,4096,0,3,0.0,0,3,0,0,3,0,0,0,1,1,1,1,0.125,1,3,0.978,0.0,0,-1,-1,-1,2.094,3.221,4.479,187,208,1,64,0,191,0,16,64,0,190,65,223,65,0,83,232,10,0,0,0,2,210,117,5,138,22,70,18,210,195,252,178,128,164,106,2,91,255,20,36,115,247,51,201,255,20,36,115,24,51,192,255,20,36,115,33,179,2,65,176,16,255,20,1.0,1.0,2.0,2.0,-1,1,142.0,0
0,0,0,0,0,0,0,0,0,4194304,4096,4,0,180224,62464,1024,36352,0,1048576,4096,4096,0,3,0.0,0,3,0,0,3,0,0,0,1,1,1,1,0.125,1,3,0.966,0.0,0,-1,-1,-1,2.093,3.136,4.484,187,208,1,64,0,191,0,16,64,0,190,226,233,65,0,83,232,10,0,0,0,2,210,117,5,138,22,70,18,210,195,252,178,128,164,106,2,91,255,20,36,115,247,51,201,255,20,36,115,24,51,192,255,20,36,115,33,179,2,65,176,16,255,20,1.0,1.0,2.0,2.0,-1,1,115.0,0
0,0,0,0,0,0,0,0,0,4194304,4096,4,0,184320,20480,4096,122880,0,1048576,4096,4096,0,3,0.0,0,3,0,0,3,0,0,0,1,1,1,1,0.125,1,3,0.922,0.0,1,-1,-1,-1,1.93,1.956,4.458,77,90,144,0,3,0,0,0,4,0,0,0,255,255,0,0,184,0,0,0,0,0,0,0,64,0,0,0,0,0,0,0,0,0,0,0,0,0,0,0,0,0,0,0,0,0,0,0,0,0,0,0,0,0,0,0,0,0,0,0,96,0,0,0,0.0,-1,0.0,0.0,-1,1,-1,0
0,0,0,0,0,0,0,0,0,4194304,4096,4,0,118784,38912,4096,22016,0,1048576,4096,4096,0,3,0.0,0,3,0,0,3,0,0,0,1,1,1,1,0.125,1,3,0.924,0.0,0,-1,-1,-1,1.916,3.017,4.471,187,208,1,64,0,191,0,16,64,0,190,61,62,65,0,83,232,10,0,0,0,2,210,117,5,138,22,70,18,210,195,252,178,128,164,106,2,91,255,20,36,115,247,51,201,255,20,36,115,24,51,192,255,20,36,115,33,179,2,65,176,16,255,20,1.0,1.0,2.0,2.0,-1,1,103.0,0
0,0,0,0,0,0,0,1,0,4194304,4096,5,0,1921024,206336,1024,1424384,0,1048576,4096,4096,0,3,0.0,0,3,0,0,3,0,0,0,1,1,1,1,0.125,1,3,0.995,0.0,0,-1,-1,-1,2.289,1.701,4.503,187,208,1,64,0,191,0,16,64,0,190,68,27,89,0,83,232,10,0,0,0,2,210,117,5,138,22,70,18,210,195,252,178,128,164,106,2,91,255,20,36,115,247,51,201,255,20,36,115,24,51,192,255,20,36,115,33,179,2,65,176,16,255,20,1.0,1.0,2.0,2.0,-1,1,66.0,0
0,0,0,0,0,0,0,0,0,4194304,4096,4,0,315392,77824,4096,159744,0,1048576,4096,4096,0,3,0.0,0,3,0,0,3,0,0,0,1,1,1,1,0.125,1,3,0.998,0.0,1,-1,-1,-1,2.063,2.465,4.483,77,90,144,0,3,0,0,0,4,0,0,0,255,255,0,0,184,0,0,0,0,0,0,0,64,0,0,0,0,0,0,0,0,0,0,0,0,0,0,0,0,0,0,0,0,0,0,0,0,0,0,0,0,0,0,0,0,0,0,0,96,0,0,0,0.0,-1,0.0,0.0,-1,1,99.0,0
0,0,0,0,0,0,0,1,0,4194304,4096,5,0,782336,206848,1024,253440,0,1048576,4096,4096,0,3,0.0,0,3,0,0,3,0,0,0,1,1,1,1,0.125,1,3,0.989,0.0,0,-1,-1,-1,2.28,2.981,4.524,187,208,1,64,0,191,0,16,64,0,190,166,160,72,0,83,232,10,0,0,0,2,210,117,5,138,22,70,18,210,195,252,178,128,164,106,2,91,255,20,36,115,247,51,201,255,20,36,115,24,51,192,255,20,36,115,33,179,2,65,176,16,255,20,1.0,1.0,2.0,2.0,-1,1,170.0,0
0,0,0,0,0,0,0,0,0,4194304,4096,4,0,118784,45056,4096,32768,0,1048576,4096,4096,0,3,0.0,0,3,0,0,3,0,0,0,1,1,1,1,0.125,1,3,0.884,0.0,1,-1,-1,-1,1.893,2.655,4.465,77,90,144,0,3,0,0,0,4,0,0,0,255,255,0,0,184,0,0,0,0,0,0,0,64,0,0,0,0,0,0,0,0,0,0,0,0,0,0,0,0,0,0,0,0,0,0,0,0,0,0,0,0,0,0,0,0,0,0,0,96,0,0,0,0.0,-1,0.0,0.0,-1,1,53.0,0
0,0,0,0,0,0,0,0,0,4194304,4096,4,0,184320,20480,4096,122880,0,1048576,4096,4096,0,3,0.0,0,3,0,0,3,0,0,0,1,1,1,1,0.125,1,3,0.938,0.0,1,-1,-1,-1,1.93,1.984,4.449,77,90,144,0,3,0,0,0,4,0,0,0,255,255,0,0,184,0,0,0,0,0,0,0,64,0,0,0,0,0,0,0,0,0,0,0,0,0,0,0,0,0,0,0,0,0,0,0,0,0,0,0,0,0,0,0,0,0,0,0,96,0,0,0,0.0,-1,0.0,0.0,-1,1,-1,0
0,0,0,0,0,0,0,1,0,4194304,4096,5,0,4460544,1161216,1024,2016256,0,1048576,4096,4096,0,3,0.0,0,3,0,0,3,0,0,0,1,1,1,1,0.125,1,3,0.999,0.0,0,-1,-1,-1,2.385,3.029,4.502,187,208,1,64,0,191,0,16,64,0,190,231,167,113,0,83,232,10,0,0,0,2,210,117,5,138,22,70,18,210,195,252,178,128,164,106,2,91,255,20,36,115,247,51,201,255,20,36,115,24,51,192,255,20,36,115,33,179,2,65,176,16,255,20,1.0,1.0,2.0,2.0,-1,1,753.0,0
0,0,1,0,0,0,0,1,0,4194304,4096,5,1,565248,162304,1024,283648,0,1048576,4096,4096,0,3,0.0,0,3,0,0,3,0,0,0,1,1,1,1,0.125,1,3,0.987,0.0,0,-1,-1,-1,2.286,2.088,4.486,187,208,1,64,0,191,0,16,64,0,190,29,2,71,0,83,232,10,0,0,0,2,210,117,5,138,22,70,18,210,195,252,178,128,164,106,2,91,255,20,36,115,247,51,201,255,20,36,115,24,51,192,255,20,36,115,33,179,2,65,176,16,255,20,1.0,1.0,2.0,2.0,-1,1,13.0,0
0,0,0,0,0,0,0,0,0,4194304,4096,4,0,196608,24576,4096,126976,0,1048576,4096,4096,0,3,0.0,0,3,0,0,3,0,0,0,1,1,1,1,0.125,1,3,0.944,0.0,1,-1,-1,-1,1.975,2.046,4.481,77,90,144,0,3,0,0,0,4,0,0,0,255,255,0,0,184,0,0,0,0,0,0,0,64,0,0,0,0,0,0,0,0,0,0,0,0,0,0,0,0,0,0,0,0,0,0,0,0,0,0,0,0,0,0,0,0,0,0,0,96,0,0,0,0.0,-1,0.0,0.0,-1,1,24.0,0
0,0,0,0,0,0,0,0,0,4194304,4096,4,0,176128,56320,4096,45568,0,1048576,4096,4096,0,3,0.0,0,3,0,0,3,0,0,0,1,1,1,1,0.125,1,3,0.976,0.0,0,-1,-1,-1,1.93,3.109,4.49,187,208,1,64,0,191,0,16,64,0,190,74,228,65,0,83,232,10,0,0,0,2,210,117,5,138,22,70,18,210,195,252,178,128,164,106,2,91,255,20,36,115,247,51,201,255,20,36,115,24,51,192,255,20,36,115,33,179,2,65,176,16,255,20,1.0,1.0,2.0,2.0,-1,1,143.0,0
0,0,0,0,0,0,0,0,0,4194304,4096,4,0,188416,24576,4096,122880,0,1048576,4096,4096,0,3,0.0,0,3,0,0,3,0,0,0,1,1,1,1,0.125,1,3,0.999,0.0,1,-1,-1,-1,1.928,2.054,4.461,77,90,144,0,3,0,0,0,4,0,0,0,255,255,0,0,184,0,0,0,0,0,0,0,64,0,0,0,0,0,0,0,0,0,0,0,0,0,0,0,0,0,0,0,0,0,0,0,0,0,0,0,0,0,0,0,0,0,0,0,96,0,0,0,0.0,-1,0.0,0.0,-1,1,-1,0
0,0,0,0,0,0,0,1,0,4194304,4096,5,0,688128,323584,1024,148480,0,1048576,4096,4096,0,3,0.0,0,3,0,0,3,0,0,0,1,1,1,1,0.125,1,3,1.0,0.0,0,-1,-1,-1,2.258,3.019,4.483,187,208,1,64,0,191,0,16,64,0,190,0,149,71,0,83,232,10,0,0,0,2,210,117,5,138,22,70,18,210,195,252,178,128,164,106,2,91,255,20,36,115,247,51,201,255,20,36,115,24,51,192,255,20,36,115,33,179,2,65,176,16,255,20,1.0,1.0,2.0,2.0,-1,1,244.0,0
0,0,0,0,0,0,0,0,0,4194304,4096,4,0,221184,28672,4096,139264,0,1048576,4096,4096,0,3,0.0,0,3,0,0,3,0,0,0,1,1,1,1,0.125,1,3,0.95,0.0,1,-1,-1,-1,2.111,2.184,4.509,77,90,144,0,3,0,0,0,4,0,0,0,255,255,0,0,184,0,0,0,0,0,0,0,64,0,0,0,0,0,0,0,0,0,0,0,0,0,0,0,0,0,0,0,0,0,0,0,0,0,0,0,0,0,0,0,0,0,0,0,96,0,0,0,0.0,-1,0.0,0.0,-1,1,113.0,0
0,0,0,0,0,0,0,0,0,4194304,712704,4,0,1049924,5216,4096,208,0,1048576,4096,4096,3,1,0.75,1,3,1,1,3,1,0,1,1,1,1,0,0.904,1,2,1.0,0.0,0,-1,0.0,6.105,3.878,3.459,6.169,85,139,236,129,236,132,2,0,0,83,86,87,131,165,168,253,255,255,0,243,235,12,101,88,80,114,45,118,46,49,46,54,46,0,161,0,224,74,0,5,0,224,74,0,163,4,224,74,0,161,4,224,74,0,131,120,112,0,117,20,106,16,104,240,13.0,21.0,8.0,0.381,-1,1,108.0,0
0,0,0,0,0,0,0,0,0,4194304,856064,4,0,1407200,5216,4096,208,0,1048576,4096,4096,3,1,0.75,1,3,1,1,3,1,0,1,1,1,1,0,0.919,1,2,1.0,0.0,0,-1,0.0,6.225,3.463,3.453,6.172,85,139,236,129,236,132,2,0,0,83,86,87,131,165,168,253,255,255,0,243,235,12,101,88,80,114,45,118,46,49,46,54,46,0,161,0,16,77,0,5,0,16,77,0,163,4,16,77,0,161,4,16,77,0,131,120,112,0,117,20,106,16,104,240,10.0,18.0,9.0,0.5,-1,1,680.0,0
0,0,0,0,0,0,0,0,0,4194304,147456,4,0,177108,5216,4096,208,0,1048576,4096,4096,3,1,0.75,1,3,1,1,3,1,0,1,1,1,1,0,0.903,1,2,1.0,0.0,0,-1,0.0,4.8,3.91,3.665,6.171,85,139,236,129,236,132,2,0,0,83,86,87,131,165,168,253,255,255,0,243,235,12,101,88,80,114,45,118,46,49,46,54,46,0,161,0,64,66,0,5,0,64,66,0,163,4,64,66,0,161,4,64,66,0,131,120,112,0,117,20,106,16,104,240,12.0,20.0,8.0,0.4,-1,1,132.0,0
0,0,0,0,0,0,0,0,0,4194304,307200,4,0,333928,5216,4096,208,0,1048576,4096,4096,3,1,0.75,1,3,1,1,3,1,0,1,1,1,1,0,0.91,1,2,1.0,0.0,0,-1,0.0,4.33,3.886,3.525,6.16,85,139,236,129,236,132,2,0,0,83,86,87,131,165,168,253,255,255,0,243,235,12,101,88,80,114,45,118,46,49,46,54,46,0,161,0,176,68,0,5,0,176,68,0,163,4,176,68,0,161,4,176,68,0,131,120,112,0,117,20,106,16,104,240,12.0,20.0,8.0,0.4,-1,1,182.0,0
0,0,0,0,0,0,0,0,0,4194304,217088,4,0,226628,5216,4096,208,0,1048576,4096,4096,3,1,0.75,1,3,1,1,3,1,0,1,1,1,1,0,0.931,1,2,1.0,0.0,0,-1,0.0,4.167,3.947,3.441,6.144,85,139,236,129,236,132,2,0,0,83,86,87,131,165,168,253,255,255,0,243,235,12,101,88,80,114,45,118,46,49,46,54,46,0,161,0,80,67,0,5,0,80,67,0,163,4,80,67,0,161,4,80,67,0,131,120,112,0,117,20,106,16,104,240,9.0,17.0,8.0,0.471,-1,1,14.0,0
0,0,0,0,0,0,0,0,0,4194304,131072,4,0,156864,5216,4096,208,0,1048576,4096,4096,3,1,0.75,1,3,1,1,3,1,0,1,1,1,1,0,0.92,1,2,1.0,0.0,0,-1,0.0,3.732,3.873,3.445,6.126,85,139,236,129,236,132,2,0,0,83,86,87,131,165,168,253,255,255,0,243,235,12,101,88,80,114,45,118,46,49,46,54,46,0,161,0,0,66,0,5,0,0,66,0,163,4,0,66,0,161,4,0,66,0,131,120,112,0,117,20,106,16,104,240,10.0,18.0,9.0,0.5,-1,1,144.0,0
0,0,0,0,0,0,0,0,0,4194304,315392,4,0,324932,5216,4096,208,0,1048576,4096,4096,3,1,0.75,1,3,1,1,3,1,0,1,1,1,1,0,0.936,1,2,1.0,0.0,0,-1,0.0,4.16,3.998,3.229,6.173,85,139,236,129,236,132,2,0,0,83,86,87,131,165,168,253,255,255,0,243,235,12,101,88,80,114,45,118,46,49,46,54,46,0,161,0,208,68,0,5,0,208,68,0,163,4,208,68,0,161,4,208,68,0,131,120,112,0,117,20,106,16,104,240,8.0,16.0,8.0,0.5,-1,1,14.0,0
0,0,0,0,0,0,0,0,0,4194304,1474560,4,0,2355176,5216,4096,208,0,1048576,4096,4096,3,1,0.75,1,3,1,1,3,1,0,1,1,1,1,0,0.895,1,2,1.0,0.0,0,-1,0.0,5.989,4.197,3.504,6.167,85,139,236,129,236,132,2,0,0,83,86,87,131,165,168,253,255,255,0,243,235,12,101,88,80,114,45,118,46,49,46,54,46,0,161,0,128,86,0,5,0,128,86,0,163,4,128,86,0,161,4,128,86,0,131,120,112,0,117,20,106,16,104,240,14.0,22.0,9.0,0.409,-1,1,178.0,0
0,0,0,0,0,0,0,0,0,4194304,1593344,4,0,1784888,5216,4096,208,0,1048576,8192,4096,3,1,0.75,1,3,1,1,3,1,0,1,1,1,1,0,0.916,1,2,1.0,0.0,0,-1,0.0,3.405,4.346,3.114,6.166,85,139,236,129,236,132,2,0,0,83,86,87,131,165,168,253,255,255,0,243,235,12,101,88,80,114,45,118,46,49,46,54,46,0,161,0,80,88,0,5,0,80,88,0,163,4,80,88,0,161,4,80,88,0,131,120,112,0,117,20,106,16,104,240,11.0,19.0,8.0,0.421,-1,1,532.0,0
0,0,0,0,0,0,0,0,0,4194304,180224,4,0,213764,5216,4096,208,0,1048576,4096,4096,3,1,0.75,1,3,1,1,3,1,0,1,1,1,1,0,0.914,1,2,1.0,0.0,0,-1,0.0,3.844,3.8,3.563,6.171,85,139,236,129,236,132,2,0,0,83,86,87,131,165,168,253,255,255,0,243,235,12,101,88,80,114,45,118,46,49,46,54,46,0,161,0,192,66,0,5,0,192,66,0,163,4,192,66,0,161,4,192,66,0,131,120,112,0,117,20,106,16,104,240,11.0,19.0,9.0,0.474,-1,1,192.0,0
0,0,0,0,0,0,0,0,0,4194304,172032,4,0,209908,5216,4096,208,0,1048576,4096,4096,3,1,0.75,1,3,1,1,3,1,0,1,1,1,1,0,0.905,1,2,1.0,0.0,0,-1,0.0,4.995,3.919,3.587,6.188,85,139,236,129,236,132,2,0,0,83,86,87,131,165,168,253,255,255,0,243,235,12,101,88,80,114,45,118,46,49,46,54,46,0,161,0,160,66,0,5,0,160,66,0,163,4,160,66,0,161,4,160,66,0,131,120,112,0,117,20,106,16,104,240,12.0,20.0,8.0,0.4,-1,1,180.0,0
0,0,0,0,0,0,0,0,0,4194304,315392,4,0,324936,5216,4096,208,0,4096,4096,4096,3,1,0.75,1,3,1,1,3,1,0,1,1,1,1,0,0.946,1,2,1.0,0.0,0,-1,0.0,4.147,3.927,3.22,6.171,85,139,236,129,236,132,2,0,0,83,86,87,131,165,168,253,255,255,0,243,235,12,101,88,80,114,45,118,46,49,46,54,46,0,161,0,208,68,0,5,0,208,68,0,163,4,208,68,0,161,4,208,68,0,131,120,112,0,117,20,106,16,104,240,7.0,15.0,9.0,0.6,-1,1,14.0,0
0,0,0,0,0,0,0,0,0,4194304,434176,4,0,451600,5216,4096,208,0,1048576,4096,4096,3,1,0.75,1,3,1,1,3,1,0,1,1,1,1,0,0.888,1,2,1.0,0.0,0,-1,0.0,3.865,3.633,3.172,6.169,85,139,236,129,236,132,2,0,0,83,86,87,131,165,168,253,255,255,0,243,235,12,101,88,80,114,45,118,46,49,46,54,46,0,161,0,160,70,0,5,0,160,70,0,163,4,160,70,0,161,4,160,70,0,131,120,112,0,117,20,106,16,104,240,15.0,23.0,8.0,0.348,-1,1,112.0,0
0,0,0,0,0,0,0,0,0,4194304,286720,4,0,317956,5216,4096,208,0,1048576,4096,4096,3,1,0.75,1,3,1,1,3,1,0,1,1,1,1,0,0.897,1,2,1.0,0.0,0,-1,0.0,5.505,3.799,3.242,6.137,85,139,236,129,236,132,2,0,0,83,86,87,131,165,168,253,255,255,0,243,235,12,101,88,80,114,45,118,46,49,46,54,46,0,161,0,96,68,0,5,0,96,68,0,163,4,96,68,0,161,4,96,68,0,131,120,112,0,117,20,106,16,104,240,14.0,22.0,8.0,0.364,-1,1,118.0,0
0,0,0,0,0,0,0,0,0,4194304,151552,4,0,184376,5216,4096,208,0,1048576,4096,4096,3,1,0.75,1,3,1,1,3,1,0,1,1,1,1,0,0.9,1,2,1.0,0.0,0,-1,0.0,4.631,3.916,3.614,6.15,85,139,236,129,236,132,2,0,0,83,86,87,131,165,168,253,255,255,0,243,235,12,101,88,80,114,45,118,46,49,46,54,46,0,161,0,80,66,0,5,0,80,66,0,163,4,80,66,0,161,4,80,66,0,131,120,112,0,117,20,106,16,104,240,13.0,21.0,9.0,0.429,-1,1,172.0,0
0,0,0,0,0,0,0,0,0,4194304,110592,4,0,132516,5216,4096,208,0,1048576,4096,4096,3,1,0.75,1,3,1,1,3,1,0,1,1,1,1,0,0.903,1,2,1.0,0.0,0,-1,0.0,3.73,3.912,3.776,6.136,85,139,236,129,236,132,2,0,0,83,86,87,131,165,168,253,255,255,0,243,235,12,101,88,80,114,45,118,46,49,46,54,46,0,161,0,176,65,0,5,0,176,65,0,163,4,176,65,0,161,4,176,65,0,131,120,112,0,117,20,106,16,104,240,13.0,21.0,8.0,0.381,-1,1,168.0,0
0,0,0,0,0,0,0,0,0,4194304,200704,4,0,210224,5216,4096,208,0,1048576,4096,4096,3,1,0.75,1,3,1,1,3,1,0,1,1,1,1,0,0.937,1,2,1.0,0.0,0,-1,0.0,4.164,4.011,3.426,6.168,85,139,236,129,236,132,2,0,0,83,86,87,131,165,168,253,255,255,0,243,235,12,101,88,80,114,45,118,46,49,46,54,46,0,161,0,16,67,0,5,0,16,67,0,163,4,16,67,0,161,4,16,67,0,131,120,112,0,117,20,106,16,104,240,8.0,16.0,8.0,0.5,-1,1,14.0,0
0,0,0,0,0,0,0,0,0,4194304,204800,4,0,214408,5216,4096,208,0,1048576,4096,4096,3,1,0.75,1,3,1,1,3,1,0,1,1,1,1,0,0.937,1,2,1.0,0.0,0,-1,0.0,4.141,4.031,3.473,6.167,85,139,236,129,236,132,2,0,0,83,86,87,131,165,168,253,255,255,0,243,235,12,101,88,80,114,45,118,46,49,46,54,46,0,161,0,32,67,0,5,0,32,67,0,163,4,32,67,0,161,4,32,67,0,131,120,112,0,117,20,106,16,104,240,8.0,16.0,8.0,0.5,-1,1,14.0,0
0,0,0,0,0,0,0,0,0,4194304,188416,4,0,197980,5216,4096,208,0,1048576,4096,4096,3,1,0.75,1,3,1,1,3,1,0,1,1,1,1,0,0.936,1,2,1.0,0.0,0,-1,0.0,4.124,3.96,3.59,6.194,85,139,236,129,236,132,2,0,0,83,86,87,131,165,168,253,255,255,0,243,235,12,101,88,80,114,45,118,46,49,46,54,46,0,161,0,224,66,0,5,0,224,66,0,163,4,224,66,0,161,4,224,66,0,131,120,112,0,117,20,106,16,104,240,8.0,16.0,8.0,0.5,-1,1,14.0,0
0,0,0,0,0,0,0,0,0,4194304,507904,4,0,518760,5216,4096,208,0,1048576,4096,4096,3,1,0.75,1,3,1,1,3,1,0,1,1,1,1,0,0.88,1,2,1.0,0.0,0,-1,0.0,4.802,4.152,3.054,6.151,85,139,236,129,236,132,2,0,0,83,86,87,131,165,168,253,255,255,0,243,235,12,101,88,80,114,45,118,46,49,46,54,46,0,161,0,192,71,0,5,0,192,71,0,163,4,192,71,0,161,4,192,71,0,131,120,112,0,117,20,106,16,104,240,16.0,24.0,8.0,0.333,-1,1,14.0,0
0,0,0,0,0,0,0,0,0,4194304,110592,4,0,131576,5216,4096,208,0,1048576,4096,4096,3,1,0.75,1,3,1,1,3,1,0,1,1,1,1,0,0.912,1,2,1.0,0.0,0,-1,0.0,3.842,3.898,3.845,6.145,85,139,236,129,236,132,2,0,0,83,86,87,131,165,168,253,255,255,0,243,235,12,101,88,80,114,45,118,46,49,46,54,46,0,161,0,176,65,0,5,0,176,65,0,163,4,176,65,0,161,4,176,65,0,131,120,112,0,117,20,106,16,104,240,11.0,19.0,8.0,0.421,-1,1,132.0,0
0,0,0,0,0,0,0,0,0,4194304,147456,4,0,175068,5216,4096,208,0,1048576,4096,4096,3,1,0.75,1,3,1,1,3,1,0,1,1,1,1,0,0.901,1,2,1.0,0.0,0,-1,0.0,3.947,3.881,3.357,6.146,85,139,236,129,236,132,2,0,0,83,86,87,131,165,168,253,255,255,0,243,235,12,101,88,80,114,45,118,46,49,46,54,46,0,161,0,64,66,0,5,0,64,66,0,163,4,64,66,0,161,4,64,66,0,131,120,112,0,117,20,106,16,104,240,13.0,21.0,8.0,0.381,-1,1,156.0,0
0,0,0,0,0,0,0,0,0,4194304,135168,4,0,149996,5216,4096,208,0,1048576,4096,4096,3,1,0.75,1,3,1,1,3,1,0,1,1,1,1,0,0.909,1,2,1.0,0.0,0,-1,0.0,4.382,3.741,3.646,6.166,85,139,236,129,236,132,2,0,0,83,86,87,131,165,168,253,255,255,0,243,235,12,101,88,80,114,45,118,46,49,46,54,46,0,161,0,16,66,0,5,0,16,66,0,163,4,16,66,0,161,4,16,66,0,131,120,112,0,117,20,106,16,104,240,12.0,20.0,8.0,0.4,-1,1,44.0,0
0,0,0,0,0,0,0,0,0,4194304,331776,4,0,360120,5216,4096,208,0,1048576,4096,4096,3,1,0.75,1,3,1,1,3,1,0,1,1,1,1,0,0.905,1,2,1.0,0.0,0,-1,0.0,3.119,4.12,2.735,6.139,85,139,236,129,236,132,2,0,0,83,86,87,131,165,168,253,255,255,0,243,235,12,101,88,80,114,45,118,46,49,46,54,46,0,161,0,16,69,0,5,0,16,69,0,163,4,16,69,0,161,4,16,69,0,131,120,112,0,117,20,106,16,104,240,13.0,21.0,8.0,0.381,-1,1,152.0,0
0,0,0,0,0,0,0,0,0,4194304,217088,4,0,226628,5216,4096,208,0,1048576,4096,4096,3,1,0.75,1,3,1,1,3,1,0,1,1,1,1,0,0.937,1,2,1.0,0.0,0,-1,0.0,4.146,3.901,3.479,6.151,85,139,236,129,236,132,2,0,0,83,86,87,131,165,168,253,255,255,0,243,235,12,101,88,80,114,45,118,46,49,46,54,46,0,161,0,80,67,0,5,0,80,67,0,163,4,80,67,0,161,4,80,67,0,131,120,112,0,117,20,106,16,104,240,8.0,16.0,8.0,0.5,-1,1,14.0,0
0,0,0,0,0,0,0,0,0,4194304,196608,4,0,206136,5216,4096,208,0,1048576,4096,4096,3,1,0.75,1,3,1,1,3,1,0,1,1,1,1,0,0.937,1,2,1.0,0.0,0,-1,0.0,4.155,3.939,3.582,6.122,85,139,236,129,236,132,2,0,0,83,86,87,131,165,168,253,255,255,0,243,235,12,101,88,80,114,45,118,46,49,46,54,46,0,161,0,0,67,0,5,0,0,67,0,163,4,0,67,0,161,4,0,67,0,131,120,112,0,117,20,106,16,104,240,8.0,16.0,8.0,0.5,-1,1,14.0,0
0,0,0,0,0,0,0,0,0,4194304,94208,4,0,100000,5216,4096,208,0,1048576,4096,4096,2,1,0.667,1,3,1,1,3,1,0,1,1,1,1,0,0.971,1,2,1.0,0.0,0,-1,0.0,-1,4.0,3.444,6.187,85,139,236,129,236,132,2,0,0,83,86,87,131,165,168,253,255,255,0,243,235,12,101,88,80,114,45,118,46,49,46,54,46,0,161,0,112,65,0,5,0,112,65,0,163,4,112,65,0,161,4,112,65,0,131,120,112,0,117,20,106,16,104,240,4.0,12.0,9.0,0.75,-1,1,-1,0
0,0,0,0,0,0,0,0,0,4194304,184320,4,0,219136,5216,4096,208,0,1048576,4096,4096,3,1,0.75,1,3,1,1,3,1,0,1,1,1,1,0,0.944,1,2,1.0,0.0,0,-1,0.0,5.576,3.769,2.937,6.189,85,139,236,129,236,132,2,0,0,83,86,87,131,165,168,253,255,255,0,243,235,12,101,88,80,114,45,118,46,49,46,54,46,0,161,0,208,66,0,5,0,208,66,0,163,4,208,66,0,161,4,208,66,0,131,120,112,0,117,20,106,16,104,240,7.0,15.0,8.0,0.533,-1,1,52.0,0
0,0,0,0,0,0,0,0,0,4194304,163840,4,0,173364,5216,4096,208,0,1048576,4096,4096,3,1,0.75,1,3,1,1,3,1,0,1,1,1,1,0,0.946,1,2,1.0,0.0,0,-1,0.0,4.173,3.936,3.762,6.19,85,139,236,129,236,132,2,0,0,83,86,87,131,165,168,253,255,255,0,243,235,12,101,88,80,114,45,118,46,49,46,54,46,0,161,0,128,66,0,5,0,128,66,0,163,4,128,66,0,161,4,128,66,0,131,120,112,0,117,20,106,16,104,240,7.0,15.0,8.0,0.533,-1,1,14.0,0
0,0,0,0,0,0,0,0,0,4194304,122880,4,0,145176,5216,4096,208,0,1048576,4096,4096,3,1,0.75,1,3,1,1,3,1,0,1,1,1,1,0,0.907,1,2,1.0,0.0,0,-1,0.0,3.778,3.687,3.437,6.156,85,139,236,129,236,132,2,0,0,83,86,87,131,165,168,253,255,255,0,243,235,12,101,88,80,114,45,118,46,49,46,54,46,0,161,0,224,65,0,5,0,224,65,0,163,4,224,65,0,161,4,224,65,0,131,120,112,0,117,20,106,16,104,240,12.0,20.0,9.0,0.45,-1,1,160.0,0
0,0,0,0,0,0,0,0,0,4194304,204800,4,0,214532,5216,4096,208,0,1048576,4096,4096,3,1,0.75,1,3,1,1,3,1,0,1,1,1,1,0,0.937,1,2,1.0,0.0,0,-1,0.0,4.068,4.0,3.497,6.169,85,139,236,129,236,132,2,0,0,83,86,87,131,165,168,253,255,255,0,243,235,12,101,88,80,114,45,118,46,49,46,54,46,0,161,0,32,67,0,5,0,32,67,0,163,4,32,67,0,161,4,32,67,0,131,120,112,0,117,20,106,16,104,240,8.0,16.0,8.0,0.5,-1,1,14.0,0
0,0,0,0,0,0,0,0,0,4194304,753664,4,0,1125172,5216,4096,208,0,1048576,4096,4096,3,1,0.75,1,3,1,1,3,1,0,1,1,1,1,0,0.908,1,2,1.0,0.0,0,-1,0.0,5.992,4.096,3.546,6.181,85,139,236,129,236,132,2,0,0,83,86,87,131,165,168,253,255,255,0,243,235,12,101,88,80,114,45,118,46,49,46,54,46,0,161,0,128,75,0,5,0,128,75,0,163,4,128,75,0,161,4,128,75,0,131,120,112,0,117,20,106,16,104,240,12.0,20.0,8.0,0.4,-1,1,110.0,0
0,0,0,0,0,0,0,0,0,4194304,737280,4,0,757416,5216,4096,208,0,1048576,4096,4096,3,1,0.75,1,3,1,1,3,1,0,1,1,1,1,0,0.922,1,2,1.0,0.0,0,-1,0.0,3.769,1.751,3.131,6.136,85,139,236,129,236,132,2,0,0,83,86,87,131,165,168,253,255,255,0,243,235,12,101,88,80,114,45,118,46,49,46,54,46,0,161,0,64,75,0,5,0,64,75,0,163,4,64,75,0,161,4,64,75,0,131,120,112,0,117,20,106,16,104,240,10.0,18.0,8.0,0.444,-1,1,92.0,0
0,0,0,0,0,0,0,0,0,4194304,352256,4,0,485560,5216,4096,208,0,1048576,4096,4096,3,1,0.75,1,3,1,1,3,1,0,1,1,1,1,0,0.938,1,2,1.0,0.0,0,-1,0.0,6.223,3.891,3.62,6.148,85,139,236,129,236,132,2,0,0,83,86,87,131,165,168,253,255,255,0,243,235,12,101,88,80,114,45,118,46,49,46,54,46,0,161,0,96,69,0,5,0,96,69,0,163,4,96,69,0,161,4,96,69,0,131,120,112,0,117,20,106,16,104,240,8.0,16.0,8.0,0.5,-1,1,20.0,0
0,0,0,0,0,0,0,0,0,4194304,253952,4,0,351168,5216,4096,208,0,1048576,4096,4096,3,1,0.75,1,3,1,1,3,1,0,1,1,1,1,0,0.916,1,2,1.0,0.0,0,-1,0.0,5.863,3.569,3.492,6.164,85,139,236,129,236,132,2,0,0,83,86,87,131,165,168,253,255,255,0,243,235,12,101,88,80,114,45,118,46,49,46,54,46,0,161,0,224,67,0,5,0,224,67,0,163,4,224,67,0,161,4,224,67,0,131,120,112,0,117,20,106,16,104,240,11.0,19.0,9.0,0.474,-1,1,20.0,0
0,0,0,0,0,0,0,0,0,4194304,262144,4,0,271748,5216,4096,208,0,1048576,4096,4096,3,1,0.75,1,3,1,1,3,1,0,1,1,1,1,0,0.935,1,2,1.0,0.0,0,-1,0.0,4.113,3.966,3.304,6.119,85,139,236,129,236,132,2,0,0,83,86,87,131,165,168,253,255,255,0,243,235,12,101,88,80,114,45,118,46,49,46,54,46,0,161,0,0,68,0,5,0,0,68,0,163,4,0,68,0,161,4,0,68,0,131,120,112,0,117,20,106,16,104,240,8.0,16.0,8.0,0.5,-1,1,14.0,0
0,0,0,0,0,0,0,0,0,4194304,352256,4,0,361860,5216,4096,208,0,1048576,4096,4096,3,1,0.75,1,3,1,1,3,1,0,1,1,1,1,0,0.917,1,2,1.0,0.0,0,-1,0.0,4.129,3.968,3.133,6.134,85,139,236,129,236,132,2,0,0,83,86,87,131,165,168,253,255,255,0,243,235,12,101,88,80,114,45,118,46,49,46,54,46,0,161,0,96,69,0,5,0,96,69,0,163,4,96,69,0,161,4,96,69,0,131,120,112,0,117,20,106,16,104,240,11.0,19.0,8.0,0.421,-1,1,14.0,0
0,0,0,0,0,0,0,0,0,4194304,212992,4,0,222568,5216,4096,208,0,1048576,4096,4096,3,1,0.75,1,3,1,1,3,1,0,1,1,1,1,0,0.935,1,2,1.0,0.0,0,-1,0.0,4.143,3.965,3.497,6.174,85,139,236,129,236,132,2,0,0,83,86,87,131,165,168,253,255,255,0,243,235,12,101,88,80,114,45,118,46,49,46,54,46,0,161,0,64,67,0,5,0,64,67,0,163,4,64,67,0,161,4,64,67,0,131,120,112,0,117,20,106,16,104,240,8.0,16.0,8.0,0.5,-1,1,14.0,0
0,0,0,0,0,0,0,0,0,4194304,262144,4,0,271688,5216,4096,208,0,1048576,4096,4096,3,1,0.75,1,3,1,1,3,1,0,1,1,1,1,0,0.916,1,2,1.0,0.0,0,-1,0.0,4.082,3.614,3.213,6.102,85,139,236,129,236,132,2,0,0,83,86,87,131,165,168,253,255,255,0,243,235,12,101,88,80,114,45,118,46,49,46,54,46,0,161,0,0,68,0,5,0,0,68,0,163,4,0,68,0,161,4,0,68,0,131,120,112,0,117,20,106,16,104,240,11.0,19.0,8.0,0.421,-1,1,14.0,0
0,0,0,0,0,0,0,0,0,4194304,212992,4,0,222552,5216,4096,208,0,1048576,4096,4096,3,1,0.75,1,3,1,1,3,1,0,1,1,1,1,0,0.945,1,2,1.0,0.0,0,-1,0.0,4.153,4.003,3.526,6.18,85,139,236,129,236,132,2,0,0,83,86,87,131,165,168,253,255,255,0,243,235,12,101,88,80,114,45,118,46,49,46,54,46,0,161,0,64,67,0,5,0,64,67,0,163,4,64,67,0,161,4,64,67,0,131,120,112,0,117,20,106,16,104,240,7.0,15.0,8.0,0.533,-1,1,14.0,0
0,0,0,0,0,0,0,0,0,4194304,249856,4,0,259400,5216,4096,208,0,1048576,4096,4096,3,1,0.75,1,3,1,1,3,1,0,1,1,1,1,0,0.942,1,2,1.0,0.0,0,-1,0.0,4.141,3.949,3.462,6.204,85,139,236,129,236,132,2,0,0,83,86,87,131,165,168,253,255,255,0,243,235,12,101,88,80,114,45,118,46,49,46,54,46,0,161,0,208,67,0,5,0,208,67,0,163,4,208,67,0,161,4,208,67,0,131,120,112,0,117,20,106,16,104,240,7.0,15.0,8.0,0.533,-1,1,14.0,0
0,0,0,0,0,0,0,0,0,4194304,348160,4,0,481420,5216,4096,208,0,1048576,4096,4096,3,1,0.75,1,3,1,1,3,1,0,1,1,1,1,0,0.938,1,2,1.0,0.0,0,-1,0.0,6.219,4.03,3.642,6.145,85,139,236,129,236,132,2,0,0,83,86,87,131,165,168,253,255,255,0,243,235,12,101,88,80,114,45,118,46,49,46,54,46,0,161,0,80,69,0,5,0,80,69,0,163,4,80,69,0,161,4,80,69,0,131,120,112,0,117,20,106,16,104,240,8.0,16.0,8.0,0.5,-1,1,20.0,0
0,0,0,0,0,0,0,0,0,4194304,417792,4,0,548992,5216,4096,208,0,1048576,4096,4096,3,1,0.75,1,3,1,1,3,1,0,1,1,1,1,0,0.908,1,2,1.0,0.0,0,-1,0.0,6.152,4.064,3.419,6.173,85,139,236,129,236,132,2,0,0,83,86,87,131,165,168,253,255,255,0,243,235,12,101,88,80,114,45,118,46,49,46,54,46,0,161,0,96,70,0,5,0,96,70,0,163,4,96,70,0,161,4,96,70,0,131,120,112,0,117,20,106,16,104,240,12.0,20.0,8.0,0.4,-1,1,20.0,0
0,0,0,0,0,0,0,0,0,4194304,364544,4,0,497268,5216,4096,208,0,1048576,4096,4096,3,1,0.75,1,3,1,1,3,1,0,1,1,1,1,0,0.931,1,2,1.0,0.0,0,-1,0.0,6.208,4.014,3.592,6.158,85,139,236,129,236,132,2,0,0,83,86,87,131,165,168,253,255,255,0,243,235,12,101,88,80,114,45,118,46,49,46,54,46,0,161,0,144,69,0,5,0,144,69,0,163,4,144,69,0,161,4,144,69,0,131,120,112,0,117,20,106,16,104,240,9.0,17.0,8.0,0.471,-1,1,20.0,0
0,0,0,0,0,0,0,0,0,4194304,204800,4,0,214340,5216,4096,208,0,1048576,4096,4096,3,1,0.75,1,3,1,1,3,1,0,1,1,1,1,0,0.934,1,2,1.0,0.0,0,-1,0.0,4.134,3.971,3.613,6.185,85,139,236,129,236,132,2,0,0,83,86,87,131,165,168,253,255,255,0,243,235,12,101,88,80,114,45,118,46,49,46,54,46,0,161,0,32,67,0,5,0,32,67,0,163,4,32,67,0,161,4,32,67,0,131,120,112,0,117,20,106,16,104,240,8.0,16.0,8.0,0.5,-1,1,14.0,0
0,0,0,0,0,0,0,0,0,4194304,577536,4,0,732960,5216,4096,208,0,1048576,4096,4096,3,1,0.75,1,3,1,1,3,1,0,1,1,1,1,0,0.93,1,2,1.0,0.0,0,-1,0.0,6.204,4.004,2.886,6.17,85,139,236,129,236,132,2,0,0,83,86,87,131,165,168,253,255,255,0,243,235,12,101,88,80,114,45,118,46,49,46,54,46,0,161,0,208,72,0,5,0,208,72,0,163,4,208,72,0,161,4,208,72,0,131,120,112,0,117,20,106,16,104,240,9.0,17.0,8.0,0.471,-1,1,26.0,0
0,0,0,0,0,0,0,0,0,4194304,122880,4,0,146184,5216,4096,208,0,1048576,4096,4096,3,1,0.75,1,3,1,1,3,1,0,1,1,1,1,0,0.905,1,2,1.0,0.0,0,-1,0.0,3.888,3.755,3.863,6.15,85,139,236,129,236,132,2,0,0,83,86,87,131,165,168,253,255,255,0,243,235,12,101,88,80,114,45,118,46,49,46,54,46,0,161,0,224,65,0,5,0,224,65,0,163,4,224,65,0,161,4,224,65,0,131,120,112,0,117,20,106,16,104,240,13.0,21.0,8.0,0.381,-1,1,152.0,0
0,0,0,0,0,0,0,0,0,4194304,761856,4,0,1113232,5216,4096,208,0,1048576,4096,4096,3,1,0.75,1,3,1,1,3,1,0,1,1,1,1,0,0.899,1,2,1.0,0.0,0,-1,0.0,5.919,4.173,3.407,6.174,85,139,236,129,236,132,2,0,0,83,86,87,131,165,168,253,255,255,0,243,235,12,101,88,80,114,45,118,46,49,46,54,46,0,161,0,160,75,0,5,0,160,75,0,163,4,160,75,0,161,4,160,75,0,131,120,112,0,117,20,106,16,104,240,13.0,21.0,8.0,0.381,-1,1,20.0,0
0,0,0,0,0,0,0,0,0,4194304,991232,4,0,1202340,5216,4096,208,0,1048576,4096,4096,3,1,0.75,1,3,1,1,3,1,0,1,1,1,1,0,0.916,1,2,1.0,0.0,0,-1,0.0,5.883,3.698,2.307,6.18,85,139,236,129,236,132,2,0,0,83,86,87,131,165,168,253,255,255,0,243,235,12,101,88,80,114,45,118,46,49,46,54,46,0,161,0,32,79,0,5,0,32,79,0,163,4,32,79,0,161,4,32,79,0,131,120,112,0,117,20,106,16,104,240,11.0,19.0,8.0,0.421,-1,1,182.0,0
0,0,0,0,0,0,0,0,0,4194304,761856,4,0,1286944,5216,4096,208,0,1048576,4096,4096,3,1,0.75,1,3,1,1,3,1,0,1,1,1,1,0,0.913,1,2,1.0,0.0,0,-1,0.0,6.192,3.643,3.689,6.19,85,139,236,129,236,132,2,0,0,83,86,87,131,165,168,253,255,255,0,243,235,12,101,88,80,114,45,118,46,49,46,54,46,0,161,0,160,75,0,5,0,160,75,0,163,4,160,75,0,161,4,160,75,0,131,120,112,0,117,20,106,16,104,240,11.0,19.0,8.0,0.421,-1,1,106.0,0
0,0,0,0,0,0,0,0,0,4194304,290816,4,0,300372,5216,4096,208,0,1048576,4096,4096,3,1,0.75,1,3,1,1,3,1,0,1,1,1,1,0,0.938,1,2,1.0,0.0,0,-1,0.0,4.135,3.982,3.306,6.155,85,139,236,129,236,132,2,0,0,83,86,87,131,165,168,253,255,255,0,243,235,12,101,88,80,114,45,118,46,49,46,54,46,0,161,0,112,68,0,5,0,112,68,0,163,4,112,68,0,161,4,112,68,0,131,120,112,0,117,20,106,16,104,240,8.0,16.0,8.0,0.5,-1,1,14.0,0
0,0,0,0,0,0,0,0,0,4194304,110592,4,0,133892,5216,4096,208,0,1048576,65536,4096,3,1,0.75,1,3,1,1,3,1,0,1,1,1,1,0,0.927,1,2,1.0,0.0,0,-1,0.0,3.897,2.799,2.823,6.168,85,139,236,129,236,132,2,0,0,83,86,87,131,165,168,253,255,255,0,243,235,12,101,88,80,114,45,118,46,49,46,54,46,0,161,0,176,65,0,5,0,176,65,0,163,4,176,65,0,161,4,176,65,0,131,120,112,0,117,20,106,16,104,240,9.0,17.0,10.0,0.588,-1,1,88.0,0
0,0,0,0,0,0,0,0,0,4194304,196608,4,0,206196,5216,4096,208,0,1048576,4096,4096,3,1,0.75,1,3,1,1,3,1,0,1,1,1,1,0,0.938,1,2,1.0,0.0,0,-1,0.0,4.131,3.924,3.455,6.108,85,139,236,129,236,132,2,0,0,83,86,87,131,165,168,253,255,255,0,243,235,12,101,88,80,114,45,118,46,49,46,54,46,0,161,0,0,67,0,5,0,0,67,0,163,4,0,67,0,161,4,0,67,0,131,120,112,0,117,20,106,16,104,240,8.0,16.0,8.0,0.5,-1,1,14.0,0
0,0,0,0,0,0,0,0,0,4194304,397312,4,0,447284,5216,4096,208,0,1048576,4096,4096,3,1,0.75,1,3,1,1,3,1,0,1,1,1,1,0,0.931,1,2,1.0,0.0,0,-1,0.0,4.7,3.956,1.887,6.175,85,139,236,129,236,132,2,0,0,83,86,87,131,165,168,253,255,255,0,243,235,12,101,88,80,114,45,118,46,49,46,54,46,0,161,0,16,70,0,5,0,16,70,0,163,4,16,70,0,161,4,16,70,0,131,120,112,0,117,20,106,16,104,240,9.0,17.0,9.0,0.529,-1,1,60.0,0
0,0,0,0,0,0,0,0,0,4194304,159744,4,0,204528,5216,4096,208,0,1048576,4096,4096,3,1,0.75,1,3,1,1,3,1,0,1,1,1,1,0,0.913,1,2,1.0,0.0,0,-1,0.0,5.09,3.895,3.776,6.152,85,139,236,129,236,132,2,0,0,83,86,87,131,165,168,253,255,255,0,243,235,12,101,88,80,114,45,118,46,49,46,54,46,0,161,0,112,66,0,5,0,112,66,0,163,4,112,66,0,161,4,112,66,0,131,120,112,0,117,20,106,16,104,240,11.0,19.0,8.0,0.421,-1,1,178.0,0
0,0,0,0,0,0,0,0,0,4194304,192512,4,0,202056,5216,4096,208,0,1048576,4096,4096,3,1,0.75,1,3,1,1,3,1,0,1,1,1,1,0,0.938,1,2,1.0,0.0,0,-1,0.0,4.165,3.988,3.555,6.163,85,139,236,129,236,132,2,0,0,83,86,87,131,165,168,253,255,255,0,243,235,12,101,88,80,114,45,118,46,49,46,54,46,0,161,0,240,66,0,5,0,240,66,0,163,4,240,66,0,161,4,240,66,0,131,120,112,0,117,20,106,16,104,240,8.0,16.0,8.0,0.5,-1,1,14.0,0
0,0,0,0,0,0,0,0,0,4194304,311296,4,0,413860,5216,4096,208,0,1048576,4096,4096,3,1,0.75,1,3,1,1,3,1,0,1,1,1,1,0,0.939,1,2,1.0,0.0,0,-1,0.0,6.864,3.961,3.741,6.154,85,139,236,129,236,132,2,0,0,83,86,87,131,165,168,253,255,255,0,243,235,12,101,88,80,114,45,118,46,49,46,54,46,0,161,0,192,68,0,5,0,192,68,0,163,4,192,68,0,161,4,192,68,0,131,120,112,0,117,20,106,16,104,240,8.0,16.0,8.0,0.5,-1,1,74.0,0
0,0,0,0,0,0,0,0,0,4194304,303104,4,0,405676,5216,4096,208,0,1048576,4096,4096,3,1,0.75,1,3,1,1,3,1,0,1,1,1,1,0,0.921,1,2,1.0,0.0,0,-1,0.0,6.863,4.009,3.757,6.167,85,139,236,129,236,132,2,0,0,83,86,87,131,165,168,253,255,255,0,243,235,12,101,88,80,114,45,118,46,49,46,54,46,0,161,0,160,68,0,5,0,160,68,0,163,4,160,68,0,161,4,160,68,0,131,120,112,0,117,20,106,16,104,240,10.0,18.0,8.0,0.444,-1,1,74.0,0
0,0,0,0,0,0,0,0,0,16777216,667648,4,0,1307684,5216,4096,208,0,262144,8192,4096,3,1,0.75,1,3,1,1,3,1,0,1,1,1,1,0,0.956,1,2,1.0,0.0,0,-1,0.0,6.09,4.026,3.604,6.216,85,139,236,129,236,132,2,0,0,83,86,87,131,165,168,253,255,255,0,243,235,12,101,88,80,114,45,118,46,49,46,54,46,0,161,0,48,10,1,5,0,48,10,1,163,4,48,10,1,161,4,48,10,1,131,120,112,0,117,20,106,16,104,240,6.0,14.0,8.0,0.571,-1,1,44.0,0
0,0,0,0,0,0,0,0,0,4194304,188416,4,0,197964,5216,4096,208,0,1048576,4096,4096,3,1,0.75,1,3,1,1,3,1,0,1,1,1,1,0,0.938,1,2,1.0,0.0,0,-1,0.0,4.117,3.977,3.551,6.182,85,139,236,129,236,132,2,0,0,83,86,87,131,165,168,253,255,255,0,243,235,12,101,88,80,114,45,118,46,49,46,54,46,0,161,0,224,66,0,5,0,224,66,0,163,4,224,66,0,161,4,224,66,0,131,120,112,0,117,20,106,16,104,240,8.0,16.0,8.0,0.5,-1,1,14.0,0
0,0,0,0,0,0,0,0,0,4194304,286720,4,0,358648,5216,4096,208,0,1048576,4096,4096,3,1,0.75,1,3,1,1,3,1,0,1,1,1,1,0,0.924,1,2,1.0,0.0,0,-1,0.0,6.255,4.015,3.613,6.145,85,139,236,129,236,132,2,0,0,83,86,87,131,165,168,253,255,255,0,243,235,12,101,88,80,114,45,118,46,49,46,54,46,0,161,0,96,68,0,5,0,96,68,0,163,4,96,68,0,161,4,96,68,0,131,120,112,0,117,20,106,16,104,240,10.0,18.0,8.0,0.444,-1,1,24.0,0
0,0,0,0,0,0,0,0,0,4194304,262144,4,0,272964,5216,4096,208,0,1048576,4096,4096,3,1,0.75,1,3,1,1,3,1,0,1,1,1,1,0,0.938,1,2,1.0,0.0,0,-1,0.0,3.52,3.899,3.111,6.1,85,139,236,129,236,132,2,0,0,83,86,87,131,165,168,253,255,255,0,243,235,12,101,88,80,114,45,118,46,49,46,54,46,0,161,0,0,68,0,5,0,0,68,0,163,4,0,68,0,161,4,0,68,0,131,120,112,0,117,20,106,16,104,240,8.0,16.0,8.0,0.5,-1,1,30.0,0
0,0,0,0,0,0,0,0,0,4194304,221184,4,0,232004,5216,4096,208,0,1048576,4096,4096,3,1,0.75,1,3,1,1,3,1,0,1,1,1,1,0,0.93,1,2,1.0,0.0,0,-1,0.0,3.52,4.002,3.167,6.163,85,139,236,129,236,132,2,0,0,83,86,87,131,165,168,253,255,255,0,243,235,12,101,88,80,114,45,118,46,49,46,54,46,0,161,0,96,67,0,5,0,96,67,0,163,4,96,67,0,161,4,96,67,0,131,120,112,0,117,20,106,16,104,240,9.0,17.0,9.0,0.529,-1,1,30.0,0
0,0,0,0,0,0,0,0,0,4194304,708608,4,0,1179392,5216,4096,208,0,1048576,4096,4096,3,1,0.75,1,3,1,1,3,1,0,1,1,1,1,0,0.938,1,2,1.0,0.0,0,-1,0.0,6.263,3.882,3.692,6.187,85,139,236,129,236,132,2,0,0,83,86,87,131,165,168,253,255,255,0,243,235,12,101,88,80,114,45,118,46,49,46,54,46,0,161,0,208,74,0,5,0,208,74,0,163,4,208,74,0,161,4,208,74,0,131,120,112,0,117,20,106,16,104,240,8.0,16.0,8.0,0.5,-1,1,30.0,0
0,0,0,0,0,0,0,0,0,4194304,503808,4,0,733992,5216,4096,208,0,1048576,4096,4096,3,1,0.75,1,3,1,1,3,1,0,1,1,1,1,0,0.916,1,2,1.0,0.0,0,-1,0.0,6.1,4.062,3.589,6.177,85,139,236,129,236,132,2,0,0,83,86,87,131,165,168,253,255,255,0,243,235,12,101,88,80,114,45,118,46,49,46,54,46,0,161,0,176,71,0,5,0,176,71,0,163,4,176,71,0,161,4,176,71,0,131,120,112,0,117,20,106,16,104,240,11.0,19.0,8.0,0.421,-1,1,20.0,0
0,0,0,0,0,0,0,0,0,4194304,184320,4,0,190456,5216,4096,208,0,1048576,4096,4096,2,1,0.667,1,3,1,1,3,1,0,1,1,1,1,0,0.944,1,2,1.0,0.0,0,-1,0.0,-1,3.931,2.466,6.209,85,139,236,129,236,132,2,0,0,83,86,87,131,165,168,253,255,255,0,243,235,12,101,88,80,114,45,118,46,49,46,54,46,0,161,0,208,66,0,5,0,208,66,0,163,4,208,66,0,161,4,208,66,0,131,120,112,0,117,20,106,16,104,240,7.0,15.0,9.0,0.6,-1,1,-1,0
0,0,0,0,0,0,0,0,0,4194304,241664,4,0,271864,5216,4096,208,0,1048576,4096,4096,3,1,0.75,1,3,1,1,3,1,0,1,1,1,1,0,0.901,1,2,1.0,0.0,0,-1,0.0,4.848,3.814,3.016,6.163,85,139,236,129,236,132,2,0,0,83,86,87,131,165,168,253,255,255,0,243,235,12,101,88,80,114,45,118,46,49,46,54,46,0,161,0,176,67,0,5,0,176,67,0,163,4,176,67,0,161,4,176,67,0,131,120,112,0,117,20,106,16,104,240,13.0,21.0,9.0,0.429,-1,1,148.0,0
0,0,0,0,0,0,0,0,0,4194304,294912,4,0,304488,5216,4096,208,0,1048576,4096,4096,3,1,0.75,1,3,1,1,3,1,0,1,1,1,1,0,0.938,1,2,1.0,0.0,0,-1,0.0,4.143,3.961,3.31,6.179,85,139,236,129,236,132,2,0,0,83,86,87,131,165,168,253,255,255,0,243,235,12,101,88,80,114,45,118,46,49,46,54,46,0,161,0,128,68,0,5,0,128,68,0,163,4,128,68,0,161,4,128,68,0,131,120,112,0,117,20,106,16,104,240,8.0,16.0,8.0,0.5,-1,1,14.0,0
0,0,0,0,0,0,0,0,0,4194304,135168,4,0,164724,5216,4096,208,0,1048576,4096,4096,3,1,0.75,1,3,1,1,3,1,0,1,1,1,1,0,0.915,1,2,1.0,0.0,0,-1,0.0,4.737,3.9,3.787,6.171,85,139,236,129,236,132,2,0,0,83,86,87,131,165,168,253,255,255,0,243,235,12,101,88,80,114,45,118,46,49,46,54,46,0,161,0,16,66,0,5,0,16,66,0,163,4,16,66,0,161,4,16,66,0,131,120,112,0,117,20,106,16,104,240,11.0,19.0,9.0,0.474,-1,1,144.0,0
0,0,0,0,0,0,0,0,0,4194304,2551808,4,0,2940824,5216,4096,208,0,1048576,4096,4096,3,1,0.75,1,3,1,1,3,1,0,1,1,1,1,0,0.882,1,2,1.0,0.0,0,-1,0.0,5.813,4.33,2.824,6.158,85,139,236,129,236,132,2,0,0,83,86,87,131,165,168,253,255,255,0,243,235,12,101,88,80,114,45,118,46,49,46,54,46,0,161,0,240,102,0,5,0,240,102,0,163,4,240,102,0,161,4,240,102,0,131,120,112,0,117,20,106,16,104,240,16.0,24.0,9.0,0.375,-1,1,400.0,0
0,0,0,0,0,0,0,0,0,4194304,208896,4,0,218468,5216,4096,208,0,1048576,4096,4096,3,1,0.75,1,3,1,1,3,1,0,1,1,1,1,0,0.936,1,2,1.0,0.0,0,-1,0.0,4.134,4.011,3.446,6.161,85,139,236,129,236,132,2,0,0,83,86,87,131,165,168,253,255,255,0,243,235,12,101,88,80,114,45,118,46,49,46,54,46,0,161,0,48,67,0,5,0,48,67,0,163,4,48,67,0,161,4,48,67,0,131,120,112,0,117,20,106,16,104,240,8.0,16.0,8.0,0.5,-1,1,14.0,0
0,0,0,0,0,0,0,0,0,4194304,667648,4,0,696572,5216,4096,208,0,1048576,4096,4096,3,1,0.75,1,3,1,1,3,1,0,1,1,1,1,0,0.895,1,2,1.0,0.0,0,-1,0.0,3.977,4.18,2.405,6.153,85,139,236,129,236,132,2,0,0,83,86,87,131,165,168,253,255,255,0,243,235,12,101,88,80,114,45,118,46,49,46,54,46,0,161,0,48,74,0,5,0,48,74,0,163,4,48,74,0,161,4,48,74,0,131,120,112,0,117,20,106,16,104,240,15.0,23.0,9.0,0.391,-1,1,152.0,0
0,0,0,0,0,0,0,0,0,4194304,86016,4,0,98876,5216,4096,208,0,1048576,4096,4096,3,1,0.75,1,3,1,1,3,1,0,1,1,1,1,0,0.919,1,2,1.0,0.0,0,-1,0.0,5.653,4.049,2.21,6.144,85,139,236,129,236,132,2,0,0,83,86,87,131,165,168,253,255,255,0,243,235,12,101,88,80,114,45,118,46,49,46,54,46,0,161,0,80,65,0,5,0,80,65,0,163,4,80,65,0,161,4,80,65,0,131,120,112,0,117,20,106,16,104,240,10.0,18.0,8.0,0.444,-1,1,32.0,0
0,0,0,0,0,0,0,0,0,4194304,536576,4,0,801876,5216,4096,208,0,1048576,4096,4096,3,1,0.75,1,3,1,1,3,1,0,1,1,1,1,0,0.937,1,2,1.0,0.0,0,-1,0.0,6.072,4.012,3.423,6.178,85,139,236,129,236,132,2,0,0,83,86,87,131,165,168,253,255,255,0,243,235,12,101,88,80,114,45,118,46,49,46,54,46,0,161,0,48,72,0,5,0,48,72,0,163,4,48,72,0,161,4,48,72,0,131,120,112,0,117,20,106,16,104,240,8.0,16.0,8.0,0.5,-1,1,24.0,0
0,0,0,0,0,0,0,0,0,4194304,114688,4,0,123872,5216,4096,208,0,262144,8192,4096,3,1,0.75,1,3,1,1,3,1,0,1,1,1,1,0,0.971,1,2,1.0,0.0,0,-1,0.0,3.376,3.81,4.007,6.16,85,139,236,129,236,132,2,0,0,83,86,87,131,165,168,253,255,255,0,243,235,12,101,88,80,114,45,118,46,49,46,54,46,0,161,0,192,65,0,5,0,192,65,0,163,4,192,65,0,161,4,192,65,0,131,120,112,0,117,20,106,16,104,240,4.0,12.0,8.0,0.667,-1,1,8.0,0
0,0,0,0,0,0,0,0,0,4194304,167936,4,0,203668,5216,4096,208,0,1048576,4096,4096,3,1,0.75,1,3,1,1,3,1,0,1,1,1,1,0,0.912,1,2,1.0,0.0,0,-1,0.0,4.81,3.916,3.698,6.195,85,139,236,129,236,132,2,0,0,83,86,87,131,165,168,253,255,255,0,243,235,12,101,88,80,114,45,118,46,49,46,54,46,0,161,0,144,66,0,5,0,144,66,0,163,4,144,66,0,161,4,144,66,0,131,120,112,0,117,20,106,16,104,240,11.0,19.0,8.0,0.421,-1,1,184.0,0
0,0,0,0,0,0,0,0,0,16777216,90112,4,0,100288,5216,4096,208,0,262144,8192,4096,3,1,0.75,1,3,1,1,3,1,0,1,1,1,1,0,0.941,1,2,1.0,0.0,0,-1,0.0,4.417,3.609,2.492,6.156,85,139,236,129,236,132,2,0,0,83,86,87,131,165,168,253,255,255,0,243,235,12,101,88,80,114,45,118,46,49,46,54,46,0,161,0,96,1,1,5,0,96,1,1,163,4,96,1,1,161,4,96,1,1,131,120,112,0,117,20,106,16,104,240,8.0,16.0,8.0,0.5,-1,1,20.0,0
0,0,0,0,0,0,0,0,0,4194304,135168,4,0,171032,5216,4096,208,0,1048576,4096,4096,3,1,0.75,1,3,1,1,3,1,0,1,1,1,1,0,0.914,1,2,1.0,0.0,0,-1,0.0,4.921,3.941,3.714,6.175,85,139,236,129,236,132,2,0,0,83,86,87,131,165,168,253,255,255,0,243,235,12,101,88,80,114,45,118,46,49,46,54,46,0,161,0,16,66,0,5,0,16,66,0,163,4,16,66,0,161,4,16,66,0,131,120,112,0,117,20,106,16,104,240,11.0,19.0,9.0,0.474,-1,1,156.0,0
0,0,0,0,0,0,0,0,0,4194304,204800,4,0,214352,5216,4096,208,0,1048576,4096,4096,3,1,0.75,1,3,1,1,3,1,0,1,1,1,1,0,0.932,1,2,1.0,0.0,0,-1,0.0,4.135,3.993,3.583,6.174,85,139,236,129,236,132,2,0,0,83,86,87,131,165,168,253,255,255,0,243,235,12,101,88,80,114,45,118,46,49,46,54,46,0,161,0,32,67,0,5,0,32,67,0,163,4,32,67,0,161,4,32,67,0,131,120,112,0,117,20,106,16,104,240,9.0,17.0,8.0,0.471,-1,1,14.0,0
0,0,0,0,0,0,0,0,0,4194304,163840,4,0,197008,5216,4096,208,0,1048576,4096,4096,3,1,0.75,1,3,1,1,3,1,0,1,1,1,1,0,0.908,1,2,1.0,0.0,0,-1,0.0,3.926,3.73,3.56,6.177,85,139,236,129,236,132,2,0,0,83,86,87,131,165,168,253,255,255,0,243,235,12,101,88,80,114,45,118,46,49,46,54,46,0,161,0,128,66,0,5,0,128,66,0,163,4,128,66,0,161,4,128,66,0,131,120,112,0,117,20,106,16,104,240,12.0,20.0,8.0,0.4,-1,1,180.0,0
0,0,0,0,0,0,0,0,0,4194304,671744,4,0,733044,5216,4096,208,0,524288,131072,4096,3,1,0.75,1,3,1,1,3,1,0,1,1,1,1,0,0.902,1,2,1.0,0.0,0,-1,0.0,4.97,4.178,3.11,6.178,85,139,236,129,236,132,2,0,0,83,86,87,131,165,168,253,255,255,0,243,235,12,101,88,80,114,45,118,46,49,46,54,46,0,161,0,64,74,0,5,0,64,74,0,163,4,64,74,0,161,4,64,74,0,131,120,112,0,117,20,106,16,104,240,13.0,21.0,8.0,0.381,-1,1,404.0,0
0,0,0,0,0,0,0,0,0,4194304,2158592,4,0,2208184,5216,4096,208,0,1048576,4096,4096,3,1,0.75,1,3,1,1,3,1,0,1,1,1,1,0,0.895,1,2,1.0,0.0,0,-1,0.0,4.217,4.102,2.666,6.168,85,139,236,129,236,132,2,0,0,83,86,87,131,165,168,253,255,255,0,243,235,12,101,88,80,114,45,118,46,49,46,54,46,0,161,0,240,96,0,5,0,240,96,0,163,4,240,96,0,161,4,240,96,0,131,120,112,0,117,20,106,16,104,240,14.0,22.0,9.0,0.409,-1,1,106.0,0
0,0,0,0,0,0,0,0,0,4194304,667648,4,0,885328,5216,4096,208,0,1048576,4096,4096,3,1,0.75,1,3,1,1,3,1,0,1,1,1,1,0,0.919,1,2,1.0,0.0,0,-1,0.0,5.962,3.71,3.161,6.178,85,139,236,129,236,132,2,0,0,83,86,87,131,165,168,253,255,255,0,243,235,12,101,88,80,114,45,118,46,49,46,54,46,0,161,0,48,74,0,5,0,48,74,0,163,4,48,74,0,161,4,48,74,0,131,120,112,0,117,20,106,16,104,240,11.0,19.0,8.0,0.421,-1,1,214.0,0
0,0,0,0,0,0,0,0,0,4194304,102400,4,0,124404,5216,4096,208,0,1048576,4096,4096,3,1,0.75,1,3,1,1,3,1,0,1,1,1,1,0,0.937,1,2,1.0,0.0,0,-1,0.0,3.166,3.951,2.785,6.187,85,139,236,129,236,132,2,0,0,83,86,87,131,165,168,253,255,255,0,243,235,12,101,88,80,114,45,118,46,49,46,54,46,0,161,0,144,65,0,5,0,144,65,0,163,4,144,65,0,161,4,144,65,0,131,120,112,0,117,20,106,16,104,240,8.0,16.0,8.0,0.5,-1,1,60.0,0
0,0,0,0,0,0,0,0,0,4194304,176128,4,0,182272,5216,4096,208,0,1048576,4096,4096,2,1,0.667,1,3,1,1,3,1,0,1,1,1,1,0,0.944,1,2,1.0,0.0,0,-1,0.0,-1,3.948,2.455,6.208,85,139,236,129,236,132,2,0,0,83,86,87,131,165,168,253,255,255,0,243,235,12,101,88,80,114,45,118,46,49,46,54,46,0,161,0,176,66,0,5,0,176,66,0,163,4,176,66,0,161,4,176,66,0,131,120,112,0,117,20,106,16,104,240,7.0,15.0,8.0,0.533,-1,1,-1,0
0,0,0,0,0,0,0,0,0,4194304,966656,4,0,1453624,5216,4096,208,0,1048576,4096,4096,3,1,0.75,1,3,1,1,3,1,0,1,1,1,1,0,0.938,1,2,1.0,0.0,0,-1,0.0,3.455,4.006,1.906,6.174,85,139,236,129,236,132,2,0,0,83,86,87,131,165,168,253,255,255,0,243,235,12,101,88,80,114,45,118,46,49,46,54,46,0,161,0,192,78,0,5,0,192,78,0,163,4,192,78,0,161,4,192,78,0,131,120,112,0,117,20,106,16,104,240,8.0,16.0,8.0,0.5,-1,1,24.0,0
0,0,0,0,0,0,0,0,0,4194304,544768,4,0,554228,5216,4096,208,0,1048576,4096,4096,3,1,0.75,1,3,1,1,3,1,0,1,1,1,1,0,0.937,1,2,1.0,0.0,0,-1,0.0,4.171,4.018,2.199,6.163,85,139,236,129,236,132,2,0,0,83,86,87,131,165,168,253,255,255,0,243,235,12,101,88,80,114,45,118,46,49,46,54,46,0,161,0,80,72,0,5,0,80,72,0,163,4,80,72,0,161,4,80,72,0,131,120,112,0,117,20,106,16,104,240,8.0,16.0,8.0,0.5,-1,1,14.0,0
0,0,0,0,0,0,0,0,0,4194304,2457600,4,0,3752704,5216,4096,208,0,4194304,4096,4096,3,1,0.75,1,3,1,1,3,1,0,1,1,1,1,0,0.859,1,2,1.0,0.0,0,-1,0.0,6.515,4.252,3.572,6.121,85,139,236,129,236,132,2,0,0,83,86,87,131,165,168,253,255,255,0,243,235,12,101,88,80,114,45,118,46,49,46,54,46,0,161,0,128,101,0,5,0,128,101,0,163,4,128,101,0,161,4,128,101,0,131,120,112,0,117,20,106,16,104,240,20.0,28.0,8.0,0.286,-1,1,1230.0,0
0,0,0,0,0,0,0,0,0,1255145472,385024,4,0,427084,5216,4096,208,0,1048576,1036288,4096,3,1,0.75,1,3,1,1,3,1,0,1,1,1,1,0,0.952,1,2,1.0,0.0,0,-1,0.0,4.042,3.725,2.412,6.262,85,139,236,129,236,132,2,0,0,83,86,87,131,165,168,253,255,255,0,243,235,12,101,88,80,114,45,118,46,49,46,54,46,0,161,0,224,213,74,5,0,224,213,74,163,4,224,213,74,161,4,224,213,74,131,120,112,0,117,20,106,16,104,240,6.0,14.0,8.0,0.571,-1,1,68.0,0
0,0,0,0,0,0,0,0,0,4194304,188416,4,0,197920,5216,4096,208,0,1048576,4096,4096,3,1,0.75,1,3,1,1,3,1,0,1,1,1,1,0,0.937,1,2,1.0,0.0,0,-1,0.0,4.119,3.93,3.547,6.181,85,139,236,129,236,132,2,0,0,83,86,87,131,165,168,253,255,255,0,243,235,12,101,88,80,114,45,118,46,49,46,54,46,0,161,0,224,66,0,5,0,224,66,0,163,4,224,66,0,161,4,224,66,0,131,120,112,0,117,20,106,16,104,240,8.0,16.0,8.0,0.5,-1,1,14.0,0
0,0,0,0,0,0,0,0,0,16777216,917504,4,0,1328908,5216,4096,208,0,262144,8192,4096,3,1,0.75,1,3,1,1,3,1,0,1,1,1,1,0,0.874,1,2,1.0,0.0,0,-1,0.0,7.381,3.426,3.84,6.116,85,139,236,129,236,132,2,0,0,83,86,87,131,165,168,253,255,255,0,243,235,12,101,88,80,114,45,118,46,49,46,54,46,0,161,0,0,14,1,5,0,0,14,1,163,4,0,14,1,161,4,0,14,1,131,120,112,0,117,20,106,16,104,240,18.0,26.0,8.0,0.308,-1,1,382.0,0
0,0,0,0,0,0,0,0,0,4194304,188416,4,0,199308,5216,4096,208,0,1048576,4096,4096,3,1,0.75,1,3,1,1,3,1,0,1,1,1,1,0,0.94,1,2,1.0,0.0,0,-1,0.0,3.266,3.71,2.445,6.187,85,139,236,129,236,132,2,0,0,83,86,87,131,165,168,253,255,255,0,243,235,12,101,88,80,114,45,118,46,49,46,54,46,0,161,0,224,66,0,5,0,224,66,0,163,4,224,66,0,161,4,224,66,0,131,120,112,0,117,20,106,16,104,240,8.0,16.0,8.0,0.5,-1,1,26.0,0
0,0,0,0,0,0,0,0,0,4194304,155648,4,0,185516,5216,4096,208,0,1048576,4096,4096,3,1,0.75,1,3,1,1,3,1,0,1,1,1,1,0,0.91,1,2,1.0,0.0,0,-1,0.0,4.182,3.93,3.342,6.156,85,139,236,129,236,132,2,0,0,83,86,87,131,165,168,253,255,255,0,243,235,12,101,88,80,114,45,118,46,49,46,54,46,0,161,0,96,66,0,5,0,96,66,0,163,4,96,66,0,161,4,96,66,0,131,120,112,0,117,20,106,16,104,240,12.0,20.0,8.0,0.4,-1,1,174.0,0
0,0,0,0,0,0,0,0,0,4194304,4018176,4,0,4076224,5216,4096,208,0,1048576,4096,4096,3,1,0.75,1,3,1,1,3,1,0,1,1,1,1,0,0.836,1,2,1.0,0.0,0,-1,0.0,4.872,4.213,2.764,6.099,85,139,236,129,236,132,2,0,0,83,86,87,131,165,168,253,255,255,0,243,235,12,101,88,80,114,45,118,46,49,46,54,46,0,161,0,80,125,0,5,0,80,125,0,163,4,80,125,0,161,4,80,125,0,131,120,112,0,117,20,106,16,104,240,25.0,33.0,8.0,0.242,-1,1,182.0,0
0,0,0,0,0,0,0,0,0,4194304,806912,4,0,922368,5216,4096,208,0,1048576,4096,4096,3,1,0.75,1,3,1,1,3,1,0,1,1,1,1,0,0.874,1,2,1.0,0.0,0,-1,0.0,4.578,4.308,2.663,6.118,85,139,236,129,236,132,2,0,0,83,86,87,131,165,168,253,255,255,0,243,235,12,101,88,80,114,45,118,46,49,46,54,46,0,161,0,80,76,0,5,0,80,76,0,163,4,80,76,0,161,4,80,76,0,131,120,112,0,117,20,106,16,104,240,17.0,25.0,8.0,0.32,-1,1,636.0,0
0,0,0,0,0,0,0,0,0,4194304,921600,4,0,1037056,5216,4096,208,0,1048576,4096,4096,3,1,0.75,1,3,1,1,3,1,0,1,1,1,1,0,0.872,1,2,1.0,0.0,0,-1,0.0,4.578,4.438,2.705,6.165,85,139,236,129,236,132,2,0,0,83,86,87,131,165,168,253,255,255,0,243,235,12,101,88,80,114,45,118,46,49,46,54,46,0,161,0,16,78,0,5,0,16,78,0,163,4,16,78,0,161,4,16,78,0,131,120,112,0,117,20,106,16,104,240,17.0,25.0,8.0,0.32,-1,1,636.0,0
0,0,0,0,0,0,0,0,0,4194304,188416,4,0,199432,5216,4096,208,0,1048576,4096,4096,3,1,0.75,1,3,1,1,3,1,0,1,1,1,1,0,0.936,1,2,1.0,0.0,0,-1,0.0,4.164,3.841,3.545,6.189,85,139,236,129,236,132,2,0,0,83,86,87,131,165,168,253,255,255,0,243,235,12,101,88,80,114,45,118,46,49,46,54,46,0,161,0,224,66,0,5,0,224,66,0,163,4,224,66,0,161,4,224,66,0,131,120,112,0,117,20,106,16,104,240,8.0,16.0,8.0,0.5,-1,1,24.0,0
0,0,0,0,0,0,0,0,0,4194304,131072,4,0,140528,5216,4096,208,0,1048576,4096,4096,3,1,0.75,1,3,1,1,3,1,0,1,1,1,1,0,0.946,1,2,1.0,0.0,0,-1,0.0,4.136,3.831,3.303,6.119,85,139,236,129,236,132,2,0,0,83,86,87,131,165,168,253,255,255,0,243,235,12,101,88,80,114,45,118,46,49,46,54,46,0,161,0,0,66,0,5,0,0,66,0,163,4,0,66,0,161,4,0,66,0,131,120,112,0,117,20,106,16,104,240,7.0,15.0,8.0,0.533,-1,1,14.0,0
0,0,0,0,0,0,0,0,0,4194304,270336,4,0,279996,5216,4096,208,0,1048576,8192,4096,3,1,0.75,1,3,1,1,3,1,0,1,1,1,1,0,0.941,1,2,1.0,0.0,0,-1,0.0,4.233,4.035,3.527,6.159,85,139,236,129,236,132,2,0,0,83,86,87,131,165,168,253,255,255,0,243,235,12,101,88,80,114,45,118,46,49,46,54,46,0,161,0,32,68,0,5,0,32,68,0,163,4,32,68,0,161,4,32,68,0,131,120,112,0,117,20,106,16,104,240,8.0,16.0,8.0,0.5,-1,1,14.0,0
0,0,0,0,0,0,0,0,0,4194304,184320,4,0,190772,5216,4096,208,0,1048576,4096,4096,2,1,0.667,1,3,1,1,3,1,0,1,1,1,1,0,0.923,1,2,1.0,0.0,0,-1,0.0,-1,3.957,2.454,6.177,85,139,236,129,236,132,2,0,0,83,86,87,131,165,168,253,255,255,0,243,235,12,101,88,80,114,45,118,46,49,46,54,46,0,161,0,208,66,0,5,0,208,66,0,163,4,208,66,0,161,4,208,66,0,131,120,112,0,117,20,106,16,104,240,11.0,19.0,8.0,0.421,-1,1,-1,0
0,0,0,0,0,0,0,0,0,4194304,348160,4,0,357404,5216,4096,208,0,262144,8192,4096,3,1,0.75,1,3,1,1,3,1,0,1,1,1,1,0,0.953,1,2,1.0,0.0,0,-1,0.0,3.449,3.785,4.021,6.136,85,139,236,129,236,132,2,0,0,83,86,87,131,165,168,253,255,255,0,243,235,12,101,88,80,114,45,118,46,49,46,54,46,0,161,0,80,69,0,5,0,80,69,0,163,4,80,69,0,161,4,80,69,0,131,120,112,0,117,20,106,16,104,240,6.0,14.0,8.0,0.571,-1,1,8.0,0
0,0,0,0,0,0,0,0,0,4194304,634880,4,0,684832,5216,4096,208,0,1048576,4096,4096,3,1,0.75,1,3,1,1,3,1,0,1,1,1,1,0,0.883,1,2,1.0,0.0,0,-1,0.0,3.984,3.867,2.814,6.167,85,139,236,129,236,132,2,0,0,83,86,87,131,165,168,253,255,255,0,243,235,12,101,88,80,114,45,118,46,49,46,54,46,0,161,0,176,73,0,5,0,176,73,0,163,4,176,73,0,161,4,176,73,0,131,120,112,0,117,20,106,16,104,240,16.0,24.0,8.0,0.333,-1,1,316.0,0
0,0,0,0,0,0,0,0,0,4194304,208896,4,0,228936,5216,4096,208,0,1048576,4096,4096,3,1,0.75,1,3,1,1,3,1,0,1,1,1,1,0,0.897,1,2,1.0,0.0,0,-1,0.0,4.028,3.988,2.512,6.142,85,139,236,129,236,132,2,0,0,83,86,87,131,165,168,253,255,255,0,243,235,12,101,88,80,114,45,118,46,49,46,54,46,0,161,0,48,67,0,5,0,48,67,0,163,4,48,67,0,161,4,48,67,0,131,120,112,0,117,20,106,16,104,240,14.0,22.0,9.0,0.409,-1,1,140.0,0
0,0,0,0,0,0,0,0,0,4194304,872448,4,0,1313856,5216,4096,208,0,1048576,4096,4096,3,1,0.75,1,3,1,1,3,1,0,1,1,1,1,0,0.922,1,2,1.0,0.0,0,-1,0.0,4.706,3.695,2.634,6.133,85,139,236,129,236,132,2,0,0,83,86,87,131,165,168,253,255,255,0,243,235,12,101,88,80,114,45,118,46,49,46,54,46,0,161,0,80,77,0,5,0,80,77,0,163,4,80,77,0,161,4,80,77,0,131,120,112,0,117,20,106,16,104,240,10.0,18.0,8.0,0.444,-1,1,24.0,0
0,0,0,0,0,0,0,0,31363,4194304,4096,4,0,45056,11264,1024,15872,2048,2097152,4096,4096,6,3,0.667,1,8,0,1,8,0,1,1,0,1,1,0,0.824,7,9,0.824,0.0,0,0.0,0.0,-1,2.108,4.473,6.835,59,192,116,2,129,131,85,59,192,116,2,129,131,83,59,201,116,1,188,86,59,210,116,2,129,133,87,232,0,0,0,0,59,219,116,1,190,93,139,213,129,237,236,58,64,0,59,228,116,2,129,135,43,149,253,59,64,0,129,234,44,0,0,0,5.0,9.0,2.0,0.222,2.0,1,-1,0
0,0,0,0,0,0,0,0,78256,4194304,4096,4,0,49152,19456,1024,24576,2560,2097152,4096,4096,6,1,0.857,1,5,0,1,5,0,1,1,0,1,1,0,0.877,5,7,0.877,0.0,0,0.0,0.0,2.509,2.099,2.197,7.007,59,192,116,2,129,131,85,59,192,116,2,129,131,83,59,201,116,1,188,86,59,210,116,2,129,133,87,232,0,0,0,0,59,219,116,1,190,93,139,213,129,237,236,58,64,0,59,228,116,2,129,135,43,149,253,59,64,0,129,234,44,0,0,0,4.0,7.0,2.0,0.286,2.0,1,-1,0
0,0,0,0,0,0,0,0,103263,4194304,4096,4,0,73728,25088,1024,41984,3072,2097152,4096,4096,7,3,0.7,1,8,0,1,8,0,1,1,0,1,1,0,0.909,7,10,0.998,0.0,0,0.0,0.0,4.982,2.291,3.623,6.979,59,192,116,2,129,131,85,59,192,116,2,129,131,83,59,201,116,1,188,86,59,210,116,2,129,133,87,232,0,0,0,0,59,219,116,1,190,93,139,213,129,237,236,58,64,0,59,228,116,2,129,135,43,149,253,59,64,0,129,234,44,0,0,0,12.0,23.0,2.0,0.087,2.0,1,30.0,0
0,0,0,0,0,0,0,0,93724,4194304,4096,4,0,61440,17408,1024,29696,3072,2097152,4096,4096,7,3,0.7,1,8,0,1,8,0,1,1,0,1,1,0,0.873,7,10,0.998,0.0,0,0.0,0.0,4.984,2.212,3.366,6.965,59,192,116,2,129,131,85,59,192,116,2,129,131,83,59,201,116,1,188,86,59,210,116,2,129,133,87,232,0,0,0,0,59,219,116,1,190,93,139,213,129,237,236,58,64,0,59,228,116,2,129,135,43,149,253,59,64,0,129,234,44,0,0,0,8.0,15.0,2.0,0.133,2.0,1,30.0,0
0,0,0,0,0,0,0,0,68053,4194304,4096,4,0,106496,63488,1024,76288,10752,2097152,4096,4096,5,1,0.833,1,5,0,1,5,0,1,1,0,1,1,0,0.751,5,6,0.751,0.0,0,0.0,0.0,-1,2.091,3.021,7.877,59,192,116,2,129,131,85,59,192,116,2,129,131,83,59,201,116,1,188,86,59,210,116,2,129,133,87,232,0,0,0,0,59,219,116,1,190,93,139,213,129,237,236,58,64,0,59,228,116,2,129,135,43,149,253,59,64,0,129,234,44,0,0,0,3.0,5.0,2.0,0.4,2.0,1,-1,0
0,0,0,0,0,0,0,0,80335,4194304,4096,4,0,61440,16896,1024,29696,3072,2097152,4096,4096,7,3,0.7,1,8,0,1,8,0,1,1,0,1,1,0,0.866,6,9,1.0,0.0,0,0.0,0.0,4.978,2.281,3.666,7.033,59,192,116,2,129,131,85,59,192,116,2,129,131,83,59,201,116,1,188,86,59,210,116,2,129,133,87,232,0,0,0,0,59,219,116,1,190,93,139,213,129,237,236,58,64,0,59,228,116,2,129,135,43,149,253,59,64,0,129,234,44,0,0,0,6.0,11.0,2.0,0.182,2.0,1,30.0,0
0,0,0,0,1,0,0,0,0,4194304,4096,4,0,45056,26112,512,17920,1536,1048576,4096,4096,3,1,0.75,1,2,0,1,2,0,1,1,0,1,1,0,0.894,2,4,0.894,0.0,0,0.0,0.0,2.653,2.056,2.961,7.08,59,192,116,2,129,131,85,59,192,116,2,129,131,83,59,201,116,1,188,86,59,210,116,2,129,133,87,232,0,0,0,0,59,219,116,1,190,93,139,213,129,237,236,58,64,0,59,228,116,2,129,135,43,149,253,59,64,0,129,234,44,0,0,0,6.0,11.0,2.0,0.182,2.0,1,20.0,0
0,0,0,0,0,0,0,0,62561,4194304,4096,4,0,81920,30720,1024,46080,3072,2097152,4096,4096,7,3,0.7,1,8,0,1,8,0,1,1,0,1,1,0,0.92,7,10,0.998,0.0,0,0.0,0.0,4.984,2.221,3.483,7.11,59,192,116,2,129,131,85,59,192,116,2,129,131,83,59,201,116,1,188,86,59,210,116,2,129,133,87,232,0,0,0,0,59,219,116,1,190,93,139,213,129,237,236,58,64,0,59,228,116,2,129,135,43,149,253,59,64,0,129,234,44,0,0,0,7.0,13.0,2.0,0.154,2.0,1,30.0,0
0,0,0,0,1,0,0,0,91600,4194304,8192,4,0,57344,25600,512,17408,1536,1048576,4096,8192,3,1,0.75,1,2,0,1,2,0,1,1,0,1,1,0,0.865,2,4,0.996,0.0,0,0.0,-1,3.429,2.327,3.032,6.963,59,192,116,2,129,131,85,59,192,116,2,129,131,83,59,201,116,1,188,86,59,210,116,2,129,133,87,232,0,0,0,0,59,219,116,1,190,93,139,213,129,237,236,58,64,0,59,228,116,2,129,135,43,149,253,59,64,0,129,234,44,0,0,0,2.0,3.0,2.0,0.667,2.0,1,8.0,0
0,0,0,0,0,0,0,0,0,4194304,4096,4,0,81920,55808,512,25088,10240,33554432,4096,4096,4,1,0.8,1,4,0,1,4,0,1,1,0,1,1,0,0.708,4,5,0.708,0.0,0,0.0,0.0,-1,1.999,3.013,7.842,59,192,116,2,129,131,85,59,192,116,2,129,131,83,59,201,116,1,188,86,59,210,116,2,129,133,87,232,0,0,0,0,59,219,116,1,190,93,139,213,129,237,236,58,64,0,59,228,116,2,129,135,43,149,253,59,64,0,129,234,44,0,0,0,3.0,5.0,2.0,0.4,2.0,1,-1,0
0,0,0,0,0,0,0,0,36632,4194304,4096,4,0,69632,35328,512,44032,1536,1048576,4096,4096,4,1,0.8,1,3,0,1,3,0,1,1,0,1,1,0,0.936,3,5,0.936,0.0,0,0.0,0.0,6.129,2.093,3.898,7.184,59,192,116,2,129,131,85,59,192,116,2,129,131,83,59,201,116,1,188,86,59,210,116,2,129,133,87,232,0,0,0,0,59,219,116,1,190,93,139,213,129,237,236,58,64,0,59,228,116,2,129,135,43,149,253,59,64,0,129,234,44,0,0,0,5.0,9.0,2.0,0.222,2.0,1,40.0,0
0,0,0,0,0,0,0,0,82591,4194304,4096,4,0,73728,21504,1024,35840,3072,2097152,4096,4096,7,3,0.7,1,8,0,1,8,0,1,1,0,1,1,0,0.886,6,9,1.0,0.0,0,0.0,0.0,4.981,2.282,3.732,7.037,59,192,116,2,129,131,85,59,192,116,2,129,131,83,59,201,116,1,188,86,59,210,116,2,129,133,87,232,0,0,0,0,59,219,116,1,190,93,139,213,129,237,236,58,64,0,59,228,116,2,129,135,43,149,253,59,64,0,129,234,44,0,0,0,10.0,19.0,2.0,0.105,2.0,1,30.0,0
0,0,0,0,0,0,0,0,35443,4194304,4096,4,0,69632,20480,1024,32768,3072,2097152,4096,4096,7,3,0.7,1,8,0,1,8,0,1,1,0,1,1,0,0.888,7,10,0.998,0.0,0,0.0,0.0,4.977,2.251,3.365,7.03,59,192,116,2,129,131,85,59,192,116,2,129,131,83,59,201,116,1,188,86,59,210,116,2,129,133,87,232,0,0,0,0,59,219,116,1,190,93,139,213,129,237,236,58,64,0,59,228,116,2,129,135,43,149,253,59,64,0,129,234,44,0,0,0,5.0,9.0,2.0,0.222,2.0,1,30.0,0
0,0,0,0,0,0,0,0,51104,4194304,4096,4,0,69632,22016,1024,35840,3072,2097152,4096,4096,7,3,0.7,1,8,0,1,8,0,1,1,0,1,1,0,0.884,6,9,1.0,0.0,0,0.0,0.0,4.978,2.289,3.703,7.012,59,192,116,2,129,131,85,59,192,116,2,129,131,83,59,201,116,1,188,86,59,210,116,2,129,133,87,232,0,0,0,0,59,219,116,1,190,93,139,213,129,237,236,58,64,0,59,228,116,2,129,135,43,149,253,59,64,0,129,234,44,0,0,0,10.0,19.0,2.0,0.105,2.0,1,30.0,0
0,0,0,0,0,0,0,0,76224,4194304,4096,4,0,65536,19456,1024,32768,3072,2097152,4096,4096,7,3,0.7,1,8,0,1,8,0,1,1,0,1,1,0,0.873,6,9,1.0,0.0,0,0.0,0.0,4.978,2.235,3.721,6.988,59,192,116,2,129,131,85,59,192,116,2,129,131,83,59,201,116,1,188,86,59,210,116,2,129,133,87,232,0,0,0,0,59,219,116,1,190,93,139,213,129,237,236,58,64,0,59,228,116,2,129,135,43,149,253,59,64,0,129,234,44,0,0,0,10.0,19.0,2.0,0.105,2.0,1,30.0,0
0,0,0,0,0,0,0,0,52391,4194304,4096,4,0,73728,26624,1024,40960,3072,2097152,4096,4096,7,3,0.7,1,8,0,1,8,0,1,1,0,1,1,0,0.909,7,10,0.998,0.0,0,0.0,0.0,4.974,2.226,3.568,7.046,59,192,116,2,129,131,85,59,192,116,2,129,131,83,59,201,116,1,188,86,59,210,116,2,129,133,87,232,0,0,0,0,59,219,116,1,190,93,139,213,129,237,236,58,64,0,59,228,116,2,129,135,43,149,253,59,64,0,129,234,44,0,0,0,10.0,19.0,2.0,0.105,2.0,1,30.0,0
0,0,0,0,0,0,0,0,44743,4194304,4096,4,0,73728,23040,1024,36864,5120,2097152,4096,4096,7,3,0.7,1,8,0,1,8,0,1,1,0,1,1,0,0.891,6,9,1.0,0.0,0,0.0,0.0,4.982,2.276,3.747,7.039,59,192,116,2,129,131,85,59,192,116,2,129,131,83,59,201,116,1,188,86,59,210,116,2,129,133,87,232,0,0,0,0,59,219,116,1,190,93,139,213,129,237,236,58,64,0,59,228,116,2,129,135,43,149,253,59,64,0,129,234,44,0,0,0,10.0,19.0,2.0,0.105,2.0,1,30.0,0
0,0,0,0,0,0,0,0,78978,4194304,4096,4,0,61440,17408,1024,29184,3072,2097152,4096,4096,7,3,0.7,1,8,0,1,8,0,1,1,0,1,1,0,0.873,7,10,0.998,0.0,0,0.0,0.0,4.977,2.254,3.384,6.972,59,192,116,2,129,131,85,59,192,116,2,129,131,83,59,201,116,1,188,86,59,210,116,2,129,133,87,232,0,0,0,0,59,219,116,1,190,93,139,213,129,237,236,58,64,0,59,228,116,2,129,135,43,149,253,59,64,0,129,234,44,0,0,0,6.0,11.0,2.0,0.182,2.0,1,30.0,0
0,0,0,0,0,0,0,0,67011,4194304,4096,4,0,65536,20480,1024,33792,3072,2097152,4096,4096,7,3,0.7,1,8,0,1,8,0,1,1,0,1,1,0,0.88,6,9,1.0,0.0,0,0.0,0.0,4.98,2.285,3.696,7.054,59,192,116,2,129,131,85,59,192,116,2,129,131,83,59,201,116,1,188,86,59,210,116,2,129,133,87,232,0,0,0,0,59,219,116,1,190,93,139,213,129,237,236,58,64,0,59,228,116,2,129,135,43,149,253,59,64,0,129,234,44,0,0,0,6.0,11.0,2.0,0.182,2.0,1,30.0,0
0,0,1,0,1,0,0,0,50032,4194304,8192,4,0,65536,33280,512,20992,1536,1048576,4096,8192,3,1,0.75,1,2,0,1,2,0,1,1,0,1,1,0,0.897,2,3,1.0,0.0,0,0.0,-1,4.064,2.184,2.136,7.053,59,192,116,2,129,131,85,59,192,116,2,129,131,83,59,201,116,1,188,86,59,210,116,2,129,133,87,232,0,0,0,0,59,219,116,1,190,93,139,213,129,237,236,58,64,0,59,228,116,2,129,135,43,149,253,59,64,0,129,234,44,0,0,0,2.0,3.0,2.0,0.667,2.0,1,14.0,0
0,0,1,0,1,0,0,0,95545,4194304,8192,4,0,98304,62464,512,29696,9728,1048576,4096,8192,3,1,0.75,1,2,0,1,2,0,1,1,0,1,1,0,0.692,2,3,1.0,0.0,0,0.0,-1,4.063,2.214,2.548,7.844,59,192,116,2,129,131,85,59,192,116,2,129,131,83,59,201,116,1,188,86,59,210,116,2,129,133,87,232,0,0,0,0,59,219,116,1,190,93,139,213,129,237,236,58,64,0,59,228,116,2,129,135,43,149,253,59,64,0,129,234,44,0,0,0,2.0,3.0,2.0,0.667,2.0,1,14.0,0
0,0,0,0,0,0,0,0,38155,4194304,4096,4,0,65536,20480,1024,34304,3072,2097152,4096,4096,7,3,0.7,1,8,0,1,8,0,1,1,0,1,1,0,0.88,6,9,1.0,0.0,0,0.0,0.0,4.977,2.292,3.782,7.003,59,192,116,2,129,131,85,59,192,116,2,129,131,83,59,201,116,1,188,86,59,210,116,2,129,133,87,232,0,0,0,0,59,219,116,1,190,93,139,213,129,237,236,58,64,0,59,228,116,2,129,135,43,149,253,59,64,0,129,234,44,0,0,0,10.0,19.0,2.0,0.105,2.0,1,30.0,0
0,0,0,0,0,0,0,1,80981,486539264,4096,5,0,49152,7680,512,28672,1536,2000000,4096,4096,4,1,0.8,1,3,0,1,3,0,1,1,0,1,1,0,0.777,3,4,1.0,0.0,0,0.0,0.0,4.35,2.262,3.116,6.769,59,192,116,2,129,131,85,59,192,116,2,129,131,83,59,201,116,1,188,86,59,210,116,2,129,133,87,232,0,0,0,0,59,219,116,1,190,93,139,213,129,237,236,58,64,0,59,228,116,2,129,135,43,149,253,59,64,0,129,234,44,0,0,0,3.0,5.0,2.0,0.4,2.0,1,44.0,0
0,0,0,0,0,0,0,0,88512,4194304,4096,4,0,61440,16384,1024,28160,3072,2097152,4096,4096,7,3,0.7,1,8,0,1,8,0,1,1,0,1,1,0,0.871,7,10,0.998,0.0,0,0.0,0.0,4.977,2.247,3.383,6.93,59,192,116,2,129,131,85,59,192,116,2,129,131,83,59,201,116,1,188,86,59,210,116,2,129,133,87,232,0,0,0,0,59,219,116,1,190,93,139,213,129,237,236,58,64,0,59,228,116,2,129,135,43,149,253,59,64,0,129,234,44,0,0,0,10.0,19.0,2.0,0.105,2.0,1,30.0,0
0,0,0,0,0,0,0,0,53866,4194304,4096,4,0,73728,26112,1024,39936,3072,2097152,4096,4096,7,3,0.7,1,8,0,1,8,0,1,1,0,1,1,0,0.908,7,10,0.998,0.0,0,0.0,0.0,4.98,2.252,3.578,7.035,59,192,116,2,129,131,85,59,192,116,2,129,131,83,59,201,116,1,188,86,59,210,116,2,129,133,87,232,0,0,0,0,59,219,116,1,190,93,139,213,129,237,236,58,64,0,59,228,116,2,129,135,43,149,253,59,64,0,129,234,44,0,0,0,10.0,19.0,2.0,0.105,2.0,1,30.0,0
0,0,0,0,0,0,0,0,52473,4194304,4096,4,0,69632,21504,1024,35840,3072,2097152,4096,4096,7,3,0.7,1,8,0,1,8,0,1,1,0,1,1,0,0.884,6,9,1.0,0.0,0,0.0,0.0,4.976,2.29,3.695,7.034,59,192,116,2,129,131,85,59,192,116,2,129,131,83,59,201,116,1,188,86,59,210,116,2,129,133,87,232,0,0,0,0,59,219,116,1,190,93,139,213,129,237,236,58,64,0,59,228,116,2,129,135,43,149,253,59,64,0,129,234,44,0,0,0,10.0,19.0,2.0,0.105,2.0,1,30.0,0
0,0,0,0,0,0,0,0,70215,4194304,4096,4,0,73728,26624,1024,41472,3072,2097152,4096,4096,7,3,0.7,1,8,0,1,8,0,1,1,0,1,1,0,0.91,7,10,0.998,0.0,0,0.0,0.0,4.982,2.255,3.599,7.042,59,192,116,2,129,131,85,59,192,116,2,129,131,83,59,201,116,1,188,86,59,210,116,2,129,133,87,232,0,0,0,0,59,219,116,1,190,93,139,213,129,237,236,58,64,0,59,228,116,2,129,135,43,149,253,59,64,0,129,234,44,0,0,0,10.0,19.0,2.0,0.105,2.0,1,30.0,0
0,0,0,0,0,0,0,0,60246,4194304,4096,4,0,73728,27136,1024,42496,3072,2097152,4096,4096,7,3,0.7,1,8,0,1,8,0,1,1,0,1,1,0,0.912,7,10,0.998,0.0,0,0.0,0.0,4.976,2.25,3.624,7.05,59,192,116,2,129,131,85,59,192,116,2,129,131,83,59,201,116,1,188,86,59,210,116,2,129,133,87,232,0,0,0,0,59,219,116,1,190,93,139,213,129,237,236,58,64,0,59,228,116,2,129,135,43,149,253,59,64,0,129,234,44,0,0,0,10.0,19.0,2.0,0.105,2.0,1,30.0,0
0,0,0,0,0,0,0,0,53312,4194304,4096,4,0,73728,22016,1024,36352,3072,2097152,4096,4096,7,3,0.7,1,8,0,1,8,0,1,1,0,1,1,0,0.885,6,9,1.0,0.0,0,0.0,0.0,4.982,2.259,3.693,7.024,59,192,116,2,129,131,85,59,192,116,2,129,131,83,59,201,116,1,188,86,59,210,116,2,129,133,87,232,0,0,0,0,59,219,116,1,190,93,139,213,129,237,236,58,64,0,59,228,116,2,129,135,43,149,253,59,64,0,129,234,44,0,0,0,11.0,21.0,2.0,0.095,2.0,1,30.0,0
0,0,0,0,0,0,0,0,0,4194304,4096,4,0,49152,20480,512,32768,1536,1048576,4096,4096,4,1,0.8,1,3,0,1,3,0,1,1,0,1,1,0,0.896,3,5,0.998,0.0,0,0.0,0.0,2.967,2.024,2.883,6.819,59,192,116,2,129,131,85,59,192,116,2,129,131,83,59,201,116,1,188,86,59,210,116,2,129,133,87,232,0,0,0,0,59,219,116,1,190,93,139,213,129,237,236,58,64,0,59,228,116,2,129,135,43,149,253,59,64,0,129,234,44,0,0,0,6.0,11.0,2.0,0.182,2.0,1,28.0,0
0,0,0,0,0,0,0,0,95089,4194304,4096,4,0,147456,56832,1024,71168,51200,2097152,4096,4096,6,3,0.667,1,8,0,1,8,0,1,1,0,1,1,0,0.732,7,9,0.732,0.0,0,0.0,0.0,-1,2.234,2.095,7.86,59,192,116,2,129,131,85,59,192,116,2,129,131,83,59,201,116,1,188,86,59,210,116,2,129,133,87,232,0,0,0,0,59,219,116,1,190,93,139,213,129,237,236,58,64,0,59,228,116,2,129,135,43,149,253,59,64,0,129,234,44,0,0,0,4.0,7.0,2.0,0.286,2.0,1,-1,0
0,0,1,0,0,0,0,1,0,4194304,4096,5,1,61440,15360,1024,35328,1536,1048576,4096,4096,5,1,0.833,1,4,0,1,4,0,1,1,0,1,1,0,0.87,4,6,1.0,0.0,0,0.0,0.0,3.504,2.323,2.789,7.004,59,192,116,2,129,131,85,59,192,116,2,129,131,83,59,201,116,1,188,86,59,210,116,2,129,133,87,232,0,0,0,0,59,219,116,1,190,93,139,213,129,237,236,58,64,0,59,228,116,2,129,135,43,149,253,59,64,0,129,234,44,0,0,0,3.0,5.0,2.0,0.4,2.0,1,34.0,0
0,0,0,0,0,0,0,0,0,4194304,4096,4,0,61440,26112,512,42496,1536,1048576,4096,4096,4,1,0.8,1,3,0,1,3,0,1,1,0,1,1,0,0.906,3,5,0.906,0.0,0,0.0,0.0,4.293,2.029,2.89,7.007,59,192,116,2,129,131,85,59,192,116,2,129,131,83,59,201,116,1,188,86,59,210,116,2,129,133,87,232,0,0,0,0,59,219,116,1,190,93,139,213,129,237,236,58,64,0,59,228,116,2,129,135,43,149,253,59,64,0,129,234,44,0,0,0,6.0,11.0,2.0,0.182,2.0,1,40.0,0
0,0,1,0,0,0,0,1,0,4194304,4096,5,1,53248,23552,1024,23552,1536,1048576,4096,4096,5,1,0.833,1,4,0,1,4,0,1,1,0,1,1,0,0.906,4,6,0.983,0.0,0,0.0,0.0,4.916,2.343,2.762,7.113,59,192,116,2,129,131,85,59,192,116,2,129,131,83,59,201,116,1,188,86,59,210,116,2,129,133,87,232,0,0,0,0,59,219,116,1,190,93,139,213,129,237,236,58,64,0,59,228,116,2,129,135,43,149,253,59,64,0,129,234,44,0,0,0,2.0,3.0,2.0,0.667,2.0,1,8.0,0
0,0,0,0,0,0,0,0,96543,4194304,4096,4,0,69632,20480,1024,33280,3072,2097152,4096,4096,7,3,0.7,1,8,0,1,8,0,1,1,0,1,1,0,0.89,7,10,0.998,0.0,0,0.0,0.0,4.984,2.232,3.476,6.978,59,192,116,2,129,131,85,59,192,116,2,129,131,83,59,201,116,1,188,86,59,210,116,2,129,133,87,232,0,0,0,0,59,219,116,1,190,93,139,213,129,237,236,58,64,0,59,228,116,2,129,135,43,149,253,59,64,0,129,234,44,0,0,0,10.0,19.0,2.0,0.105,2.0,1,30.0,0
0,0,0,0,0,0,0,0,74035,4194304,4096,4,0,147456,57344,1024,71680,51200,2097152,4096,4096,6,3,0.667,1,8,0,1,8,0,1,1,0,1,1,0,0.736,7,9,0.736,0.0,0,0.0,0.0,-1,2.227,2.121,7.864,59,192,116,2,129,131,85,59,192,116,2,129,131,83,59,201,116,1,188,86,59,210,116,2,129,133,87,232,0,0,0,0,59,219,116,1,190,93,139,213,129,237,236,58,64,0,59,228,116,2,129,135,43,149,253,59,64,0,129,234,44,0,0,0,4.0,7.0,2.0,0.286,2.0,1,-1,0
0,0,0,0,0,0,0,0,0,4194304,4096,4,0,262144,40960,1024,46080,200704,2097152,4096,4096,5,1,0.833,1,5,0,1,5,0,1,1,0,1,1,0,0.654,5,6,0.654,0.0,0,0.0,0.0,-1,2.077,0.899,7.786,59,192,116,2,129,131,85,59,192,116,2,129,131,83,59,201,116,1,188,86,59,210,116,2,129,133,87,232,0,0,0,0,59,219,116,1,190,93,139,213,129,237,236,58,64,0,59,228,116,2,129,135,43,149,253,59,64,0,129,234,44,0,0,0,2.0,3.0,2.0,0.667,2.0,1,-1,0
0,0,0,0,0,0,0,0,48174,4194304,4096,4,0,36864,15872,512,19968,1536,1048576,4096,4096,4,1,0.8,1,3,0,1,3,0,1,1,0,1,1,0,0.841,3,5,0.841,0.0,0,0.0,0.0,3.088,2.099,4.319,6.819,59,192,116,2,129,131,85,59,192,116,2,129,131,83,59,201,116,1,188,86,59,210,116,2,129,133,87,232,0,0,0,0,59,219,116,1,190,93,139,213,129,237,236,58,64,0,59,228,116,2,129,135,43,149,253,59,64,0,129,234,44,0,0,0,5.0,9.0,2.0,0.222,2.0,1,30.0,0
0,0,0,0,0,0,0,0,103913,4194304,4096,4,0,73728,27136,1024,41472,3072,2097152,4096,4096,7,3,0.7,1,8,0,1,8,0,1,1,0,1,1,0,0.912,7,10,0.998,0.0,0,0.0,0.0,4.979,2.278,3.626,7.022,59,192,116,2,129,131,85,59,192,116,2,129,131,83,59,201,116,1,188,86,59,210,116,2,129,133,87,232,0,0,0,0,59,219,116,1,190,93,139,213,129,237,236,58,64,0,59,228,116,2,129,135,43,149,253,59,64,0,129,234,44,0,0,0,11.0,21.0,2.0,0.095,2.0,1,30.0,0
0,0,1,0,1,0,0,0,81490,4194304,8192,4,0,90112,47616,512,27136,9728,1048576,4096,8192,3,1,0.75,1,2,0,1,2,0,1,1,0,1,1,0,0.662,2,4,0.994,0.0,0,0.0,-1,4.146,2.309,2.522,7.818,59,192,116,2,129,131,85,59,192,116,2,129,131,83,59,201,116,1,188,86,59,210,116,2,129,133,87,232,0,0,0,0,59,219,116,1,190,93,139,213,129,237,236,58,64,0,59,228,116,2,129,135,43,149,253,59,64,0,129,234,44,0,0,0,2.0,3.0,2.0,0.667,2.0,1,14.0,0
0,0,1,0,1,0,0,0,86679,4194304,8192,4,0,57344,26112,512,17920,1536,1048576,4096,8192,3,1,0.75,1,2,0,1,2,0,1,1,0,1,1,0,0.868,2,4,0.995,0.0,0,0.0,-1,4.171,2.255,2.01,7.002,59,192,116,2,129,131,85,59,192,116,2,129,131,83,59,201,116,1,188,86,59,210,116,2,129,133,87,232,0,0,0,0,59,219,116,1,190,93,139,213,129,237,236,58,64,0,59,228,116,2,129,135,43,149,253,59,64,0,129,234,44,0,0,0,2.0,3.0,2.0,0.667,2.0,1,14.0,0
0,0,0,0,0,0,0,0,68471,4194304,4096,4,0,73728,26112,1024,40448,3072,2097152,4096,4096,7,3,0.7,1,8,0,1,8,0,1,1,0,1,1,0,0.908,7,10,0.998,0.0,0,0.0,0.0,4.98,2.282,3.575,7.012,59,192,116,2,129,131,85,59,192,116,2,129,131,83,59,201,116,1,188,86,59,210,116,2,129,133,87,232,0,0,0,0,59,219,116,1,190,93,139,213,129,237,236,58,64,0,59,228,116,2,129,135,43,149,253,59,64,0,129,234,44,0,0,0,10.0,19.0,2.0,0.105,2.0,1,30.0,0
0,0,1,0,1,0,0,0,25623,4194304,8192,4,0,49152,14336,512,9216,1536,1048576,4096,8192,3,1,0.75,1,2,0,1,2,0,1,1,0,1,1,0,0.828,2,3,1.0,0.0,0,0.0,-1,4.064,2.232,1.903,6.867,59,192,116,2,129,131,85,59,192,116,2,129,131,83,59,201,116,1,188,86,59,210,116,2,129,133,87,232,0,0,0,0,59,219,116,1,190,93,139,213,129,237,236,58,64,0,59,228,116,2,129,135,43,149,253,59,64,0,129,234,44,0,0,0,2.0,3.0,2.0,0.667,2.0,1,14.0,0
0,0,0,0,0,0,0,1,25303,4194304,4096,5,0,49152,22016,512,18944,1536,1048576,4096,4096,4,1,0.8,1,3,0,1,3,0,1,1,0,1,1,0,0.89,3,4,1.0,0.0,0,0.0,0.0,5.123,2.195,2.673,7.05,59,192,116,2,129,131,85,59,192,116,2,129,131,83,59,201,116,1,188,86,59,210,116,2,129,133,87,232,0,0,0,0,59,219,116,1,190,93,139,213,129,237,236,58,64,0,59,228,116,2,129,135,43,149,253,59,64,0,129,234,44,0,0,0,4.0,7.0,2.0,0.286,2.0,1,8.0,0
0,0,0,0,0,0,0,0,103905,4194304,4096,4,0,86016,30720,1024,45056,12288,2097152,4096,4096,7,3,0.7,1,8,0,1,8,0,1,1,0,1,1,0,0.919,7,10,0.998,0.0,0,0.0,0.0,4.985,2.259,3.371,7.098,59,192,116,2,129,131,85,59,192,116,2,129,131,83,59,201,116,1,188,86,59,210,116,2,129,133,87,232,0,0,0,0,59,219,116,1,190,93,139,213,129,237,236,58,64,0,59,228,116,2,129,135,43,149,253,59,64,0,129,234,44,0,0,0,10.0,19.0,2.0,0.105,2.0,1,30.0,0
0,0,0,0,0,0,0,0,92300,4194304,4096,4,0,81920,29696,1024,45056,3072,2097152,4096,4096,7,3,0.7,1,8,0,1,8,0,1,1,0,1,1,0,0.917,7,10,0.998,0.0,0,0.0,0.0,4.983,2.241,3.499,7.101,59,192,116,2,129,131,85,59,192,116,2,129,131,83,59,201,116,1,188,86,59,210,116,2,129,133,87,232,0,0,0,0,59,219,116,1,190,93,139,213,129,237,236,58,64,0,59,228,116,2,129,135,43,149,253,59,64,0,129,234,44,0,0,0,8.0,15.0,2.0,0.133,2.0,1,30.0,0
0,0,0,0,0,0,0,0,44059,4194304,4096,4,0,61440,17408,1024,29696,3072,2097152,4096,4096,7,3,0.7,1,8,0,1,8,0,1,1,0,1,1,0,0.866,6,9,1.0,0.0,0,0.0,0.0,4.98,2.287,3.694,6.999,59,192,116,2,129,131,85,59,192,116,2,129,131,83,59,201,116,1,188,86,59,210,116,2,129,133,87,232,0,0,0,0,59,219,116,1,190,93,139,213,129,237,236,58,64,0,59,228,116,2,129,135,43,149,253,59,64,0,129,234,44,0,0,0,6.0,11.0,2.0,0.182,2.0,1,30.0,0
0,0,0,0,0,0,0,0,82139,4194304,4096,4,0,65536,27136,1024,34304,2048,2097152,4096,4096,6,3,0.667,1,8,0,1,8,0,1,1,0,1,1,0,0.909,7,9,0.909,0.0,0,0.0,0.0,-1,2.06,2.338,7.075,59,192,116,2,129,131,85,59,192,116,2,129,131,83,59,201,116,1,188,86,59,210,116,2,129,133,87,232,0,0,0,0,59,219,116,1,190,93,139,213,129,237,236,58,64,0,59,228,116,2,129,135,43,149,253,59,64,0,129,234,44,0,0,0,4.0,7.0,2.0,0.286,2.0,1,-1,0
0,0,0,0,0,0,0,0,78881,4194304,4096,4,0,61440,26624,1024,33792,2048,2097152,4096,4096,6,3,0.667,1,8,0,1,8,0,1,1,0,1,1,0,0.907,7,9,0.907,0.0,0,0.0,0.0,-1,2.051,2.45,7.08,59,192,116,2,129,131,85,59,192,116,2,129,131,83,59,201,116,1,188,86,59,210,116,2,129,133,87,232,0,0,0,0,59,219,116,1,190,93,139,213,129,237,236,58,64,0,59,228,116,2,129,135,43,149,253,59,64,0,129,234,44,0,0,0,4.0,7.0,2.0,0.286,2.0,1,-1,0
0,0,0,0,0,0,0,0,91040,4194304,4096,4,0,61440,17920,1024,31232,3072,2097152,4096,4096,7,3,0.7,1,8,0,1,8,0,1,1,0,1,1,0,0.87,6,9,1.0,0.0,0,0.0,0.0,4.977,2.279,3.695,7.045,59,192,116,2,129,131,85,59,192,116,2,129,131,83,59,201,116,1,188,86,59,210,116,2,129,133,87,232,0,0,0,0,59,219,116,1,190,93,139,213,129,237,236,58,64,0,59,228,116,2,129,135,43,149,253,59,64,0,129,234,44,0,0,0,7.0,13.0,2.0,0.154,2.0,1,30.0,0
0,0,0,0,0,0,0,0,78516,4194304,4096,4,0,114688,63488,1024,76288,12800,2097152,4096,4096,6,3,0.667,1,8,0,1,8,0,1,1,0,1,1,0,0.756,7,9,0.756,0.0,0,0.0,0.0,-1,2.146,2.911,7.883,59,192,116,2,129,131,85,59,192,116,2,129,131,83,59,201,116,1,188,86,59,210,116,2,129,133,87,232,0,0,0,0,59,219,116,1,190,93,139,213,129,237,236,58,64,0,59,228,116,2,129,135,43,149,253,59,64,0,129,234,44,0,0,0,3.0,5.0,2.0,0.4,2.0,1,-1,0
0,0,0,0,0,0,0,0,87076,4194304,4096,4,0,61440,22016,1024,32768,3072,2097152,4096,4096,6,3,0.667,1,7,0,1,7,0,1,1,0,1,1,0,0.884,6,8,1.0,0.0,0,0.0,0.0,-1,2.217,3.797,7.046,59,192,116,2,129,131,85,59,192,116,2,129,131,83,59,201,116,1,188,86,59,210,116,2,129,133,87,232,0,0,0,0,59,219,116,1,190,93,139,213,129,237,236,58,64,0,59,228,116,2,129,135,43,149,253,59,64,0,129,234,44,0,0,0,4.0,7.0,2.0,0.286,2.0,1,-1,0
0,0,0,0,0,0,0,0,0,4194304,49152,4,0,77824,20480,4096,8192,45056,1048576,4096,4096,1,2,0.333,2,3,2,2,3,2,0,1,1,1,1,0,0.81,1,3,0.81,0.0,0,-1,-1,4.003,1.79,2.726,7.829,96,190,0,192,64,0,141,190,0,80,255,255,87,131,205,255,235,16,144,144,144,144,144,144,138,6,70,136,7,71,1,219,117,7,139,30,131,238,252,17,219,114,237,184,1,0,0,0,1,219,117,7,139,30,131,238,252,17,219,17,192,1,219,115,8.0,9.0,3.0,0.333,-1,1,97.0,0
0,0,0,0,0,0,0,0,65557,4194304,4096,4,0,77824,27648,1024,43008,3072,2097152,4096,4096,7,3,0.7,1,8,0,1,8,0,1,1,0,1,1,0,0.915,7,10,0.998,0.0,0,0.0,0.0,4.982,2.233,3.652,7.081,59,192,116,2,129,131,85,59,192,116,2,129,131,83,59,201,116,1,188,86,59,210,116,2,129,133,87,232,0,0,0,0,59,219,116,1,190,93,139,213,129,237,236,58,64,0,59,228,116,2,129,135,43,149,253,59,64,0,129,234,44,0,0,0,12.0,23.0,2.0,0.087,2.0,1,30.0,0
0,0,0,0,0,0,0,0,81829,4194304,4096,4,0,65536,20992,1024,34304,3072,2097152,4096,4096,7,3,0.7,1,8,0,1,8,0,1,1,0,1,1,0,0.882,6,9,1.0,0.0,0,0.0,0.0,4.981,2.286,3.712,7.05,59,192,116,2,129,131,85,59,192,116,2,129,131,83,59,201,116,1,188,86,59,210,116,2,129,133,87,232,0,0,0,0,59,219,116,1,190,93,139,213,129,237,236,58,64,0,59,228,116,2,129,135,43,149,253,59,64,0,129,234,44,0,0,0,10.0,19.0,2.0,0.105,2.0,1,30.0,0
0,0,0,0,0,0,0,0,78418,4194304,4096,4,0,65536,20992,1024,33792,3072,2097152,4096,4096,7,3,0.7,1,8,0,1,8,0,1,1,0,1,1,0,0.882,6,9,1.0,0.0,0,0.0,0.0,4.982,2.302,3.613,7.044,59,192,116,2,129,131,85,59,192,116,2,129,131,83,59,201,116,1,188,86,59,210,116,2,129,133,87,232,0,0,0,0,59,219,116,1,190,93,139,213,129,237,236,58,64,0,59,228,116,2,129,135,43,149,253,59,64,0,129,234,44,0,0,0,7.0,13.0,2.0,0.154,2.0,1,30.0,0
0,0,0,0,0,0,0,0,45351,4194304,4096,4,0,69632,24064,1024,37888,3072,2097152,4096,4096,7,3,0.7,1,8,0,1,8,0,1,1,0,1,1,0,0.895,6,9,1.0,0.0,0,0.0,0.0,4.982,2.301,3.801,7.082,59,192,116,2,129,131,85,59,192,116,2,129,131,83,59,201,116,1,188,86,59,210,116,2,129,133,87,232,0,0,0,0,59,219,116,1,190,93,139,213,129,237,236,58,64,0,59,228,116,2,129,135,43,149,253,59,64,0,129,234,44,0,0,0,7.0,13.0,2.0,0.154,2.0,1,30.0,0
0,0,0,0,0,0,0,0,58590,4194304,4096,4,0,69632,20480,1024,33280,3072,2097152,4096,4096,7,3,0.7,1,8,0,1,8,0,1,1,0,1,1,0,0.889,7,10,0.998,0.0,0,0.0,0.0,4.981,2.254,3.354,7.015,59,192,116,2,129,131,85,59,192,116,2,129,131,83,59,201,116,1,188,86,59,210,116,2,129,133,87,232,0,0,0,0,59,219,116,1,190,93,139,213,129,237,236,58,64,0,59,228,116,2,129,135,43,149,253,59,64,0,129,234,44,0,0,0,7.0,13.0,2.0,0.154,2.0,1,30.0,0
0,0,0,0,0,0,0,0,59666,4194304,4096,4,0,61440,17408,1024,29184,3072,2097152,4096,4096,7,3,0.7,1,8,0,1,8,0,1,1,0,1,1,0,0.864,6,9,1.0,0.0,0,0.0,0.0,4.984,2.273,3.571,7.034,59,192,116,2,129,131,85,59,192,116,2,129,131,83,59,201,116,1,188,86,59,210,116,2,129,133,87,232,0,0,0,0,59,219,116,1,190,93,139,213,129,237,236,58,64,0,59,228,116,2,129,135,43,149,253,59,64,0,129,234,44,0,0,0,4.0,7.0,2.0,0.286,2.0,1,30.0,0
0,0,0,0,0,0,0,0,92969,4194304,4096,4,0,147456,30208,1024,44544,71680,2097152,4096,4096,7,3,0.7,1,8,0,1,8,0,1,1,0,1,1,0,0.918,7,10,0.998,0.0,0,0.0,0.0,4.984,2.396,2.085,7.114,59,192,116,2,129,131,85,59,192,116,2,129,131,83,59,201,116,1,188,86,59,210,116,2,129,133,87,232,0,0,0,0,59,219,116,1,190,93,139,213,129,237,236,58,64,0,59,228,116,2,129,135,43,149,253,59,64,0,129,234,44,0,0,0,6.0,11.0,2.0,0.182,2.0,1,30.0,0
0,0,0,0,0,0,0,0,37154,4194304,4096,4,0,65536,20480,1024,33792,3072,2097152,4096,4096,7,3,0.7,1,8,0,1,8,0,1,1,0,1,1,0,0.879,6,9,1.0,0.0,0,0.0,0.0,4.98,2.271,3.764,7.01,59,192,116,2,129,131,85,59,192,116,2,129,131,83,59,201,116,1,188,86,59,210,116,2,129,133,87,232,0,0,0,0,59,219,116,1,190,93,139,213,129,237,236,58,64,0,59,228,116,2,129,135,43,149,253,59,64,0,129,234,44,0,0,0,10.0,19.0,2.0,0.105,2.0,1,30.0,0
0,0,0,0,0,0,0,0,94877,4194304,4096,4,0,94208,48640,1024,55296,12800,2097152,4096,4096,6,3,0.667,1,8,0,1,8,0,1,1,0,1,1,0,0.708,7,9,0.708,0.0,0,0.0,0.0,-1,2.171,2.763,7.841,59,192,116,2,129,131,85,59,192,116,2,129,131,83,59,201,116,1,188,86,59,210,116,2,129,133,87,232,0,0,0,0,59,219,116,1,190,93,139,213,129,237,236,58,64,0,59,228,116,2,129,135,43,149,253,59,64,0,129,234,44,0,0,0,2.0,3.0,2.0,0.667,2.0,1,-1,0
0,0,0,0,0,0,0,1,78964,4194304,4096,5,0,61440,38400,512,23552,1536,1048576,8192,4096,3,1,0.75,1,2,0,1,2,0,1,1,0,1,1,0,0.928,1,4,0.928,0.0,0,0.0,2.998,4.455,2.318,3.997,7.026,59,192,116,2,129,131,85,59,192,116,2,129,131,83,59,201,116,1,188,86,59,210,116,2,129,133,87,232,0,0,0,0,59,219,116,1,190,93,139,213,129,237,236,58,64,0,59,228,116,2,129,135,43,149,253,59,64,0,129,234,44,0,0,0,3.0,5.0,2.0,0.4,2.0,1,40.0,0
0,0,0,0,0,0,0,0,94875,4194304,4096,4,0,69632,19968,1024,32256,3072,2097152,4096,4096,7,3,0.7,1,8,0,1,8,0,1,1,0,1,1,0,0.886,7,10,0.998,0.0,0,0.0,0.0,4.979,2.279,3.382,6.997,59,192,116,2,129,131,85,59,192,116,2,129,131,83,59,201,116,1,188,86,59,210,116,2,129,133,87,232,0,0,0,0,59,219,116,1,190,93,139,213,129,237,236,58,64,0,59,228,116,2,129,135,43,149,253,59,64,0,129,234,44,0,0,0,6.0,11.0,2.0,0.182,2.0,1,30.0,0
0,0,0,0,0,0,0,0,36706,4194304,4096,4,0,69632,20992,1024,33280,3072,2097152,4096,4096,7,3,0.7,1,8,0,1,8,0,1,1,0,1,1,0,0.891,7,10,0.998,0.0,0,0.0,0.0,4.983,2.242,3.422,7.003,59,192,116,2,129,131,85,59,192,116,2,129,131,83,59,201,116,1,188,86,59,210,116,2,129,133,87,232,0,0,0,0,59,219,116,1,190,93,139,213,129,237,236,58,64,0,59,228,116,2,129,135,43,149,253,59,64,0,129,234,44,0,0,0,6.0,11.0,2.0,0.182,2.0,1,30.0,0
0,0,0,0,0,0,0,0,40717,4194304,4096,4,0,61440,16896,1024,29184,3072,2097152,4096,4096,7,3,0.7,1,8,0,1,8,0,1,1,0,1,1,0,0.865,6,9,1.0,0.0,0,0.0,0.0,4.973,2.254,3.591,7.019,59,192,116,2,129,131,85,59,192,116,2,129,131,83,59,201,116,1,188,86,59,210,116,2,129,133,87,232,0,0,0,0,59,219,116,1,190,93,139,213,129,237,236,58,64,0,59,228,116,2,129,135,43,149,253,59,64,0,129,234,44,0,0,0,6.0,11.0,2.0,0.182,2.0,1,30.0,0
0,0,0,0,0,0,0,0,80039,4194304,4096,4,0,61440,16896,1024,29696,3072,2097152,4096,4096,7,3,0.7,1,8,0,1,8,0,1,1,0,1,1,0,0.863,6,9,1.0,0.0,0,0.0,0.0,4.97,2.287,3.637,7.021,59,192,116,2,129,131,85,59,192,116,2,129,131,83,59,201,116,1,188,86,59,210,116,2,129,133,87,232,0,0,0,0,59,219,116,1,190,93,139,213,129,237,236,58,64,0,59,228,116,2,129,135,43,149,253,59,64,0,129,234,44,0,0,0,7.0,13.0,2.0,0.154,2.0,1,30.0,0
0,0,0,0,0,0,0,0,72712,4194304,4096,4,0,61440,16896,1024,29184,3072,2097152,4096,4096,7,3,0.7,1,8,0,1,8,0,1,1,0,1,1,0,0.865,6,9,1.0,0.0,0,0.0,0.0,4.973,2.286,3.588,7.023,59,192,116,2,129,131,85,59,192,116,2,129,131,83,59,201,116,1,188,86,59,210,116,2,129,133,87,232,0,0,0,0,59,219,116,1,190,93,139,213,129,237,236,58,64,0,59,228,116,2,129,135,43,149,253,59,64,0,129,234,44,0,0,0,6.0,11.0,2.0,0.182,2.0,1,30.0,0
0,0,0,0,0,0,0,0,91842,4194304,4096,4,0,73728,21504,1024,34816,9216,2097152,4096,4096,7,3,0.7,1,8,0,1,8,0,1,1,0,1,1,0,0.896,7,10,0.998,0.0,0,0.0,0.0,4.982,2.266,3.394,6.992,59,192,116,2,129,131,85,59,192,116,2,129,131,83,59,201,116,1,188,86,59,210,116,2,129,133,87,232,0,0,0,0,59,219,116,1,190,93,139,213,129,237,236,58,64,0,59,228,116,2,129,135,43,149,253,59,64,0,129,234,44,0,0,0,10.0,19.0,2.0,0.105,2.0,1,30.0,0
0,0,0,0,0,0,0,0,39422,4194304,4096,4,0,69632,20480,1024,34816,3072,2097152,4096,4096,7,3,0.7,1,8,0,1,8,0,1,1,0,1,1,0,0.88,6,9,1.0,0.0,0,0.0,0.0,4.975,2.312,3.662,7.034,59,192,116,2,129,131,85,59,192,116,2,129,131,83,59,201,116,1,188,86,59,210,116,2,129,133,87,232,0,0,0,0,59,219,116,1,190,93,139,213,129,237,236,58,64,0,59,228,116,2,129,135,43,149,253,59,64,0,129,234,44,0,0,0,11.0,21.0,2.0,0.095,2.0,1,30.0,0
0,0,0,0,0,0,0,0,64110,4194304,4096,4,0,61440,16896,1024,29696,3072,2097152,4096,4096,7,3,0.7,1,8,0,1,8,0,1,1,0,1,1,0,0.865,6,9,1.0,0.0,0,0.0,0.0,4.979,2.273,3.657,7.021,59,192,116,2,129,131,85,59,192,116,2,129,131,83,59,201,116,1,188,86,59,210,116,2,129,133,87,232,0,0,0,0,59,219,116,1,190,93,139,213,129,237,236,58,64,0,59,228,116,2,129,135,43,149,253,59,64,0,129,234,44,0,0,0,7.0,13.0,2.0,0.154,2.0,1,30.0,0
0,0,0,0,0,0,0,0,58257,4194304,4096,4,0,77824,23552,1024,37888,9216,2097152,4096,4096,7,3,0.7,1,8,0,1,8,0,1,1,0,1,1,0,0.903,7,10,0.998,0.0,0,0.0,0.0,4.974,2.27,3.331,7.019,59,192,116,2,129,131,85,59,192,116,2,129,131,83,59,201,116,1,188,86,59,210,116,2,129,133,87,232,0,0,0,0,59,219,116,1,190,93,139,213,129,237,236,58,64,0,59,228,116,2,129,135,43,149,253,59,64,0,129,234,44,0,0,0,10.0,19.0,2.0,0.105,2.0,1,30.0,0
0,0,0,0,0,0,0,0,90141,4194304,4096,4,0,69632,20480,1024,34304,3072,2097152,4096,4096,7,3,0.7,1,8,0,1,8,0,1,1,0,1,1,0,0.879,6,9,1.0,0.0,0,0.0,0.0,4.978,2.3,3.679,7.008,59,192,116,2,129,131,85,59,192,116,2,129,131,83,59,201,116,1,188,86,59,210,116,2,129,133,87,232,0,0,0,0,59,219,116,1,190,93,139,213,129,237,236,58,64,0,59,228,116,2,129,135,43,149,253,59,64,0,129,234,44,0,0,0,10.0,19.0,2.0,0.105,2.0,1,30.0,0
0,0,0,0,0,0,0,0,46275,4194304,4096,4,0,106496,62976,1024,71680,13312,2097152,4096,4096,6,2,0.75,1,7,0,1,7,0,1,1,0,1,1,0,0.746,6,8,0.746,0.0,0,0.0,0.0,-1,2.097,3.006,7.876,59,192,116,2,129,131,85,59,192,116,2,129,131,83,59,201,116,1,188,86,59,210,116,2,129,133,87,232,0,0,0,0,59,219,116,1,190,93,139,213,129,237,236,58,64,0,59,228,116,2,129,135,43,149,253,59,64,0,129,234,44,0,0,0,5.0,9.0,2.0,0.222,2.0,1,-1,0
0,0,0,0,0,0,0,0,56328,4194304,4096,4,0,102400,39936,1024,53248,15360,2097152,4096,4096,6,4,0.6,1,9,0,1,9,0,1,1,0,1,1,0,0.679,8,10,0.75,0.0,0,0.0,0.0,-1,2.223,2.531,7.81,59,192,116,2,129,131,85,59,192,116,2,129,131,83,59,201,116,1,188,86,59,210,116,2,129,133,87,232,0,0,0,0,59,219,116,1,190,93,139,213,129,237,236,58,64,0,59,228,116,2,129,135,43,149,253,59,64,0,129,234,44,0,0,0,3.0,5.0,2.0,0.4,2.0,1,-1,0
0,0,0,0,0,0,0,0,53467,4194304,4096,4,0,73728,21504,1024,35840,3072,2097152,4096,4096,7,3,0.7,1,8,0,1,8,0,1,1,0,1,1,0,0.885,6,9,1.0,0.0,0,0.0,0.0,4.974,2.294,3.721,6.998,59,192,116,2,129,131,85,59,192,116,2,129,131,83,59,201,116,1,188,86,59,210,116,2,129,133,87,232,0,0,0,0,59,219,116,1,190,93,139,213,129,237,236,58,64,0,59,228,116,2,129,135,43,149,253,59,64,0,129,234,44,0,0,0,11.0,21.0,2.0,0.095,2.0,1,30.0,0
0,0,0,0,0,0,0,0,38708,4194304,4096,4,0,69632,20992,1024,33280,3072,2097152,4096,4096,7,3,0.7,1,8,0,1,8,0,1,1,0,1,1,0,0.889,7,10,0.998,0.0,0,0.0,0.0,4.984,2.259,3.377,7.011,59,192,116,2,129,131,85,59,192,116,2,129,131,83,59,201,116,1,188,86,59,210,116,2,129,133,87,232,0,0,0,0,59,219,116,1,190,93,139,213,129,237,236,58,64,0,59,228,116,2,129,135,43,149,253,59,64,0,129,234,44,0,0,0,6.0,11.0,2.0,0.182,2.0,1,30.0,0
0,0,0,0,0,0,0,0,66614,4194304,4096,4,0,73728,27136,1024,41984,3584,2097152,4096,4096,7,3,0.7,1,8,0,1,8,0,1,1,0,1,1,0,0.912,7,10,0.998,0.0,0,0.0,0.0,4.98,2.271,3.645,7.037,59,192,116,2,129,131,85,59,192,116,2,129,131,83,59,201,116,1,188,86,59,210,116,2,129,133,87,232,0,0,0,0,59,219,116,1,190,93,139,213,129,237,236,58,64,0,59,228,116,2,129,135,43,149,253,59,64,0,129,234,44,0,0,0,11.0,21.0,2.0,0.095,2.0,1,30.0,0
0,0,0,0,0,0,0,0,86303,16777216,4096,5,0,77824,44032,512,36864,9728,262144,4096,4096,2,1,0.667,1,2,0,1,2,0,1,1,0,1,1,0,0.683,2,3,0.683,0.0,0,0.0,0.0,-1,2.108,2.946,7.834,59,192,116,2,129,131,85,59,192,116,2,129,131,83,59,201,116,1,188,86,59,210,116,2,129,133,87,232,0,0,0,0,59,219,116,1,190,93,139,213,129,237,236,58,64,0,59,228,116,2,129,135,43,149,253,59,64,0,129,234,44,0,0,0,3.0,5.0,2.0,0.4,2.0,1,-1,0
0,0,0,0,0,0,0,1,69980,268435456,4096,5,0,65536,34816,512,19968,1536,1048576,8192,4096,3,1,0.75,1,2,0,1,2,0,1,1,0,1,1,0,0.918,2,3,1.0,0.0,0,0.0,0.0,4.563,2.323,3.557,7.049,59,192,116,2,129,131,85,59,192,116,2,129,131,83,59,201,116,1,188,86,59,210,116,2,129,133,87,232,0,0,0,0,59,219,116,1,190,93,139,213,129,237,236,58,64,0,59,228,116,2,129,135,43,149,253,59,64,0,129,234,44,0,0,0,5.0,9.0,2.0,0.222,2.0,1,14.0,0
0,0,1,0,1,0,0,0,68981,4194304,8192,4,0,57344,21504,512,17408,1536,1048576,4096,8192,3,1,0.75,1,2,0,1,2,0,1,1,0,1,1,0,0.865,2,4,0.997,0.0,0,0.0,-1,4.072,2.278,2.036,6.914,59,192,116,2,129,131,85,59,192,116,2,129,131,83,59,201,116,1,188,86,59,210,116,2,129,133,87,232,0,0,0,0,59,219,116,1,190,93,139,213,129,237,236,58,64,0,59,228,116,2,129,135,43,149,253,59,64,0,129,234,44,0,0,0,2.0,3.0,2.0,0.667,2.0,1,14.0,0
0,0,1,0,1,0,0,0,57358,4194304,8192,4,0,73728,39936,512,23552,1536,1048576,4096,8192,3,1,0.75,1,2,0,1,2,0,1,1,0,1,1,0,0.914,2,4,0.997,0.0,0,0.0,-1,4.084,2.217,2.395,7.001,59,192,116,2,129,131,85,59,192,116,2,129,131,83,59,201,116,1,188,86,59,210,116,2,129,133,87,232,0,0,0,0,59,219,116,1,190,93,139,213,129,237,236,58,64,0,59,228,116,2,129,135,43,149,253,59,64,0,129,234,44,0,0,0,2.0,3.0,2.0,0.667,2.0,1,14.0,0
0,0,0,0,0,0,0,0,85370,4194304,4096,4,0,69632,21504,1024,33792,3072,2097152,4096,4096,7,3,0.7,1,8,0,1,8,0,1,1,0,1,1,0,0.891,7,10,0.998,0.0,0,0.0,0.0,4.982,2.261,3.395,7.011,59,192,116,2,129,131,85,59,192,116,2,129,131,83,59,201,116,1,188,86,59,210,116,2,129,133,87,232,0,0,0,0,59,219,116,1,190,93,139,213,129,237,236,58,64,0,59,228,116,2,129,135,43,149,253,59,64,0,129,234,44,0,0,0,6.0,11.0,2.0,0.182,2.0,1,30.0,0
0,0,0,0,0,0,0,0,42973,4194304,4096,4,0,32768,11264,512,11264,1536,1048576,4096,4096,4,1,0.8,1,3,0,1,3,0,1,1,0,1,1,0,0.834,3,5,0.834,0.0,0,0.0,0.0,3.689,2.106,2.491,6.84,59,192,116,2,129,131,85,59,192,116,2,129,131,83,59,201,116,1,188,86,59,210,116,2,129,133,87,232,0,0,0,0,59,219,116,1,190,93,139,213,129,237,236,58,64,0,59,228,116,2,129,135,43,149,253,59,64,0,129,234,44,0,0,0,2.0,3.0,2.0,0.667,2.0,1,14.0,0
0,0,0,0,0,0,0,0,52127,4194304,4096,4,0,73728,25088,1024,39424,3072,2097152,4096,4096,7,3,0.7,1,8,0,1,8,0,1,1,0,1,1,0,0.907,7,10,0.998,0.0,0,0.0,0.0,4.977,2.252,3.532,7.032,59,192,116,2,129,131,85,59,192,116,2,129,131,83,59,201,116,1,188,86,59,210,116,2,129,133,87,232,0,0,0,0,59,219,116,1,190,93,139,213,129,237,236,58,64,0,59,228,116,2,129,135,43,149,253,59,64,0,129,234,44,0,0,0,10.0,19.0,2.0,0.105,2.0,1,30.0,0
0,0,0,0,1,0,0,0,0,4194304,4096,4,0,36864,9216,512,22016,1536,1048576,4096,4096,4,1,0.8,1,3,0,1,3,0,1,1,0,1,1,0,0.799,3,5,0.997,0.0,0,0.0,0.0,5.088,2.047,3.169,6.844,59,192,116,2,129,131,85,59,192,116,2,129,131,83,59,201,116,1,188,86,59,210,116,2,129,133,87,232,0,0,0,0,59,219,116,1,190,93,139,213,129,237,236,58,64,0,59,228,116,2,129,135,43,149,253,59,64,0,129,234,44,0,0,0,3.0,5.0,2.0,0.4,2.0,1,36.0,0
0,0,0,0,0,0,0,0,31363,4194304,4096,4,0,45056,4096,1024,8704,512,2097152,4096,4096,6,3,0.667,2,9,2,2,9,2,0,1,0,1,1,0,1.078,7,7,16.0,0.0,0,0.0,0.0,-1,2.478,4.534,7.137,96,104,0,144,64,0,232,23,252,255,255,137,69,252,97,255,101,252,0,0,0,0,0,0,0,0,0,0,0,0,0,0,0,0,0,0,0,0,0,0,0,0,0,0,0,0,0,0,0,0,0,0,0,0,0,0,0,0,0,0,0,0,0,0,1.0,3.0,4.0,1.333,-1,1,-1,0
0,0,0,0,0,0,0,0,0,4194304,4096,4,0,106496,28672,4096,36864,0,1048576,4096,4096,4,1,0.8,2,4,2,2,4,2,0,1,0,1,1,0,1.017,3,3,1.744,0.0,0,0.0,0.0,2.684,4.167,3.824,7.855,96,104,0,16,65,0,232,23,252,255,255,137,69,252,97,255,101,252,0,0,0,0,0,0,0,0,0,0,0,0,0,0,0,0,0,0,0,0,0,0,0,0,0,0,0,0,0,0,0,0,0,0,0,0,0,0,0,0,0,0,0,0,0,0,1.0,3.0,4.0,1.333,5.0,1,26.0,0
0,0,0,0,0,0,0,0,62247,4194304,4096,4,0,77824,14336,1024,28672,1536,2097152,4096,4096,7,3,0.7,2,10,2,2,10,2,0,1,0,1,1,0,1.015,7,7,16.0,0.0,0,0.0,0.0,4.873,2.6,3.57,7.695,96,104,0,240,64,0,232,23,252,255,255,137,69,252,97,255,101,252,0,0,0,0,0,0,0,0,0,0,0,0,0,0,0,0,0,0,0,0,0,0,0,0,0,0,0,0,0,0,0,0,0,0,0,0,0,0,0,0,0,0,0,0,0,0,1.0,3.0,4.0,1.333,-1,1,30.0,0
0,0,0,0,0,0,0,0,87455,4194304,4096,4,0,77824,15872,1024,30720,1536,2097152,4096,4096,7,3,0.7,2,10,2,2,10,2,0,1,0,1,1,0,1.021,7,7,16.0,0.0,0,0.0,0.0,4.891,2.633,3.713,7.699,96,104,0,240,64,0,232,23,252,255,255,137,69,252,97,255,101,252,0,0,0,0,0,0,0,0,0,0,0,0,0,0,0,0,0,0,0,0,0,0,0,0,0,0,0,0,0,0,0,0,0,0,0,0,0,0,0,0,0,0,0,0,0,0,1.0,3.0,4.0,1.333,-1,1,30.0,0
0,0,0,0,0,0,0,0,97565,4194304,4096,4,0,106496,16896,1024,31744,27136,2097152,4096,4096,7,3,0.7,2,10,2,2,10,2,0,1,0,1,1,0,1.007,7,7,16.0,0.0,0,0.0,0.0,4.896,2.664,2.875,7.743,96,104,0,96,65,0,232,23,252,255,255,137,69,252,97,255,101,252,0,0,0,0,0,0,0,0,0,0,0,0,0,0,0,0,0,0,0,0,0,0,0,0,0,0,0,0,0,0,0,0,0,0,0,0,0,0,0,0,0,0,0,0,0,0,1.0,3.0,4.0,1.333,-1,1,30.0,0
0,0,0,0,0,0,0,0,0,4194304,4096,4,0,249856,23040,1024,120832,1024,1048576,4096,4096,4,2,0.667,2,5,2,2,5,2,0,1,0,1,1,0,1.002,4,4,1.002,0.0,0,0.0,0.0,5.305,3.148,2.066,7.824,96,104,0,96,67,0,232,23,252,255,255,137,69,252,97,255,101,252,0,0,0,0,0,0,0,0,0,0,0,0,0,0,0,0,0,0,0,0,0,0,0,0,0,0,0,0,0,0,0,0,0,0,0,0,0,0,0,0,0,0,0,0,0,0,1.0,3.0,4.0,1.333,5.0,1,94.0,0
0,0,0,0,0,0,0,0,62561,4194304,4096,4,0,77824,14336,1024,29696,1536,2097152,4096,4096,7,3,0.7,2,10,2,2,10,2,0,1,0,1,1,0,1.019,7,7,16.0,0.0,0,0.0,0.0,4.875,2.572,3.559,7.689,96,104,0,240,64,0,232,23,252,255,255,137,69,252,97,255,101,252,0,0,0,0,0,0,0,0,0,0,0,0,0,0,0,0,0,0,0,0,0,0,0,0,0,0,0,0,0,0,0,0,0,0,0,0,0,0,0,0,0,0,0,0,0,0,1.0,3.0,4.0,1.333,-1,1,30.0,0
0,0,0,0,0,0,0,0,82591,4194304,4096,4,0,73728,10240,1024,24576,1536,2097152,4096,4096,7,3,0.7,2,10,2,2,10,2,0,1,0,1,1,0,1.029,7,7,16.0,0.0,0,0.0,0.0,4.872,2.57,3.593,7.602,96,104,0,224,64,0,232,23,252,255,255,137,69,252,97,255,101,252,0,0,0,0,0,0,0,0,0,0,0,0,0,0,0,0,0,0,0,0,0,0,0,0,0,0,0,0,0,0,0,0,0,0,0,0,0,0,0,0,0,0,0,0,0,0,1.0,3.0,4.0,1.333,-1,1,30.0,0
0,0,0,0,0,0,0,0,81428,4194304,4096,4,0,81920,16896,1024,33280,1536,2097152,4096,4096,7,3,0.7,2,10,2,2,10,2,0,1,0,1,1,0,1.003,7,7,16.0,0.0,0,0.0,0.0,4.885,2.645,3.69,7.759,96,104,0,0,65,0,232,23,252,255,255,137,69,252,97,255,101,252,0,0,0,0,0,0,0,0,0,0,0,0,0,0,0,0,0,0,0,0,0,0,0,0,0,0,0,0,0,0,0,0,0,0,0,0,0,0,0,0,0,0,0,0,0,0,1.0,3.0,4.0,1.333,-1,1,30.0,0
0,0,0,0,0,0,0,0,68563,4194304,4096,4,0,77824,16384,1024,31744,1536,2097152,4096,4096,7,3,0.7,2,10,2,2,10,2,0,1,0,1,1,0,1.01,7,7,16.0,0.0,0,0.0,0.0,4.886,2.59,3.762,7.737,96,104,0,240,64,0,232,23,252,255,255,137,69,252,97,255,101,252,0,0,0,0,0,0,0,0,0,0,0,0,0,0,0,0,0,0,0,0,0,0,0,0,0,0,0,0,0,0,0,0,0,0,0,0,0,0,0,0,0,0,0,0,0,0,1.0,3.0,4.0,1.333,-1,1,30.0,0
0,0,0,0,0,0,0,1,318572,4194304,4096,5,0,503808,237568,1024,55296,0,1048576,4096,4096,4,1,0.8,2,4,2,2,4,2,0,1,0,1,1,0,1.003,3,3,1.055,0.0,0,0.0,0.0,4.079,3.72,4.051,7.93,96,104,0,208,68,0,232,23,252,255,255,137,69,252,97,255,101,252,0,0,0,0,0,0,0,0,0,0,0,0,0,0,0,0,0,0,0,0,0,0,0,0,0,0,0,0,0,0,0,0,0,0,0,0,0,0,0,0,0,0,0,0,0,0,1.0,3.0,4.0,1.333,5.0,1,112.0,0
0,0,0,0,0,0,0,0,85014,4194304,4096,4,0,77824,14848,1024,30208,1536,2097152,4096,4096,7,3,0.7,2,10,2,2,10,2,0,1,0,1,1,0,1.027,7,7,16.0,0.0,0,0.0,0.0,4.884,2.626,3.644,7.668,96,104,0,240,64,0,232,23,252,255,255,137,69,252,97,255,101,252,0,0,0,0,0,0,0,0,0,0,0,0,0,0,0,0,0,0,0,0,0,0,0,0,0,0,0,0,0,0,0,0,0,0,0,0,0,0,0,0,0,0,0,0,0,0,1.0,3.0,4.0,1.333,-1,1,30.0,0
0,0,0,0,0,0,0,0,0,4194304,4096,4,0,167936,58880,4096,35328,0,1048576,4096,4096,4,1,0.8,2,4,2,2,4,2,0,1,0,1,1,0,1.005,3,3,1.005,0.0,0,0.0,0.0,3.962,3.582,4.298,7.892,96,104,0,176,65,0,232,23,252,255,255,137,69,252,97,255,101,252,0,0,0,0,0,0,0,0,0,0,0,0,0,0,0,0,0,0,0,0,0,0,0,0,0,0,0,0,0,0,0,0,0,0,0,0,0,0,0,0,0,0,0,0,0,0,1.0,3.0,4.0,1.333,-1,1,156.0,0
0,0,0,0,0,0,0,0,305536,4194304,4096,4,0,368640,94208,4096,163840,0,1048576,4096,4096,4,1,0.8,2,4,2,2,4,2,0,1,0,1,1,0,1.003,3,3,1.014,0.0,0,0.0,0.0,3.08,4.027,3.456,7.925,96,104,0,0,68,0,232,23,252,255,255,137,69,252,97,255,101,252,0,0,0,0,0,0,0,0,0,0,0,0,0,0,0,0,0,0,0,0,0,0,0,0,0,0,0,0,0,0,0,0,0,0,0,0,0,0,0,0,0,0,0,0,0,0,1.0,3.0,4.0,1.333,5.0,1,152.0,0
0,0,0,0,0,0,0,0,78978,4194304,4096,4,0,61440,7168,1024,18944,1536,2097152,4096,4096,7,3,0.7,2,10,2,2,10,2,0,1,0,1,1,0,1.007,7,7,16.0,0.0,0,0.0,0.0,4.891,2.594,3.419,7.598,96,104,0,192,64,0,232,23,252,255,255,137,69,252,97,255,101,252,0,0,0,0,0,0,0,0,0,0,0,0,0,0,0,0,0,0,0,0,0,0,0,0,0,0,0,0,0,0,0,0,0,0,0,0,0,0,0,0,0,0,0,0,0,0,1.0,3.0,4.0,1.333,-1,1,30.0,0
0,0,0,0,0,0,0,0,105233,4194304,4096,4,0,131072,40960,1024,61440,1536,2097152,4096,4096,7,3,0.7,2,10,2,2,10,2,0,1,0,1,1,0,1.002,7,7,16.0,0.0,0,0.0,0.0,4.903,2.649,3.789,7.852,96,104,0,112,65,0,232,23,252,255,255,137,69,252,97,255,101,252,0,0,0,0,0,0,0,0,0,0,0,0,0,0,0,0,0,0,0,0,0,0,0,0,0,0,0,0,0,0,0,0,0,0,0,0,0,0,0,0,0,0,0,0,0,0,1.0,3.0,4.0,1.333,-1,1,30.0,0
0,0,0,0,0,0,0,0,122949,4194304,4096,4,0,380928,32768,1024,53760,268288,2097152,4096,4096,7,3,0.7,2,10,2,2,10,2,0,1,0,1,1,0,1.014,7,7,16.0,0.0,0,0.0,0.0,4.905,2.66,1.385,7.81,96,104,0,80,69,0,232,23,252,255,255,137,69,252,97,255,101,252,0,0,0,0,0,0,0,0,0,0,0,0,0,0,0,0,0,0,0,0,0,0,0,0,0,0,0,0,0,0,0,0,0,0,0,0,0,0,0,0,0,0,0,0,0,0,1.0,3.0,4.0,1.333,-1,1,30.0,0
0,0,1,0,0,0,0,1,178618,4194304,4096,5,1,225280,69120,1024,65024,0,1048576,4096,4096,4,1,0.8,2,4,2,2,4,2,0,1,0,1,1,0,1.001,3,3,1.15,0.0,0,0.0,0.0,3.757,3.873,4.206,7.911,96,104,0,64,66,0,232,23,252,255,255,137,69,252,97,255,101,252,0,0,0,0,0,0,0,0,0,0,0,0,0,0,0,0,0,0,0,0,0,0,0,0,0,0,0,0,0,0,0,0,0,0,0,0,0,0,0,0,0,0,0,0,0,0,1.0,3.0,4.0,1.333,5.0,1,14.0,0
0,0,0,0,0,0,0,0,83901,4194304,4096,4,0,139264,48128,1024,67072,2048,2097152,4096,4096,6,3,0.667,2,9,2,2,9,2,0,1,0,1,1,0,1.001,7,7,16.0,0.0,0,0.0,0.0,-1,2.557,3.356,7.897,96,104,0,112,65,0,232,23,252,255,255,137,69,252,97,255,101,252,0,0,0,0,0,0,0,0,0,0,0,0,0,0,0,0,0,0,0,0,0,0,0,0,0,0,0,0,0,0,0,0,0,0,0,0,0,0,0,0,0,0,0,0,0,0,1.0,3.0,4.0,1.333,-1,1,-1,0
0,0,0,0,0,0,0,0,44386,4194304,4096,4,0,77824,13824,1024,28672,1536,2097152,4096,4096,7,3,0.7,2,10,2,2,10,2,0,1,0,1,1,0,1.007,7,7,16.0,0.0,0,0.0,0.0,4.876,2.626,3.612,7.731,96,104,0,240,64,0,232,23,252,255,255,137,69,252,97,255,101,252,0,0,0,0,0,0,0,0,0,0,0,0,0,0,0,0,0,0,0,0,0,0,0,0,0,0,0,0,0,0,0,0,0,0,0,0,0,0,0,0,0,0,0,0,0,0,1.0,3.0,4.0,1.333,-1,1,30.0,0
0,0,1,0,1,0,0,0,50032,4194304,8192,4,0,57344,20480,4096,8192,0,1048576,4096,8192,2,1,0.667,2,2,2,2,2,2,0,1,0,1,1,0,1.119,1,1,2.667,0.0,0,0.0,-1,1.899,2.62,2.468,7.232,96,104,0,160,64,0,232,23,252,255,255,137,69,252,97,255,101,252,0,0,0,0,0,0,0,0,0,0,0,0,0,0,0,0,0,0,0,0,0,0,0,0,0,0,0,0,0,0,0,0,0,0,0,0,0,0,0,0,0,0,0,0,0,0,1.0,3.0,4.0,1.333,2.0,1,14.0,0
0,0,1,0,1,0,0,0,95545,4194304,8192,4,0,81920,40960,4096,8192,0,1048576,4096,8192,2,1,0.667,2,2,2,2,2,2,0,1,0,1,1,0,1.175,1,1,2.667,0.0,0,0.0,-1,1.897,2.695,2.975,7.151,96,104,0,224,64,0,232,23,252,255,255,137,69,252,97,255,101,252,0,0,0,0,0,0,0,0,0,0,0,0,0,0,0,0,0,0,0,0,0,0,0,0,0,0,0,0,0,0,0,0,0,0,0,0,0,0,0,0,0,0,0,0,0,0,1.0,3.0,4.0,1.333,2.0,1,14.0,0
0,0,0,0,0,0,0,0,38155,4194304,4096,4,0,65536,9728,1024,23552,1536,2097152,4096,4096,7,3,0.7,2,10,2,2,10,2,0,1,0,1,1,0,1.002,7,7,16.0,0.0,0,0.0,0.0,4.897,2.577,3.666,7.678,96,104,0,208,64,0,232,23,252,255,255,137,69,252,97,255,101,252,0,0,0,0,0,0,0,0,0,0,0,0,0,0,0,0,0,0,0,0,0,0,0,0,0,0,0,0,0,0,0,0,19,0,0,0,104,4,0,0,5,0,0,0,2,0,1.0,3.0,4.0,1.333,-1,1,30.0,0
0,0,0,0,0,0,0,0,0,4194304,4096,4,0,114688,56320,1024,2560,2048,33554432,4096,4096,4,1,0.8,2,5,2,2,5,2,0,1,0,1,1,0,1.007,4,4,1.007,0.0,0,0.0,0.0,-1,2.398,3.67,7.876,96,104,0,32,65,0,232,23,252,255,255,137,69,252,97,255,101,252,0,0,0,0,0,0,0,0,0,0,0,0,0,0,0,0,0,0,0,0,0,0,0,0,0,0,0,0,0,0,0,0,0,0,0,0,0,0,0,0,0,0,0,0,0,0,1.0,3.0,4.0,1.333,-1,1,-1,0
0,0,0,0,0,0,0,0,251352,4194304,4096,4,0,278528,69632,4096,126976,0,1048576,4096,4096,4,1,0.8,2,4,2,2,4,2,0,1,0,1,1,0,1.014,3,3,1.014,0.0,0,0.0,0.0,5.881,3.517,4.826,7.871,96,104,0,48,67,0,232,23,252,255,255,137,69,252,97,255,101,252,0,0,0,0,0,0,0,0,0,0,0,0,0,0,0,0,0,0,0,0,0,0,0,0,0,0,0,0,0,0,0,0,0,0,0,0,0,0,0,0,0,0,0,0,0,0,1.0,3.0,4.0,1.333,5.0,1,20.0,0
0,0,1,0,0,0,0,1,188711,4194304,4096,5,1,299008,99840,1024,81920,0,1048576,4096,4096,4,1,0.8,2,4,2,2,4,2,0,1,0,1,1,0,1.002,3,3,1.085,0.0,0,0.0,0.0,3.883,3.938,4.038,7.925,96,104,0,0,67,0,232,23,252,255,255,137,69,252,97,255,101,252,0,0,0,0,0,0,0,0,0,0,0,0,0,0,0,0,0,0,0,0,0,0,0,0,0,0,0,0,0,0,0,0,0,0,0,0,0,0,0,0,0,0,0,0,0,0,1.0,3.0,4.0,1.333,5.0,1,14.0,0
0,0,1,0,0,0,0,1,151834,4194304,4096,5,1,241664,75776,1024,71168,0,1048576,4096,4096,4,1,0.8,2,4,2,2,4,2,0,1,0,1,1,0,1.004,3,3,1.11,0.0,0,0.0,0.0,3.844,3.873,4.142,7.909,96,104,0,112,66,0,232,23,252,255,255,137,69,252,97,255,101,252,0,0,0,0,0,0,0,0,0,0,0,0,0,0,0,0,0,0,0,0,0,0,0,0,0,0,0,0,0,0,0,0,0,0,0,0,0,0,0,0,0,0,0,0,0,0,1.0,3.0,4.0,1.333,5.0,1,14.0,0
0,0,0,0,0,0,0,0,124765,4194304,4096,4,0,114688,32768,1024,56320,1536,2097152,4096,4096,7,3,0.7,2,10,2,2,10,2,0,1,0,1,1,0,1.001,7,7,16.0,0.0,0,0.0,0.0,4.879,2.667,4.032,7.844,96,104,0,80,65,0,232,23,252,255,255,137,69,252,97,255,101,252,0,0,0,0,0,0,0,0,0,0,0,0,0,0,0,0,0,0,0,0,0,0,0,0,0,0,0,0,0,0,0,0,19,0,0,0,40,10,0,0,5,0,0,0,2,0,1.0,3.0,4.0,1.333,-1,1,30.0,0
0,0,0,0,0,0,0,0,61369,4194304,4096,4,0,77824,14336,1024,29696,1536,2097152,4096,4096,7,3,0.7,2,10,2,2,10,2,0,1,0,1,1,0,1.021,7,7,16.0,0.0,0,0.0,0.0,4.891,2.61,3.658,7.683,96,104,0,240,64,0,232,23,252,255,255,137,69,252,97,255,101,252,0,0,0,0,0,0,0,0,0,0,0,0,0,0,0,0,0,0,0,0,0,0,0,0,0,0,0,0,0,0,0,0,0,0,0,0,0,0,0,0,0,0,0,0,0,0,1.0,3.0,4.0,1.333,-1,1,30.0,0
0,0,1,0,0,0,0,1,220066,4194304,4096,5,1,331776,137216,1024,66560,0,1048576,4096,4096,4,1,0.8,2,4,2,2,4,2,0,1,0,1,1,0,1.001,3,3,1.123,0.0,0,0.0,0.0,3.797,3.913,4.058,7.933,96,104,0,80,67,0,232,23,252,255,255,137,69,252,97,255,101,252,0,0,0,0,0,0,0,0,0,0,0,0,0,0,0,0,0,0,0,0,0,0,0,0,0,0,0,0,0,0,0,0,0,0,0,0,0,0,0,0,0,0,0,0,0,0,1.0,3.0,4.0,1.333,5.0,1,14.0,0
0,0,0,0,0,0,0,0,92381,4194304,4096,4,0,90112,16896,1024,32768,1536,2097152,4096,4096,7,3,0.7,2,10,2,2,10,2,0,1,0,1,1,0,1.024,7,7,16.0,0.0,0,0.0,0.0,4.885,2.616,3.495,7.697,96,104,0,16,65,0,232,23,252,255,255,137,69,252,97,255,101,252,0,0,0,0,0,0,0,0,0,0,0,0,0,0,0,0,0,0,0,0,0,0,0,0,0,0,0,0,0,0,0,0,0,0,0,0,0,0,0,0,0,0,0,0,0,0,1.0,3.0,4.0,1.333,-1,1,30.0,0
0,0,0,0,0,0,0,0,0,4194304,4096,4,0,184320,61440,4096,50176,0,1048576,4096,4096,4,1,0.8,2,4,2,2,4,2,0,1,0,1,1,0,1.006,3,3,1.008,0.0,0,0.0,0.0,5.073,3.604,4.887,7.893,96,104,0,224,65,0,232,23,252,255,255,137,69,252,97,255,101,252,0,0,0,0,0,0,0,0,0,0,0,0,0,0,0,0,0,0,0,0,0,0,0,0,0,0,0,0,0,0,0,0,0,0,0,0,0,0,0,0,0,0,0,0,0,0,1.0,3.0,4.0,1.333,-1,1,178.0,0
0,0,0,0,0,0,0,0,90806,4194304,4096,4,0,147456,24576,4096,77824,0,1048576,4096,4096,4,1,0.8,2,4,2,2,4,2,0,1,0,1,1,0,1.09,3,3,1.09,0.0,0,0.0,0.0,3.808,3.588,3.64,7.551,96,104,0,160,65,0,232,23,252,255,255,137,69,252,97,255,101,252,0,0,0,0,0,0,0,0,0,0,0,0,0,0,0,0,0,0,0,0,0,0,0,0,0,0,0,0,0,0,0,0,0,0,0,0,0,0,0,0,0,0,0,0,0,0,1.0,3.0,4.0,1.333,5.0,1,52.0,0
0,0,0,0,0,0,0,0,90693,4194304,4096,4,0,77824,12800,1024,27648,2560,2097152,4096,4096,7,3,0.7,2,10,2,2,10,2,0,1,0,1,1,0,1.023,7,7,16.0,0.0,0,0.0,0.0,4.888,2.613,3.576,7.667,96,104,0,240,64,0,232,23,252,255,255,137,69,252,97,255,101,252,0,0,0,0,0,0,0,0,0,0,0,0,0,0,0,0,0,0,0,0,0,0,0,0,0,0,0,0,0,0,0,0,0,0,0,0,0,0,0,0,0,0,0,0,0,0,1.0,3.0,4.0,1.333,-1,1,30.0,0
0,0,0,0,0,0,0,0,103010,4194304,4096,4,0,98304,24064,1024,42496,1536,2097152,4096,4096,7,3,0.7,2,10,2,2,10,2,0,1,0,1,1,0,1.01,7,7,16.0,0.0,0,0.0,0.0,4.886,2.603,3.824,7.791,96,104,0,32,65,0,232,23,252,255,255,137,69,252,97,255,101,252,0,0,0,0,0,0,0,0,0,0,0,0,0,0,0,0,0,0,0,0,0,0,0,0,0,0,0,0,0,0,0,0,0,0,0,0,0,0,0,0,0,0,0,0,0,0,1.0,3.0,4.0,1.333,-1,1,30.0,0
0,0,0,0,0,0,0,0,95089,4194304,4096,4,0,139264,30720,1024,45056,41472,2097152,4096,4096,6,3,0.667,2,9,2,2,9,2,0,1,0,1,1,0,1.013,7,7,16.0,0.0,0,0.0,0.0,-1,2.546,2.193,7.846,96,104,0,176,65,0,232,23,252,255,255,137,69,252,97,255,101,252,0,0,0,0,0,0,0,0,0,0,0,0,0,0,0,0,0,0,0,0,0,0,0,0,0,0,0,0,0,0,0,0,0,0,0,0,0,0,0,0,0,0,0,0,0,0,1.0,3.0,4.0,1.333,-1,1,-1,0
0,0,1,0,0,0,0,1,0,4194304,4096,5,1,40960,8192,1024,8192,0,1048576,4096,4096,4,1,0.8,2,4,2,2,4,2,0,1,0,1,1,0,1.0,3,3,1.067,0.0,0,0.0,0.0,4.698,3.624,2.968,7.665,96,104,0,112,64,0,232,23,252,255,255,137,69,252,97,255,101,252,0,0,0,0,0,0,0,0,0,0,0,0,0,0,0,0,0,0,0,0,0,0,0,0,0,0,0,0,0,0,0,0,0,0,0,0,0,0,0,0,0,0,0,0,0,0,1.0,3.0,4.0,1.333,5.0,1,8.0,0
0,0,0,0,0,0,0,0,74035,4194304,4096,4,0,139264,30720,1024,45056,41472,2097152,4096,4096,6,3,0.667,2,9,2,2,9,2,0,1,0,1,1,0,1.011,7,7,16.0,0.0,0,0.0,0.0,-1,2.534,2.227,7.856,96,104,0,176,65,0,232,23,252,255,255,137,69,252,97,255,101,252,0,0,0,0,0,0,0,0,0,0,0,0,0,0,0,0,0,0,0,0,0,0,0,0,0,0,0,0,0,0,0,0,0,0,0,0,0,0,0,0,0,0,0,0,0,0,1.0,3.0,4.0,1.333,-1,1,-1,0
0,0,1,0,1,0,0,0,81490,4194304,8192,4,0,73728,28672,4096,8192,0,1048576,4096,8192,2,1,0.667,2,2,2,2,2,2,0,1,0,1,1,0,1.173,1,1,2.943,0.0,0,0.0,-1,1.762,2.664,2.921,7.123,96,104,0,192,64,0,232,23,252,255,255,137,69,252,97,255,101,252,0,0,0,0,0,0,0,0,0,0,0,0,0,0,0,0,0,0,0,0,0,0,0,0,0,0,0,0,0,0,0,0,0,0,0,0,0,0,0,0,0,0,0,0,0,0,1.0,3.0,4.0,1.333,2.0,1,14.0,0
0,0,1,0,1,0,0,0,25623,4194304,8192,4,0,32768,7168,512,2048,0,1048576,4096,8192,2,1,0.667,2,2,2,2,2,2,0,1,0,1,1,0,1.034,1,1,1.034,0.0,0,0.0,-1,4.004,2.674,2.472,7.375,96,104,0,96,64,0,232,23,252,255,255,137,69,252,97,255,101,252,0,0,0,0,0,0,0,0,0,0,0,0,0,0,0,0,0,0,0,0,0,0,0,0,0,0,0,0,0,0,0,0,0,0,0,0,0,0,0,0,0,0,0,0,0,0,1.0,3.0,4.0,1.333,2.0,1,14.0,0
0,0,0,0,0,0,0,0,0,4194304,4096,4,0,1032192,530432,1024,124416,0,1048576,16384,4096,4,4,0.5,2,6,2,2,6,2,0,1,1,1,1,0,1.001,5,6,1.001,0.0,0,-1,-1,5.339,2.179,3.933,7.942,96,104,0,112,74,0,232,23,252,255,255,137,69,252,97,255,101,252,0,0,0,0,0,0,0,0,0,0,0,0,0,0,0,0,0,0,0,0,0,0,0,0,0,0,0,0,0,0,0,0,0,0,0,0,0,0,0,0,0,0,0,0,0,0,1.0,3.0,4.0,1.333,-1,1,252.0,0
0,0,0,0,0,0,0,0,0,4194304,4096,4,0,737280,417792,4096,110592,0,1048576,4096,4096,4,1,0.8,2,4,2,2,4,2,0,1,0,1,1,0,1.002,3,3,1.181,0.0,0,0.0,0.0,3.498,3.877,3.152,7.946,96,104,0,32,72,0,232,23,252,255,255,137,69,252,97,255,101,252,0,0,0,0,0,0,0,0,0,0,0,0,0,0,0,0,0,0,0,0,0,0,0,0,0,0,0,0,0,0,0,0,0,0,0,0,0,0,0,0,0,0,0,0,0,0,1.0,3.0,4.0,1.333,5.0,1,152.0,0
0,0,0,0,0,0,0,0,0,4194304,4096,4,0,94208,18432,1024,42496,0,1048576,4096,4096,4,1,0.8,2,4,2,2,4,2,0,1,0,1,1,0,1.015,3,3,1.096,0.0,0,0.0,0.0,5.275,3.793,2.46,7.741,96,104,0,32,65,0,232,23,252,255,255,137,69,252,97,255,101,252,0,0,0,0,0,0,0,0,0,0,0,0,0,0,0,0,0,0,0,0,0,0,0,0,0,0,0,0,0,0,0,0,0,0,0,0,0,0,0,0,0,0,0,0,0,0,1.0,3.0,4.0,1.333,5.0,1,32.0,0
0,0,1,0,0,0,0,1,466213,4194304,4096,5,1,569344,90112,1024,377856,0,1048576,4096,4096,4,1,0.8,2,4,2,2,4,2,0,1,0,1,1,0,1.001,3,3,1.002,0.0,0,0.0,0.0,6.065,3.974,4.939,7.926,96,104,0,64,71,0,232,23,252,255,255,137,69,252,97,255,101,252,0,0,0,0,0,0,0,0,0,0,0,0,0,0,0,0,0,0,0,0,0,0,0,0,0,0,0,0,0,0,0,0,0,0,0,0,0,0,0,0,0,0,0,0,0,0,1.0,3.0,4.0,1.333,5.0,1,24.0,0
0,0,0,0,0,0,0,0,85351,4194304,4096,4,0,458752,52224,1024,14848,332800,2097152,4096,4096,6,1,0.857,2,7,2,2,7,2,0,1,0,1,1,0,1.005,5,5,1.068,0.0,0,0.0,0.0,2.926,2.535,1.228,7.889,96,104,0,80,70,0,232,23,252,255,255,137,69,252,97,255,101,252,0,0,0,0,0,0,0,0,0,0,0,0,0,0,0,0,0,0,0,0,0,0,0,0,0,0,0,0,0,0,0,0,0,0,0,0,0,0,0,0,0,0,0,0,0,0,1.0,3.0,4.0,1.333,-1,1,20.0,0
0,0,0,0,0,0,0,1,0,4194304,4096,5,0,131072,51712,1024,19968,0,1048576,4096,4096,3,1,0.75,2,4,2,2,4,2,0,1,0,1,1,0,1.006,3,3,1.006,0.0,0,0.0,0.0,-1,3.605,3.806,7.88,96,104,0,64,65,0,232,23,252,255,255,137,69,252,97,255,101,252,0,0,0,0,0,0,0,0,0,0,0,0,0,0,0,0,0,0,0,0,0,0,0,0,0,0,0,0,0,0,0,0,0,0,0,0,0,0,0,0,0,0,0,0,0,0,1.0,3.0,4.0,1.333,5.0,1,-1,0
0,0,0,0,0,0,0,0,78881,4194304,4096,4,0,61440,12288,1024,19456,512,2097152,4096,4096,6,3,0.667,2,9,2,2,9,2,0,1,0,1,1,0,1.022,7,7,16.0,0.0,0,0.0,0.0,-1,2.446,2.519,7.671,96,104,0,176,64,0,232,23,252,255,255,137,69,252,97,255,101,252,0,0,0,0,0,0,0,0,0,0,0,0,0,0,0,0,0,0,0,0,0,0,0,0,0,0,0,0,0,0,0,0,0,0,0,0,0,0,0,0,0,0,0,0,0,0,1.0,3.0,4.0,1.333,-1,1,-1,0
0,0,0,0,0,0,0,0,74868,4194304,4096,4,0,86016,19456,1024,35328,1536,2097152,4096,4096,7,3,0.7,2,10,2,2,10,2,0,1,0,1,1,0,1.021,7,7,16.0,0.0,0,0.0,0.0,4.871,2.606,3.745,7.726,96,104,0,0,65,0,232,23,252,255,255,137,69,252,97,255,101,252,0,0,0,0,0,0,0,0,0,0,0,0,0,0,0,0,0,0,0,0,0,0,0,0,0,0,0,0,0,0,0,0,0,0,0,0,0,0,0,0,0,0,0,0,0,0,1.0,3.0,4.0,1.333,-1,1,30.0,0
0,0,1,0,0,0,0,1,6268317,4194304,4096,5,1,7315456,1693696,1024,4558848,0,1048576,4096,4096,4,1,0.8,2,3,2,2,3,2,0,1,0,1,1,0,1.0,2,2,1.001,0.0,0,0.0,0.0,6.224,4.381,5.464,7.937,96,104,0,144,159,0,232,23,252,255,255,137,69,252,97,255,101,252,0,0,0,0,0,0,0,0,0,0,0,0,0,0,0,0,0,0,0,0,0,0,0,0,0,0,0,0,0,0,0,0,0,0,0,0,0,0,0,0,0,0,0,0,0,0,1.0,3.0,4.0,1.333,18.0,0,874.0,0
0,0,0,0,0,0,0,0,99617,4194304,4096,4,0,118784,30208,1024,59392,2560,2097152,4096,4096,7,3,0.7,2,10,2,2,10,2,0,1,0,1,1,0,1.018,7,7,16.0,0.0,0,0.0,0.0,4.893,2.657,3.506,7.785,96,104,0,96,65,0,232,23,252,255,255,137,69,252,97,255,101,252,0,0,0,0,0,0,0,0,0,0,0,0,0,0,0,0,0,0,0,0,0,0,0,0,0,0,0,0,0,0,0,0,0,0,0,0,0,0,0,0,0,0,0,0,0,0,1.0,3.0,4.0,1.333,-1,1,30.0,0
0,0,0,0,0,0,0,0,108835,4194304,4096,4,0,90112,22528,1024,36352,1536,2097152,4096,4096,7,3,0.7,2,10,2,2,10,2,0,1,0,1,1,0,1.002,7,7,16.0,0.0,0,0.0,0.0,4.883,2.618,3.824,7.806,96,104,0,0,65,0,232,23,252,255,255,137,69,252,97,255,101,252,0,0,0,0,0,0,0,0,0,0,0,0,0,0,0,0,0,0,0,0,0,0,0,0,0,0,0,0,0,0,0,0,0,0,0,0,0,0,0,0,0,0,0,0,0,0,1.0,3.0,4.0,1.333,-1,1,30.0,0
0,0,0,0,0,0,0,0,65557,4194304,4096,4,0,73728,12288,1024,27648,1536,2097152,4096,4096,7,3,0.7,2,10,2,2,10,2,0,1,0,1,1,0,1.003,7,7,16.0,0.0,0,0.0,0.0,4.883,2.553,3.727,7.733,96,104,0,224,64,0,232,23,252,255,255,137,69,252,97,255,101,252,0,0,0,0,0,0,0,0,0,0,0,0,0,0,0,0,0,0,0,0,0,0,0,0,0,0,0,0,0,0,0,0,0,0,0,0,0,0,0,0,0,0,0,0,0,0,1.0,3.0,4.0,1.333,-1,1,30.0,0
0,0,0,0,0,0,0,0,96998,4194304,4096,4,0,86016,15872,1024,32768,1536,2097152,4096,4096,7,3,0.7,2,10,2,2,10,2,0,1,0,1,1,0,1.014,7,7,16.0,0.0,0,0.0,0.0,4.883,2.634,3.707,7.727,96,104,0,0,65,0,232,23,252,255,255,137,69,252,97,255,101,252,0,0,0,0,0,0,0,0,0,0,0,0,0,0,0,0,0,0,0,0,0,0,0,0,0,0,0,0,0,0,0,0,0,0,0,0,0,0,0,0,0,0,0,0,0,0,1.0,3.0,4.0,1.333,-1,1,30.0,0
0,0,0,0,0,0,0,0,81829,4194304,4096,4,0,65536,10240,1024,23552,1536,2097152,4096,4096,7,3,0.7,2,10,2,2,10,2,0,1,0,1,1,0,1.041,7,7,16.0,0.0,0,0.0,0.0,4.883,2.559,3.614,7.549,96,104,0,208,64,0,232,23,252,255,255,137,69,252,97,255,101,252,0,0,0,0,0,0,0,0,0,0,0,0,0,0,0,0,0,0,0,0,0,0,0,0,0,0,0,0,0,0,0,0,0,0,0,0,0,0,0,0,0,0,0,0,0,0,1.0,3.0,4.0,1.333,-1,1,30.0,0
0,0,0,0,0,0,0,0,71046,4194304,4096,4,0,81920,16384,1024,32768,1536,2097152,4096,4096,7,3,0.7,2,10,2,2,10,2,0,1,0,1,1,0,1.028,7,7,16.0,0.0,0,0.0,0.0,4.895,2.614,3.919,7.686,96,104,0,240,64,0,232,23,252,255,255,137,69,252,97,255,101,252,0,0,0,0,0,0,0,0,0,0,0,0,0,0,0,0,0,0,0,0,0,0,0,0,0,0,0,0,0,0,0,0,0,0,0,0,0,0,0,0,0,0,0,0,0,0,1.0,3.0,4.0,1.333,-1,1,30.0,0
0,0,0,0,0,0,0,0,46587,4194304,4096,4,0,81920,15872,1024,30720,1536,2097152,4096,4096,7,3,0.7,2,10,2,2,10,2,0,1,0,1,1,0,1.013,7,7,16.0,0.0,0,0.0,0.0,4.882,2.635,3.754,7.731,96,104,0,240,64,0,232,23,252,255,255,137,69,252,97,255,101,252,0,0,0,0,0,0,0,0,0,0,0,0,0,0,0,0,0,0,0,0,0,0,0,0,0,0,0,0,0,0,0,0,0,0,0,0,0,0,0,0,0,0,0,0,0,0,1.0,3.0,4.0,1.333,-1,1,30.0,0
0,0,0,0,0,0,0,0,92511,4194304,4096,4,0,81920,17408,1024,31744,1536,2097152,4096,4096,7,3,0.7,2,10,2,2,10,2,0,1,0,1,1,0,1.024,7,7,16.0,0.0,0,0.0,0.0,4.889,2.585,3.808,7.703,96,104,0,240,64,0,232,23,252,255,255,137,69,252,97,255,101,252,0,0,0,0,0,0,0,0,0,0,0,0,0,0,0,0,0,0,0,0,0,0,0,0,0,0,0,0,0,0,0,0,0,0,0,0,0,0,0,0,0,0,0,0,0,0,1.0,3.0,4.0,1.333,-1,1,30.0,0
0,0,0,0,0,0,0,0,57884,4194304,4096,4,0,90112,19968,1024,37376,1536,2097152,4096,4096,7,3,0.7,2,10,2,2,10,2,0,1,0,1,1,0,1.007,7,7,16.0,0.0,0,0.0,0.0,4.883,2.649,3.712,7.785,96,104,0,16,65,0,232,23,252,255,255,137,69,252,97,255,101,252,0,0,0,0,0,0,0,0,0,0,0,0,0,0,0,0,0,0,0,0,0,0,0,0,0,0,0,0,0,0,0,0,0,0,0,0,0,0,0,0,0,0,0,0,0,0,1.0,3.0,4.0,1.333,-1,1,30.0,0
0,0,0,0,0,0,0,0,94877,4194304,4096,4,0,86016,25600,1024,32256,3072,2097152,4096,4096,6,3,0.667,2,9,2,2,9,2,0,1,0,1,1,0,1.013,7,7,16.0,0.0,0,0.0,0.0,-1,2.513,2.983,7.78,96,104,0,240,64,0,232,23,252,255,255,137,69,252,97,255,101,252,0,0,0,0,0,0,0,0,0,0,0,0,0,0,0,0,0,0,0,0,0,0,0,0,0,0,0,0,0,0,0,0,0,0,0,0,0,0,0,0,0,0,0,0,0,0,1.0,3.0,4.0,1.333,-1,1,-1,0
0,0,0,0,0,0,0,0,0,4194304,4096,4,0,118784,45056,4096,32768,0,1048576,4096,4096,4,1,0.8,2,4,2,2,4,2,0,1,0,1,1,0,1.07,3,3,1.184,0.0,0,0.0,0.0,2.945,3.589,3.737,7.632,96,104,0,64,65,0,232,23,252,255,255,137,69,252,97,255,101,252,0,0,0,0,0,0,0,0,0,0,0,0,0,0,0,0,0,0,0,0,0,0,0,0,0,0,0,0,0,0,0,0,0,0,0,0,0,0,0,0,0,0,0,0,0,0,1.0,3.0,4.0,1.333,5.0,1,60.0,0
0,0,0,0,0,0,0,1,102949,4194304,4096,5,0,126976,61440,1024,9216,0,1048576,8192,4096,3,1,0.75,2,3,2,2,3,2,0,1,0,1,1,0,1.007,2,2,1.156,0.0,0,0.0,0.0,4.16,4.126,4.269,7.865,96,104,0,48,65,0,232,23,252,255,255,137,69,252,97,255,101,252,0,0,0,0,0,0,0,0,0,0,0,0,0,0,0,0,0,0,0,0,0,0,0,0,0,0,0,0,0,0,0,0,0,0,0,0,0,0,0,0,0,0,0,0,0,0,1.0,3.0,4.0,1.333,5.0,1,14.0,0
0,0,0,0,0,0,0,0,94875,4194304,4096,4,0,65536,8704,1024,20992,1536,2097152,4096,4096,7,3,0.7,2,10,2,2,10,2,0,1,0,1,1,0,1.041,7,7,16.0,0.0,0,0.0,0.0,4.893,2.576,3.421,7.518,96,104,0,208,64,0,232,23,252,255,255,137,69,252,97,255,101,252,0,0,0,0,0,0,0,0,0,0,0,0,0,0,0,0,0,0,0,0,0,0,0,0,0,0,0,0,0,0,0,0,0,0,0,0,0,0,0,0,0,0,0,0,0,0,1.0,3.0,4.0,1.333,-1,1,30.0,0
0,0,0,0,0,0,0,1,3240184,4194304,4096,5,0,4018176,1161216,1024,2016256,0,1048576,4096,4096,4,1,0.8,2,4,2,2,4,2,0,1,0,1,1,0,1.001,3,3,1.001,0.0,0,0.0,0.0,6.712,4.26,5.032,7.948,96,104,0,240,112,0,232,23,252,255,255,137,69,252,97,255,101,252,0,0,0,0,0,0,0,0,0,0,0,0,0,0,0,0,0,0,0,0,0,0,0,0,0,0,0,0,0,0,0,0,0,0,0,0,0,0,0,0,0,0,0,0,0,0,1.0,3.0,4.0,1.333,5.0,1,970.0,0
0,0,0,0,0,0,0,0,86962,4194304,4096,4,0,81920,16384,1024,32256,2048,2097152,4096,4096,7,3,0.7,2,10,2,2,10,2,0,1,0,1,1,0,1.027,7,7,16.0,0.0,0,0.0,0.0,4.902,2.6,3.79,7.669,96,104,0,240,64,0,232,23,252,255,255,137,69,252,97,255,101,252,0,0,0,0,0,0,0,0,0,0,0,0,0,0,0,0,0,0,0,0,0,0,0,0,0,0,0,0,0,0,0,0,0,0,0,0,0,0,0,0,0,0,0,0,0,0,1.0,3.0,4.0,1.333,-1,1,30.0,0
0,0,0,0,0,0,0,0,80039,4194304,4096,4,0,61440,7680,1024,20480,1536,2097152,4096,4096,7,3,0.7,2,10,2,2,10,2,0,1,0,1,1,0,1.043,7,7,16.0,0.0,0,0.0,0.0,4.909,2.598,3.525,7.484,96,104,0,192,64,0,232,23,252,255,255,137,69,252,97,255,101,252,0,0,0,0,0,0,0,0,0,0,0,0,0,0,0,0,0,0,0,0,0,0,0,0,0,0,0,0,0,0,0,0,0,0,0,0,0,0,0,0,0,0,0,0,0,0,1.0,3.0,4.0,1.333,-1,1,30.0,0
0,0,1,0,0,0,0,1,294187,4194304,4096,5,1,598016,162304,1024,283648,0,1048576,4096,4096,4,1,0.8,2,4,2,2,4,2,0,1,0,1,1,0,1.001,3,3,1.208,0.0,0,0.0,0.0,3.64,4.026,2.817,7.928,96,104,0,0,71,0,232,23,252,255,255,137,69,252,97,255,101,252,0,0,0,0,0,0,0,0,0,0,0,0,0,0,0,0,0,0,0,0,0,0,0,0,0,0,0,0,0,0,0,0,0,0,0,0,0,0,0,0,0,0,0,0,0,0,1.0,3.0,4.0,1.333,5.0,1,14.0,0
0,0,0,0,0,0,0,0,66798,4194304,4096,4,0,73728,11776,1024,28672,2560,2097152,4096,4096,7,3,0.7,2,10,2,2,10,2,0,1,0,1,1,0,1.027,7,7,16.0,0.0,0,0.0,0.0,4.895,2.568,3.859,7.648,96,104,0,224,64,0,232,23,252,255,255,137,69,252,97,255,101,252,0,0,0,0,0,0,0,0,0,0,0,0,0,0,0,0,0,0,0,0,0,0,0,0,0,0,0,0,0,0,0,0,0,0,0,0,0,0,0,0,0,0,0,0,0,0,1.0,3.0,4.0,1.333,-1,1,30.0,0
0,0,0,0,0,0,0,0,91842,4194304,4096,4,0,69632,9216,1024,22528,7680,2097152,4096,4096,7,3,0.7,2,10,2,2,10,2,0,1,0,1,1,0,1.007,7,7,16.0,0.0,0,0.0,0.0,4.883,2.574,3.423,7.663,96,104,0,224,64,0,232,23,252,255,255,137,69,252,97,255,101,252,0,0,0,0,0,0,0,0,0,0,0,0,0,0,0,0,0,0,0,0,0,0,0,0,0,0,0,0,0,0,0,0,0,0,0,0,0,0,0,0,0,0,0,0,0,0,1.0,3.0,4.0,1.333,-1,1,30.0,0
0,0,0,0,0,0,0,0,102410,4194304,4096,4,0,81920,17920,1024,33792,1536,2097152,4096,4096,7,3,0.7,2,10,2,2,10,2,0,1,0,1,1,0,1.028,7,7,16.0,0.0,0,0.0,0.0,4.894,2.618,3.594,7.682,96,104,0,0,65,0,232,23,252,255,255,137,69,252,97,255,101,252,0,0,0,0,0,0,0,0,0,0,0,0,0,0,0,0,0,0,0,0,0,0,0,0,0,0,0,0,0,0,0,0,0,0,0,0,0,0,0,0,0,0,0,0,0,0,1.0,3.0,4.0,1.333,-1,1,30.0,0
0,0,0,0,0,0,0,0,58257,4194304,4096,4,0,73728,10240,1024,24576,7680,2097152,4096,4096,7,3,0.7,2,10,2,2,10,2,0,1,0,1,1,0,1.005,7,7,16.0,0.0,0,0.0,0.0,4.904,2.607,3.379,7.693,96,104,0,240,64,0,232,23,252,255,255,137,69,252,97,255,101,252,0,0,0,0,0,0,0,0,0,0,0,0,0,0,0,0,0,0,0,0,0,0,0,0,0,0,0,0,0,0,0,0,0,0,0,0,0,0,0,0,0,0,0,0,0,0,1.0,3.0,4.0,1.333,-1,1,30.0,0
0,0,0,0,0,0,0,0,104038,4194304,4096,4,0,122880,37376,1024,59392,2560,2097152,4096,4096,7,3,0.7,2,10,2,2,10,2,0,1,0,1,1,0,1.014,7,7,16.0,0.0,0,0.0,0.0,4.895,2.683,3.813,7.822,96,104,0,96,65,0,232,23,252,255,255,137,69,252,97,255,101,252,0,0,0,0,0,0,0,0,0,0,0,0,0,0,0,0,0,0,0,0,0,0,0,0,0,0,0,0,0,0,0,0,0,0,0,0,0,0,0,0,0,0,0,0,0,0,1.0,3.0,4.0,1.333,-1,1,30.0,0
0,0,0,0,0,0,0,0,90141,4194304,4096,4,0,69632,9728,1024,23552,1536,2097152,4096,4096,7,3,0.7,2,10,2,2,10,2,0,1,0,1,1,0,1.001,7,7,16.0,0.0,0,0.0,0.0,4.892,2.566,3.534,7.71,96,104,0,224,64,0,232,23,252,255,255,137,69,252,97,255,101,252,0,0,0,0,0,0,0,0,0,0,0,0,0,0,0,0,0,0,0,0,19,0,0,0,204,4,0,0,5,0,0,0,2,0,0,0,0,0,49,0,0,0,160,0,0,0,1.0,3.0,4.0,1.333,-1,1,30.0,0
0,0,0,0,0,0,0,0,55853,4194304,4096,4,0,81920,16384,1024,31744,1536,2097152,4096,4096,7,3,0.7,2,10,2,2,10,2,0,1,0,1,1,0,1.029,7,7,16.0,0.0,0,0.0,0.0,4.878,2.601,3.797,7.685,96,104,0,240,64,0,232,23,252,255,255,137,69,252,97,255,101,252,0,0,0,0,0,0,0,0,0,0,0,0,0,0,0,0,0,0,0,0,0,0,0,0,0,0,0,0,0,0,0,0,0,0,0,0,0,0,0,0,0,0,0,0,0,0,1.0,3.0,4.0,1.333,-1,1,30.0,0
0,0,0,0,0,0,0,0,185413,4194304,4096,4,0,204800,24576,4096,126976,0,1048576,4096,4096,4,1,0.8,2,4,2,2,4,2,0,1,0,1,1,0,1.083,3,3,1.515,0.0,0,0.0,0.0,2.4,3.603,2.894,7.6,96,104,0,96,66,0,232,23,252,255,255,137,69,252,97,255,101,252,0,0,0,0,0,0,0,0,0,0,0,0,0,0,0,0,0,0,0,0,0,0,0,0,0,0,0,0,0,0,0,0,0,0,0,0,0,0,0,0,0,0,0,0,0,0,1.0,3.0,4.0,1.333,5.0,1,26.0,0
0,0,0,0,0,0,0,0,46275,4194304,4096,4,0,98304,34816,1024,43520,3584,2097152,4096,4096,6,2,0.75,2,8,2,2,8,2,0,1,0,1,1,0,1.014,6,6,16.0,0.0,0,0.0,0.0,-1,2.541,3.301,7.815,96,104,0,0,65,0,232,23,252,255,255,137,69,252,97,255,101,252,0,0,0,0,0,0,0,0,0,0,0,0,0,0,0,0,0,0,0,0,0,0,0,0,0,0,0,0,0,0,0,0,0,0,0,0,0,0,0,0,0,0,0,0,0,0,1.0,3.0,4.0,1.333,-1,1,-1,0
0,0,0,0,0,0,0,0,53467,4194304,4096,4,0,69632,10240,1024,24576,1536,2097152,4096,4096,7,3,0.7,2,10,2,2,10,2,0,1,0,1,1,0,1.004,7,7,16.0,0.0,0,0.0,0.0,4.895,2.603,3.587,7.713,96,104,0,224,64,0,232,23,252,255,255,137,69,252,97,255,101,252,0,0,0,0,0,0,0,0,0,0,0,0,0,0,0,0,0,0,0,0,0,0,0,0,0,0,0,0,0,0,0,0,0,0,0,0,0,0,0,0,0,0,0,0,0,0,1.0,3.0,4.0,1.333,-1,1,30.0,0
0,0,0,0,0,0,0,0,38708,4194304,4096,4,0,65536,9216,1024,21504,1536,2097152,4096,4096,7,3,0.7,2,10,2,2,10,2,0,1,0,1,1,0,1.003,7,7,16.0,0.0,0,0.0,0.0,4.874,2.578,3.418,7.666,96,104,0,208,64,0,232,23,252,255,255,137,69,252,97,255,101,252,0,0,0,0,0,0,0,0,0,0,0,0,0,0,0,0,0,0,0,0,0,0,0,0,0,0,0,0,0,0,0,0,0,0,0,0,19,0,0,0,20,3,0,0,5,0,1.0,3.0,4.0,1.333,-1,1,30.0,0
0,0,0,0,0,0,0,0,59437,4194304,4096,4,0,98304,22528,1024,39424,1536,2097152,4096,4096,7,3,0.7,2,10,2,2,10,2,0,1,0,1,1,0,1.017,7,7,16.0,0.0,0,0.0,0.0,4.889,2.613,3.627,7.756,96,104,0,32,65,0,232,23,252,255,255,137,69,252,97,255,101,252,0,0,0,0,0,0,0,0,0,0,0,0,0,0,0,0,0,0,0,0,0,0,0,0,0,0,0,0,0,0,0,0,0,0,0,0,0,0,0,0,0,0,0,0,0,0,1.0,3.0,4.0,1.333,-1,1,30.0,0
0,0,1,0,1,0,0,0,68981,4194304,8192,4,0,49152,12288,4096,8192,0,1048576,4096,8192,2,1,0.667,2,2,2,2,2,2,0,1,0,1,1,0,1.462,1,1,2.626,0.0,0,0.0,-1,1.924,2.686,2.422,5.919,96,104,0,128,64,0,232,23,252,255,255,137,69,252,97,255,101,252,0,0,0,0,0,0,0,0,0,0,0,0,0,0,0,0,0,0,0,0,0,0,0,0,0,0,0,0,0,0,0,0,0,0,0,0,0,0,0,0,0,0,0,0,0,0,1.0,3.0,4.0,1.333,2.0,1,14.0,0
0,0,0,0,0,0,0,0,73496,4194304,4096,4,0,98304,10752,1024,40960,1536,2097152,4096,4096,7,3,0.7,2,10,2,2,10,2,0,1,0,1,1,0,1.007,7,7,16.0,0.0,0,0.0,0.0,4.891,2.589,4.124,7.853,96,104,0,16,65,0,232,23,252,255,255,137,69,252,97,255,101,252,0,0,0,0,0,0,0,0,0,0,0,0,0,0,0,0,0,0,0,0,0,0,0,0,0,0,0,0,0,0,0,0,0,0,0,0,0,0,0,0,0,0,0,0,0,0,1.0,3.0,4.0,1.333,-1,1,30.0,0
0,0,1,0,0,0,0,1,99805,268435456,4096,5,0,94208,44032,1024,4608,0,1048576,8192,4096,3,1,0.75,2,3,2,2,3,2,0,1,0,1,1,0,1.011,2,2,1.033,0.0,0,0.0,0.0,4.162,4.213,4.269,7.82,96,104,0,240,0,16,232,23,252,255,255,137,69,252,97,255,101,252,0,0,0,0,0,0,0,0,0,0,0,0,0,0,0,0,0,0,0,0,0,0,0,0,0,0,0,0,0,0,0,0,0,0,0,0,0,0,0,0,0,0,0,0,0,0,1.0,3.0,4.0,1.333,5.0,1,28.0,0
0,0,0,0,0,0,0,0,52127,4194304,4096,4,0,73728,11264,1024,25600,1536,2097152,4096,4096,7,3,0.7,2,10,2,2,10,2,0,1,0,1,1,0,1.011,7,7,16.0,0.0,0,0.0,0.0,4.891,2.592,3.576,7.684,96,104,0,224,64,0,232,23,252,255,255,137,69,252,97,255,101,252,0,0,0,0,0,0,0,0,0,0,0,0,0,0,0,0,0,0,0,0,0,0,0,0,0,0,0,0,0,0,0,0,0,0,0,0,0,0,0,0,0,0,0,0,0,0,1.0,3.0,4.0,1.333,-1,1,30.0,0
0,0,0,0,1,0,0,0,0,4194304,4096,4,0,36864,3072,1024,15872,0,1048576,4096,4096,4,1,0.8,2,4,2,2,4,2,0,1,0,1,1,0,1.08,3,3,1.08,0.0,0,0.0,0.0,5.036,3.161,3.258,7.072,96,104,0,112,64,0,232,23,252,255,255,137,69,252,97,255,101,252,0,0,0,0,0,0,0,0,0,0,0,0,0,0,0,0,0,0,0,0,0,0,0,0,0,0,0,0,0,0,0,0,0,0,0,0,0,0,0,0,0,0,0,0,0,0,1.0,3.0,4.0,1.333,5.0,1,36.0,0
0,0,0,0,0,0,0,0,209146,4194304,4096,4,0,196608,24576,4096,122880,0,1048576,4096,4096,3,1,0.75,2,4,2,2,4,2,0,1,0,1,1,0,1.004,3,3,1.004,0.0,0,0.0,0.0,-1,3.789,2.87,7.885,96,104,0,80,66,0,232,23,252,255,255,137,69,252,97,255,101,252,0,0,0,0,0,0,0,0,0,0,0,0,0,0,0,0,0,0,0,0,0,0,0,0,0,0,0,0,0,0,0,0,0,0,0,0,0,0,0,0,0,0,0,0,0,0,1.0,3.0,4.0,1.333,5.0,1,-1,0
0,0,0,0,0,0,0,0,0,4194304,4096,4,0,364544,145408,1024,80384,0,1048576,4096,4096,4,1,0.8,2,4,2,2,4,2,0,1,0,1,1,0,1.003,3,3,1.009,0.0,0,0.0,0.0,3.85,3.849,4.096,7.919,96,104,0,160,67,0,232,23,252,255,255,137,69,252,97,255,101,252,0,0,0,0,0,0,0,0,0,0,0,0,0,0,0,0,0,0,0,0,0,0,0,0,0,0,0,0,0,0,0,0,0,0,0,0,0,0,0,0,0,0,0,0,0,0,1.0,3.0,4.0,1.333,5.0,1,248.0,0
0,0,0,0,0,0,0,0,0,4194304,4096,4,0,385024,155648,1024,82432,0,1048576,4096,4096,4,1,0.8,2,4,2,2,4,2,0,1,0,1,1,0,1.003,3,3,1.009,0.0,0,0.0,0.0,3.851,3.881,4.084,7.92,96,104,0,208,67,0,232,23,252,255,255,137,69,252,97,255,101,252,0,0,0,0,0,0,0,0,0,0,0,0,0,0,0,0,0,0,0,0,0,0,0,0,0,0,0,0,0,0,0,0,0,0,0,0,0,0,0,0,0,0,0,0,0,0,1.0,3.0,4.0,1.333,5.0,1,248.0,0
0,0,0,0,0,0,0,0,0,4194304,4096,4,0,155648,65536,4096,28672,0,1048576,4096,4096,4,1,0.8,2,4,2,2,4,2,0,1,0,1,1,0,1.002,3,3,4.303,0.0,0,0.0,0.0,0.988,3.584,3.826,7.898,96,104,0,128,65,0,232,23,252,255,255,137,69,252,97,255,101,252,0,0,0,0,0,0,0,0,0,0,0,0,0,0,0,0,0,0,0,0,0,0,0,0,0,0,0,0,0,0,0,0,0,0,0,0,0,0,0,0,0,0,0,0,0,0,1.0,3.0,4.0,1.333,5.0,1,8.0,0
0,0,0,0,0,0,0,0,78256,4194304,4096,4,0,311296,9216,4096,14336,1024,4194304,8192,4096,6,2,0.75,3,6,2,3,6,2,0,1,0,0,0,0,1.054,1,1,29.0,0.0,0,5.309,0.111,2.709,2.558,7.021,5.309,85,137,229,131,236,8,199,4,36,2,0,0,0,255,21,224,113,64,0,232,168,254,255,255,144,141,180,38,0,0,0,0,85,139,13,0,114,64,0,137,229,93,255,225,141,116,38,0,85,139,13,236,113,64,0,137,229,93,255,225,144,144,144,144,18.0,200.0,23.0,0.115,-1,1,8.0,0
0,0,0,0,0,0,0,1,131903,4194304,4096,5,0,360448,55296,4096,15360,0,2097152,8192,4096,4,2,0.667,3,3,2,3,3,2,0,1,0,0,0,0,1.001,0,1,29.0,0.448,0,6.203,0.562,5.198,3.665,7.029,6.203,232,219,4,0,0,233,64,253,255,255,139,255,85,139,236,129,236,40,3,0,0,163,48,50,65,0,137,13,44,50,65,0,137,21,40,50,65,0,137,29,36,50,65,0,137,53,32,50,65,0,137,61,28,50,65,0,102,140,21,72,50,65,0,102,18.0,200.0,23.0,0.115,17.0,0,8.0,0
0,0,0,0,0,0,0,0,102643,4194304,4096,4,0,364544,9216,4096,57344,1536,4194304,8192,4096,7,4,0.636,3,8,2,3,8,2,0,1,0,0,0,0,1.005,1,1,29.0,0.0,0,5.653,0.426,4.878,2.743,7.068,5.653,131,236,12,199,5,24,244,64,0,1,0,0,0,232,190,14,0,0,131,196,12,233,166,252,255,255,141,182,0,0,0,0,131,236,12,199,5,24,244,64,0,0,0,0,0,232,158,14,0,0,131,196,12,233,134,252,255,255,144,144,144,144,144,144,18.0,200.0,23.0,0.115,2.0,1,30.0,0
0,0,0,0,0,0,0,0,0,4194304,4096,4,0,323584,32768,4096,2048,512,67108864,8192,4096,4,2,0.667,3,5,2,3,5,2,0,1,0,0,0,0,1.004,1,1,29.0,0.0,0,6.085,0.29,-1,2.463,7.024,6.085,85,137,229,83,106,0,232,53,127,0,0,232,216,125,0,0,232,203,255,255,255,232,42,0,0,0,255,53,8,144,64,0,255,53,4,144,64,0,255,53,0,144,64,0,232,175,9,0,0,137,195,232,184,125,0,0,83,232,10,127,0,0,139,93,18.0,200.0,23.0,0.115,-1,1,-1,0
0,0,0,0,0,0,0,0,36632,4194304,4096,4,0,319488,14336,4096,23040,0,2097152,8192,4096,4,2,0.667,3,3,2,3,3,2,0,1,0,0,0,0,1.031,0,1,29.0,0.646,0,6.042,4.566,6.349,2.219,7.075,6.042,85,139,236,131,236,68,86,255,21,120,80,64,0,139,240,138,6,60,34,117,20,138,70,1,70,132,192,116,4,60,34,117,244,128,62,34,117,13,70,235,10,60,32,126,6,70,128,62,32,127,250,138,6,132,192,116,4,60,32,126,233,131,101,232,18.0,200.0,23.0,0.115,14.0,1,40.0,0
0,0,0,0,0,0,0,0,82591,4194304,4096,4,0,331776,10240,4096,24576,1536,4194304,8192,4096,7,4,0.636,3,8,2,3,8,2,0,1,0,0,0,0,1.007,1,1,29.0,0.0,0,5.538,0.462,4.872,2.679,6.987,5.538,131,236,12,199,5,152,100,64,0,1,0,0,0,232,142,18,0,0,131,196,12,233,166,252,255,255,141,182,0,0,0,0,131,236,12,199,5,152,100,64,0,0,0,0,0,232,110,18,0,0,131,196,12,233,134,252,255,255,144,144,144,144,144,144,18.0,200.0,23.0,0.115,2.0,1,30.0,0
0,0,0,0,0,0,0,1,318572,4194304,4096,5,0,589824,237568,4096,55296,0,2097152,8192,4096,4,2,0.667,3,3,2,3,3,2,0,1,0,0,0,0,1.001,0,1,29.0,0.374,0,6.363,3.279,4.079,3.558,6.764,6.363,232,214,172,0,0,233,120,254,255,255,204,204,204,204,204,204,204,204,204,204,204,204,204,204,139,76,36,4,247,193,3,0,0,0,116,36,138,1,131,193,1,132,192,116,78,247,193,3,0,0,0,117,239,5,0,0,0,0,141,164,36,0,0,0,18.0,200.0,23.0,0.115,15.0,0,112.0,0
0,0,0,0,0,0,0,0,0,4194304,4096,4,0,356352,40960,4096,23552,0,2097152,8192,4096,4,2,0.667,3,3,2,3,3,2,0,1,0,0,0,0,1.001,0,1,29.0,0.215,0,6.037,0.984,3.741,3.387,6.867,6.037,106,112,104,120,179,64,0,232,226,1,0,0,51,219,83,139,61,80,176,64,0,255,215,102,129,56,77,90,117,31,139,72,60,3,200,129,57,80,69,0,0,117,18,15,183,65,24,61,11,1,0,0,116,31,61,11,2,0,0,116,5,137,93,228,18.0,200.0,23.0,0.115,-1,1,168.0,0
0,0,1,0,0,0,0,1,172037,4194304,4096,5,1,413696,64512,4096,62464,0,2097152,8192,4096,4,2,0.667,3,3,2,3,3,2,0,1,0,0,0,0,1.004,0,1,29.0,0.399,0,6.319,3.248,3.811,3.663,6.838,6.319,232,48,88,0,0,233,123,254,255,255,106,16,104,72,189,65,0,232,52,13,0,0,51,255,137,125,228,106,1,232,133,0,0,0,89,33,125,252,106,3,94,137,117,224,59,53,36,2,66,0,125,83,161,32,2,66,0,139,4,176,133,192,116,68,18.0,200.0,23.0,0.115,8.0,1,14.0,0
0,0,0,0,0,0,0,0,0,4194304,4096,4,0,356352,45056,4096,32768,0,2097152,8192,4096,4,2,0.667,3,3,2,3,3,2,0,1,0,0,0,0,1.078,0,0,29.0,1.0,0,5.772,0.371,3.194,3.464,6.778,5.772,106,112,104,160,195,64,0,232,228,1,0,0,51,219,83,139,61,140,192,64,0,255,215,102,129,56,77,90,117,31,139,72,60,3,200,129,57,80,69,0,0,117,18,15,183,65,24,61,11,1,0,0,116,31,61,11,2,0,0,116,5,137,93,228,18.0,200.0,23.0,0.115,-1,1,132.0,0
0,0,0,0,0,0,0,0,100090,4194304,4096,4,0,331776,10240,4096,25088,1536,4194304,8192,4096,7,4,0.636,3,8,2,3,8,2,0,1,0,0,0,0,1.015,1,1,29.0,0.0,0,5.573,0.422,4.875,2.685,6.983,5.573,131,236,12,199,5,24,100,64,0,1,0,0,0,232,78,18,0,0,131,196,12,233,166,252,255,255,141,182,0,0,0,0,131,236,12,199,5,24,100,64,0,0,0,0,0,232,46,18,0,0,131,196,12,233,134,252,255,255,144,144,144,144,144,144,18.0,200.0,23.0,0.115,5.0,1,30.0,0
0,0,0,0,0,0,0,0,0,4194304,4096,4,0,385024,58880,4096,35328,0,2097152,8192,4096,4,2,0.667,3,3,2,3,3,2,0,1,0,0,0,0,1.008,0,1,29.0,0.351,0,6.007,1.191,3.962,3.458,6.857,6.007,106,112,104,80,4,65,0,232,224,1,0,0,51,219,83,139,61,228,0,65,0,255,215,102,129,56,77,90,117,31,139,72,60,3,200,129,57,80,69,0,0,117,18,15,183,65,24,61,11,1,0,0,116,31,61,11,2,0,0,116,5,137,93,228,18.0,200.0,23.0,0.115,-1,1,156.0,0
0,0,0,0,0,0,0,0,119154,4194304,4096,4,0,372736,49152,4096,45056,0,2097152,8192,4096,4,2,0.667,3,3,2,3,3,2,0,1,0,0,0,0,1.005,0,1,29.0,0.725,0,6.378,1.341,3.751,3.477,6.835,6.378,232,39,63,0,0,233,22,254,255,255,85,139,236,129,236,40,3,0,0,163,56,65,65,0,137,13,52,65,65,0,137,21,48,65,65,0,137,29,44,65,65,0,137,53,40,65,65,0,137,61,36,65,65,0,102,140,21,80,65,65,0,102,140,13,18.0,200.0,23.0,0.115,8.0,0,44.0,0
0,0,0,0,0,0,0,0,305536,4194304,4096,4,0,536576,94208,4096,163840,0,2097152,8192,4096,4,2,0.667,3,3,2,3,3,2,0,1,0,0,0,0,1.012,0,1,29.0,0.957,0,6.357,5.336,3.08,3.757,6.83,6.357,85,139,236,106,255,104,192,144,65,0,104,76,231,64,0,100,161,0,0,0,0,80,100,137,37,0,0,0,0,131,236,88,83,86,87,137,101,232,255,21,52,130,65,0,51,210,138,212,137,21,112,142,67,0,139,200,129,225,255,0,0,0,137,13,18.0,200.0,23.0,0.115,31.0,0,152.0,0
0,0,1,0,0,0,0,1,178618,4194304,4096,5,1,421888,69120,4096,65024,0,2097152,8192,4096,4,2,0.667,3,3,2,3,3,2,0,1,0,0,0,0,1.004,0,1,29.0,0.381,0,6.316,3.303,3.757,3.667,6.821,6.316,232,181,91,0,0,233,123,254,255,255,106,16,104,88,211,65,0,232,46,13,0,0,51,255,137,125,228,106,1,232,133,0,0,0,89,33,125,252,106,3,94,137,117,224,59,53,132,36,66,0,125,83,161,128,36,66,0,139,4,176,133,192,116,68,18.0,200.0,23.0,0.115,15.0,1,14.0,0
0,0,0,0,0,0,0,0,67011,4194304,4096,4,0,327680,9728,4096,23040,1536,4194304,8192,4096,7,4,0.636,3,8,2,3,8,2,0,1,0,0,0,0,1.001,1,1,29.0,0.0,0,5.719,0.443,4.876,2.724,7.001,5.719,131,236,12,199,5,24,100,64,0,1,0,0,0,232,222,16,0,0,131,196,12,233,166,252,255,255,141,182,0,0,0,0,131,236,12,199,5,24,100,64,0,0,0,0,0,232,190,16,0,0,131,196,12,233,134,252,255,255,144,144,144,144,144,144,18.0,200.0,23.0,0.115,42.0,1,30.0,0
0,0,0,0,0,0,0,0,0,4194304,4096,4,0,339968,49152,4096,12288,0,2097152,8192,4096,3,2,0.6,3,3,2,3,3,2,0,1,0,0,0,0,1.004,0,0,29.0,1.0,0,6.283,3.312,-1,3.44,6.974,6.283,85,139,236,106,255,104,16,210,64,0,104,8,205,64,0,100,161,0,0,0,0,80,100,137,37,0,0,0,0,131,236,32,83,86,87,137,101,232,131,101,252,0,106,1,255,21,176,208,64,0,89,131,13,192,244,64,0,255,131,13,196,244,64,0,18.0,200.0,23.0,0.115,14.0,1,-1,0
0,0,1,0,0,0,0,1,138903,4194304,4096,5,1,397312,55296,4096,53760,0,2097152,8192,4096,4,2,0.667,3,3,2,3,3,2,0,1,0,0,0,0,1.005,0,1,29.0,0.375,0,6.401,3.423,3.763,3.599,6.935,6.401,232,225,59,0,0,233,123,254,255,255,85,139,236,129,236,40,3,0,0,161,208,144,65,0,51,197,137,69,252,131,125,8,255,87,116,9,255,117,8,232,225,64,0,0,89,131,165,224,252,255,255,0,141,133,228,252,255,255,106,76,106,0,80,232,18.0,200.0,23.0,0.115,12.0,1,14.0,0
0,0,0,0,0,0,0,0,0,4194304,4096,4,0,364544,48128,4096,26112,0,2097152,8192,4096,4,2,0.667,3,3,2,3,3,2,0,1,0,0,0,0,1.001,0,1,29.0,0.332,0,6.053,2.615,3.756,3.327,6.85,6.053,106,112,104,16,212,64,0,232,228,1,0,0,51,219,83,139,61,252,208,64,0,255,215,102,129,56,77,90,117,31,139,72,60,3,200,129,57,80,69,0,0,117,18,15,183,65,24,61,11,1,0,0,116,31,61,11,2,0,0,116,5,137,93,228,18.0,200.0,23.0,0.115,-1,1,160.0,0
0,0,0,0,0,0,0,1,80981,486539264,4096,5,0,315392,2560,4096,23552,0,4000000,8192,4096,4,2,0.667,3,3,2,3,3,2,0,1,0,0,0,0,1.028,0,1,29.0,0.564,0,5.733,0.234,4.367,3.425,6.988,5.733,232,234,3,0,0,233,215,252,255,255,139,255,85,139,236,139,69,8,139,0,129,56,99,115,109,224,117,42,131,120,16,3,117,36,139,64,20,61,32,5,147,25,116,21,61,33,5,147,25,116,14,61,34,5,147,25,116,7,61,0,64,153,1,117,18.0,200.0,23.0,0.115,14.0,0,44.0,0
0,0,0,0,0,0,0,0,251352,4194304,4096,4,0,483328,69632,4096,126976,0,2097152,8192,4096,4,2,0.667,3,3,2,3,3,2,0,1,0,0,0,0,1.056,0,1,29.0,0.567,0,6.202,1.377,5.881,3.422,6.708,6.202,232,229,112,0,0,233,64,254,255,255,45,164,3,0,0,116,34,131,232,4,116,23,131,232,13,116,12,72,116,3,51,192,195,184,4,4,0,0,195,184,18,4,0,0,195,184,4,8,0,0,195,184,17,4,0,0,195,83,85,86,87,189,1,1,18.0,200.0,23.0,0.115,17.0,1,20.0,0
0,0,1,0,0,0,0,1,188711,4194304,4096,5,1,471040,99840,4096,81920,0,2097152,8192,4096,4,2,0.667,3,3,2,3,3,2,0,1,0,0,0,0,1.003,0,1,29.0,0.417,0,6.291,2.56,3.883,3.77,6.734,6.291,232,22,111,0,0,233,123,254,255,255,85,139,236,129,236,40,3,0,0,161,224,168,66,0,51,197,137,69,252,131,125,8,255,87,116,9,255,117,8,232,157,101,0,0,89,131,165,224,252,255,255,0,141,133,228,252,255,255,106,76,106,0,80,232,18.0,200.0,23.0,0.115,25.0,1,14.0,0
0,0,1,0,0,0,0,1,151834,4194304,4096,5,1,434176,75776,4096,71168,0,2097152,8192,4096,4,2,0.667,3,3,2,3,3,2,0,1,0,0,0,0,1.0,0,1,29.0,0.267,0,6.335,3.33,3.844,3.759,6.814,6.335,232,150,106,0,0,233,123,254,255,255,85,139,236,129,236,40,3,0,0,161,208,16,66,0,51,197,137,69,252,131,125,8,255,87,116,9,255,117,8,232,172,102,0,0,89,131,165,224,252,255,255,0,141,133,228,252,255,255,106,76,106,0,80,232,18.0,200.0,23.0,0.115,6.0,1,14.0,0
0,0,0,0,0,0,0,1,180666,4194304,4096,5,0,466944,134656,4096,36352,0,2097152,8192,4096,4,2,0.667,3,3,2,3,3,2,0,1,0,0,0,0,1.003,0,1,29.0,0.297,0,6.26,2.239,4.414,3.504,6.826,6.26,232,45,171,0,0,233,164,254,255,255,45,164,3,0,0,116,34,131,232,4,116,23,131,232,13,116,12,72,116,3,51,192,195,184,4,4,0,0,195,184,18,4,0,0,195,184,4,8,0,0,195,184,17,4,0,0,195,139,255,86,87,139,240,104,18.0,200.0,23.0,0.115,29.0,0,14.0,0
0,0,1,0,0,0,0,1,167346,4194304,4096,5,1,434176,78336,4096,64512,0,2097152,8192,4096,4,2,0.667,3,3,2,3,3,2,0,1,0,0,0,0,1.002,0,1,29.0,0.396,0,6.279,3.321,3.82,3.765,6.807,6.279,232,7,113,0,0,233,123,254,255,255,85,139,236,129,236,40,3,0,0,161,208,32,66,0,51,197,137,69,252,131,125,8,255,87,116,9,255,117,8,232,217,113,0,0,89,131,165,224,252,255,255,0,141,133,228,252,255,255,106,76,106,0,80,232,18.0,200.0,23.0,0.115,13.0,1,14.0,0
0,0,1,0,0,0,0,1,215373,4194304,4096,5,1,458752,97280,4096,73728,0,2097152,8192,4096,4,2,0.667,3,3,2,3,3,2,0,1,0,0,0,0,1.003,0,1,29.0,0.48,0,6.308,2.911,3.778,3.719,6.748,6.308,232,73,139,0,0,233,123,254,255,255,85,139,236,129,236,40,3,0,0,161,224,123,66,0,51,197,137,69,252,131,125,8,255,87,116,9,255,117,8,232,161,112,0,0,89,131,165,224,252,255,255,0,141,133,228,252,255,255,106,76,106,0,80,232,18.0,200.0,23.0,0.115,11.0,1,14.0,0
0,0,1,0,0,0,0,1,290116,4194304,4096,5,1,565248,86528,4096,189952,0,2097152,8192,4096,4,2,0.667,3,3,2,3,3,2,0,1,0,0,0,0,1.004,0,1,29.0,0.365,0,6.308,3.334,6.207,3.771,6.725,6.308,232,189,105,0,0,233,123,254,255,255,85,139,236,129,236,40,3,0,0,161,208,64,66,0,51,197,137,69,252,131,125,8,255,87,116,9,255,117,8,232,150,98,0,0,89,131,165,224,252,255,255,0,141,133,228,252,255,255,106,76,106,0,80,232,18.0,200.0,23.0,0.115,18.0,1,20.0,0
0,0,1,0,0,0,0,1,364782,4194304,4096,5,1,622592,102912,4096,231936,0,2097152,8192,4096,4,2,0.667,3,3,2,3,3,2,0,1,0,0,0,0,1.001,0,1,29.0,0.129,0,6.311,3.38,6.139,3.841,6.639,6.311,232,214,151,0,0,233,123,254,255,255,85,139,236,129,236,40,3,0,0,161,144,177,66,0,51,197,137,69,252,131,125,8,255,87,116,9,255,117,8,232,168,152,0,0,89,131,165,224,252,255,255,0,141,133,228,252,255,255,106,76,106,0,80,232,18.0,200.0,23.0,0.115,22.0,1,20.0,0
0,0,1,0,0,0,0,1,210000,4194304,4096,5,1,425984,76800,4096,66048,0,2097152,8192,4096,4,2,0.667,3,3,2,3,3,2,0,1,0,0,0,0,1.002,0,1,29.0,0.339,0,6.288,3.337,3.763,3.73,6.815,6.288,232,35,111,0,0,233,123,254,255,255,85,139,236,129,236,40,3,0,0,161,208,0,66,0,51,197,137,69,252,131,125,8,255,87,116,9,255,117,8,232,207,86,0,0,89,131,165,224,252,255,255,0,141,133,228,252,255,255,106,76,106,0,80,232,18.0,200.0,23.0,0.115,6.0,1,14.0,0
0,0,0,0,0,0,0,0,101938,4194304,4096,4,0,364544,50688,4096,27136,0,2097152,8192,4096,4,2,0.667,3,3,2,3,3,2,0,1,0,0,0,0,1.003,0,1,29.0,0.134,0,6.038,1.215,3.988,3.491,6.916,6.038,106,112,104,0,228,64,0,232,226,1,0,0,51,219,83,139,61,16,225,64,0,255,215,102,129,56,77,90,117,31,139,72,60,3,200,129,57,80,69,0,0,117,18,15,183,65,24,61,11,1,0,0,116,31,61,11,2,0,0,116,5,137,93,228,18.0,200.0,23.0,0.115,10.0,0,152.0,0
0,0,0,0,0,0,0,1,485761,4194304,4096,5,0,1171456,199168,4096,244224,0,2097152,8192,4096,4,2,0.667,3,3,2,3,3,2,0,1,0,0,0,0,1.0,0,1,29.0,0.05,0,6.258,4.988,5.889,3.621,5.032,6.258,232,70,190,0,0,233,120,254,255,255,139,255,86,87,51,246,191,176,46,68,0,131,60,245,60,184,67,0,1,117,30,141,4,245,56,184,67,0,137,56,104,160,15,0,0,255,48,131,199,24,232,185,190,0,0,89,89,133,192,116,12,70,131,254,18.0,200.0,23.0,0.115,14.0,0,182.0,0
0,0,0,0,0,0,0,0,65428,4194304,4096,4,0,335872,12800,4096,27136,1536,4194304,8192,4096,7,4,0.636,3,8,2,3,8,2,0,1,0,0,0,0,1.012,1,1,29.0,0.0,0,5.66,0.422,4.884,2.702,6.931,5.66,131,236,12,199,5,152,116,64,0,1,0,0,0,232,78,28,0,0,131,196,12,233,166,252,255,255,141,182,0,0,0,0,131,236,12,199,5,152,116,64,0,0,0,0,0,232,46,28,0,0,131,196,12,233,134,252,255,255,144,144,144,144,144,144,18.0,200.0,23.0,0.115,3.0,1,30.0,0
0,0,1,0,0,0,0,1,220066,4194304,4096,5,1,491520,137216,4096,66560,0,2097152,8192,4096,4,2,0.667,3,3,2,3,3,2,0,1,0,0,0,0,1.004,0,1,29.0,0.408,0,6.266,3.253,3.797,3.763,6.732,6.266,232,155,134,0,0,233,53,254,255,255,106,16,104,160,234,66,0,232,207,13,0,0,51,255,137,125,228,106,1,232,133,0,0,0,89,33,125,252,106,3,94,137,117,224,59,53,4,49,67,0,125,83,161,0,49,67,0,139,4,176,133,192,116,68,18.0,200.0,23.0,0.115,7.0,0,14.0,0
0,0,0,0,0,0,0,0,0,4194304,4096,4,0,1863680,1122304,4096,90112,0,2097152,16384,4096,8,2,0.8,3,4,2,3,4,2,0,1,0,0,0,0,0.999,0,8,29.0,0.125,0,6.269,4.621,6.044,1.643,6.542,6.269,235,16,102,98,58,67,43,43,72,79,79,75,144,233,152,48,81,0,161,139,48,81,0,193,224,2,163,143,48,81,0,82,106,0,232,203,7,17,0,139,208,232,106,131,14,0,90,232,200,130,14,0,232,159,131,14,0,106,0,232,220,151,14,0,18.0,200.0,23.0,0.115,-1,1,236.0,0
0,0,0,0,0,0,0,0,104208,4194304,4096,4,0,360448,33280,4096,33280,0,2097152,131072,4096,2,5,0.286,4,3,2,4,3,2,0,1,1,1,1,0,1.007,0,1,29.0,0.217,0,-1,-1,3.911,2.817,6.968,6.183,232,215,0,0,0,133,192,117,5,232,10,0,0,0,80,255,21,36,67,65,0,195,144,144,85,137,229,131,236,28,141,117,228,139,29,236,162,64,0,139,61,228,162,64,0,235,28,144,86,83,87,255,21,124,67,65,0,133,192,117,14,86,255,21,18.0,200.0,23.0,0.115,7.0,1,88.0,0
0,0,0,0,0,0,0,0,269152,4194304,4096,4,0,630784,36864,4096,315392,0,2097152,8192,4096,4,2,0.667,3,3,2,3,3,2,0,1,0,0,0,0,1.005,0,1,29.0,0.442,0,6.403,5.265,4.454,3.586,6.324,6.403,85,139,236,106,255,104,64,162,64,0,104,40,120,64,0,100,161,0,0,0,0,80,100,137,37,0,0,0,0,131,236,88,83,86,87,137,101,232,255,21,108,160,64,0,51,210,138,212,137,21,56,117,66,0,139,200,129,225,255,0,0,0,137,13,18.0,200.0,23.0,0.115,9.0,0,60.0,0
0,0,0,0,0,0,0,0,83505,4194304,4096,4,0,368640,19456,4096,62464,1536,4194304,8192,4096,7,4,0.636,3,8,2,3,8,2,0,1,0,0,0,0,1.019,1,1,29.0,0.0,0,5.762,0.376,4.886,2.769,6.714,5.762,131,236,12,199,5,24,245,64,0,1,0,0,0,232,94,41,0,0,131,196,12,233,166,252,255,255,141,182,0,0,0,0,131,236,12,199,5,24,245,64,0,0,0,0,0,232,62,41,0,0,131,196,12,233,134,252,255,255,144,144,144,144,144,144,18.0,200.0,23.0,0.115,2.0,1,30.0,0
0,0,0,0,0,0,0,0,0,4194304,4096,4,0,397312,61440,4096,50176,0,2097152,8192,4096,4,2,0.667,3,3,2,3,3,2,0,1,0,0,0,0,1.001,0,1,29.0,0.258,0,6.032,2.566,5.073,3.403,6.835,6.032,106,112,104,96,4,65,0,232,228,1,0,0,51,219,83,139,61,224,0,65,0,255,215,102,129,56,77,90,117,31,139,72,60,3,200,129,57,80,69,0,0,117,18,15,183,65,24,61,11,1,0,0,116,31,61,11,2,0,0,116,5,137,93,228,18.0,200.0,23.0,0.115,-1,1,178.0,0
0,0,1,0,0,0,0,1,186936,4194304,4096,5,1,417792,67584,4096,62464,0,2097152,8192,4096,4,2,0.667,3,3,2,3,3,2,0,1,0,0,0,0,1.003,0,1,29.0,0.435,0,6.3,3.134,3.794,3.683,6.836,6.3,232,127,94,0,0,233,123,254,255,255,106,16,104,232,204,65,0,232,43,13,0,0,51,255,137,125,228,106,1,232,133,0,0,0,89,33,125,252,106,3,94,137,117,224,59,53,132,18,66,0,125,83,161,128,18,66,0,139,4,176,133,192,116,68,18.0,200.0,23.0,0.115,7.0,1,14.0,0
0,0,1,0,0,0,0,1,6268317,4194304,4096,5,1,6537216,1693696,4096,4558848,0,2097152,8192,4096,4,2,0.667,3,3,2,3,3,2,0,1,0,0,0,0,1.0,0,1,29.0,0.648,0,6.286,4.927,6.224,4.18,6.339,6.286,232,232,17,0,0,233,122,254,255,255,85,139,236,255,117,8,232,123,180,252,255,89,93,195,59,13,64,164,96,0,242,117,2,242,195,242,233,1,13,0,0,139,77,244,100,137,13,0,0,0,0,89,95,95,94,91,139,229,93,81,242,195,139,77,18.0,200.0,23.0,0.115,18.0,0,874.0,0
0,0,0,0,0,0,0,0,164088,4194304,4096,4,0,401408,67584,4096,43520,0,2097152,8192,4096,4,2,0.667,3,3,2,3,3,2,0,1,0,0,0,0,1.003,0,1,29.0,0.242,0,6.117,2.452,4.845,3.663,6.83,6.117,106,112,104,80,36,65,0,232,4,2,0,0,51,255,87,255,21,156,32,65,0,102,129,56,77,90,117,31,139,72,60,3,200,129,57,80,69,0,0,117,18,15,183,65,24,61,11,1,0,0,116,31,61,11,2,0,0,116,5,137,125,228,235,39,18.0,200.0,23.0,0.115,2.0,0,184.0,0
0,0,0,0,0,0,0,0,140793,4194304,4096,4,0,376832,47104,4096,40960,0,2097152,8192,4096,4,2,0.667,3,3,2,3,3,2,0,1,0,0,0,0,1.004,0,1,29.0,0.176,0,6.07,2.902,4.992,3.588,6.867,6.07,106,112,104,0,212,64,0,232,6,2,0,0,51,255,87,255,21,140,208,64,0,102,129,56,77,90,117,31,139,72,60,3,200,129,57,80,69,0,0,117,18,15,183,65,24,61,11,1,0,0,116,31,61,11,2,0,0,116,5,137,125,228,235,39,18.0,200.0,23.0,0.115,8.0,0,156.0,0
0,0,1,0,0,0,0,1,184107,4194304,4096,5,1,425984,72192,4096,66048,0,2097152,8192,4096,4,2,0.667,3,3,2,3,3,2,0,1,0,0,0,0,1.001,0,1,29.0,0.399,0,6.341,3.211,3.789,3.747,6.822,6.341,232,118,90,0,0,233,123,254,255,255,85,139,236,129,236,40,3,0,0,161,132,2,66,0,51,197,137,69,252,131,125,8,255,87,116,9,255,117,8,232,119,81,0,0,89,131,165,224,252,255,255,0,141,133,228,252,255,255,106,76,106,0,80,232,18.0,200.0,23.0,0.115,5.0,0,14.0,0
0,0,0,0,0,0,0,0,0,4194304,4096,4,0,770048,339456,4096,136192,0,1048576,262144,4096,4,2,0.667,3,3,2,3,3,2,0,1,0,0,0,0,1.001,0,1,29.0,0.403,0,6.407,4.089,4.959,3.791,6.626,6.407,106,96,104,184,185,69,0,232,206,14,0,0,191,148,0,0,0,139,199,232,110,222,255,255,137,101,232,139,244,137,62,86,255,21,8,67,69,0,139,78,16,137,13,88,165,70,0,139,70,4,163,100,165,70,0,139,86,8,137,21,104,165,70,0,18.0,200.0,23.0,0.115,9.0,1,404.0,0
0,0,0,0,0,0,0,0,1689401,4194304,4096,4,0,1945600,1332224,4096,321536,0,2097152,8192,4096,4,2,0.667,3,3,2,3,3,2,0,1,0,0,0,0,1.0,0,1,29.0,0.973,0,6.39,6.625,4.235,3.743,6.637,6.39,85,139,236,131,236,68,86,255,21,208,113,84,0,139,240,138,6,60,34,116,16,60,32,126,30,70,128,62,32,127,250,235,22,60,34,116,17,70,138,6,132,192,117,245,60,34,117,7,235,4,60,32,127,7,70,138,6,132,192,117,245,131,101,232,18.0,200.0,23.0,0.115,16.0,1,106.0,0
0,0,0,0,0,0,0,0,125289,4194304,4096,4,0,389120,55808,4096,44032,0,2097152,8192,4096,4,2,0.667,3,3,2,3,3,2,0,1,0,0,0,0,1.004,0,1,29.0,0.246,0,6.103,2.469,4.892,3.55,6.838,6.103,106,112,104,240,243,64,0,232,6,2,0,0,51,255,87,255,21,132,240,64,0,102,129,56,77,90,117,31,139,72,60,3,200,129,57,80,69,0,0,117,18,15,183,65,24,61,11,1,0,0,116,31,61,11,2,0,0,116,5,137,125,228,235,39,18.0,200.0,23.0,0.115,8.0,0,176.0,0
0,0,0,0,0,0,0,0,135896,4194304,4096,4,0,393216,62464,4096,36352,0,2097152,8192,4096,4,2,0.667,3,3,2,3,3,2,0,1,0,0,0,0,1.005,0,1,29.0,0.094,0,6.103,4.415,4.635,3.682,6.809,6.103,106,112,104,64,20,65,0,232,2,2,0,0,51,255,87,255,21,156,16,65,0,102,129,56,77,90,117,31,139,72,60,3,200,129,57,80,69,0,0,117,18,15,183,65,24,61,11,1,0,0,116,31,61,11,2,0,0,116,5,137,125,228,235,39,18.0,200.0,23.0,0.115,5.0,0,140.0,0
0,0,0,0,0,0,0,0,164999,4194304,4096,4,0,421888,20480,4096,122880,0,2097152,8192,4096,3,2,0.6,3,3,2,3,3,2,0,1,0,0,0,0,1.043,0,1,29.0,0.96,0,6.288,5.279,-1,3.483,7.014,6.288,85,139,236,106,255,104,56,97,64,0,104,164,63,64,0,100,161,0,0,0,0,80,100,137,37,0,0,0,0,131,236,16,83,86,87,137,101,232,255,21,156,96,64,0,51,210,138,212,137,21,68,30,66,0,139,200,129,225,255,0,0,0,137,13,18.0,200.0,23.0,0.115,8.0,1,-1,0
0,0,0,0,0,0,0,0,0,4194304,4096,4,0,352256,38912,4096,22016,0,2097152,8192,4096,4,2,0.667,3,3,2,3,3,2,0,1,0,0,0,0,1.006,0,1,29.0,0.246,0,6.053,1.285,4.15,3.473,6.942,6.053,106,112,104,144,179,64,0,232,226,1,0,0,51,219,83,139,61,4,177,64,0,255,215,102,129,56,77,90,117,31,139,72,60,3,200,129,57,80,69,0,0,117,18,15,183,65,24,61,11,1,0,0,116,31,61,11,2,0,0,116,5,137,93,228,18.0,200.0,23.0,0.115,-1,1,124.0,0
0,0,0,0,0,0,0,1,639394,4194304,4096,5,0,1916928,206336,4096,1424384,0,2097152,8192,4096,4,2,0.667,3,3,2,3,3,2,0,1,0,0,0,0,1.002,0,1,29.0,0.005,0,6.35,3.506,6.211,3.688,3.909,6.35,232,207,171,0,0,233,120,254,255,255,139,255,85,139,236,86,139,117,8,87,86,232,87,173,0,0,89,131,248,255,116,80,161,0,243,83,0,131,254,1,117,9,246,128,132,0,0,0,1,117,11,131,254,2,117,28,246,64,68,1,116,22,106,2,18.0,200.0,23.0,0.115,4.0,0,78.0,0
0,0,0,0,0,0,0,0,280941,4194304,4096,4,0,516096,77824,4096,159744,0,2097152,8192,4096,4,2,0.667,3,3,2,3,3,2,0,1,0,0,0,0,1.041,0,1,29.0,0.833,0,6.296,5.347,3.545,3.736,6.913,6.296,85,139,236,106,255,104,176,69,65,0,104,52,174,64,0,100,161,0,0,0,0,80,100,137,37,0,0,0,0,131,236,88,83,86,87,137,101,232,255,21,160,65,65,0,51,210,138,212,137,21,128,54,67,0,139,200,129,225,255,0,0,0,137,13,18.0,200.0,23.0,0.115,11.0,1,120.0,0
0,0,0,0,0,0,0,1,504430,4194304,4096,5,0,835584,206848,4096,253440,0,2097152,8192,4096,4,2,0.667,3,3,2,3,3,2,0,1,0,0,0,0,1.001,0,1,29.0,0.069,0,6.35,2.895,5.969,3.656,6.473,6.35,232,196,192,0,0,233,120,254,255,255,139,255,85,139,236,81,86,139,117,12,86,232,46,90,0,0,137,69,12,139,70,12,89,168,130,117,23,232,181,15,0,0,199,0,9,0,0,0,131,78,12,32,131,200,255,233,47,1,0,0,168,64,116,13,18.0,200.0,23.0,0.115,21.0,0,214.0,0
0,0,0,0,0,0,0,0,0,4194304,4096,4,0,356352,45056,4096,32768,0,2097152,8192,4096,4,2,0.667,3,3,2,3,3,2,0,1,0,0,0,0,1.018,0,0,29.0,1.0,0,5.772,3.551,2.945,3.537,6.854,5.772,85,139,236,106,255,104,168,201,64,0,104,58,169,64,0,100,161,0,0,0,0,80,100,137,37,0,0,0,0,131,236,104,83,86,87,137,101,232,51,219,137,93,252,106,2,95,87,255,21,124,195,64,0,89,131,13,88,250,64,0,255,131,13,92,18.0,200.0,23.0,0.115,11.0,1,60.0,0
0,0,0,0,0,0,0,0,169803,4194304,4096,4,0,421888,20480,4096,122880,0,2097152,8192,4096,3,2,0.6,3,3,2,3,3,2,0,1,0,0,0,0,1.036,0,1,29.0,0.985,0,6.322,5.26,-1,3.497,6.961,6.322,85,139,236,106,255,104,56,97,64,0,104,228,62,64,0,100,161,0,0,0,0,80,100,137,37,0,0,0,0,131,236,16,83,86,87,137,101,232,255,21,136,96,64,0,51,210,138,212,137,21,120,33,66,0,139,200,129,225,255,0,0,0,137,13,18.0,200.0,23.0,0.115,9.0,1,-1,0
0,0,0,0,0,0,0,1,3240184,4194304,4096,5,0,3481600,1161216,4096,2016256,0,2097152,8192,4096,4,2,0.667,3,3,2,3,3,2,0,1,0,0,0,0,1.0,0,1,29.0,0.876,0,6.393,3.466,6.712,4.083,6.629,6.393,232,181,88,0,0,233,121,254,255,255,59,13,112,215,87,0,117,2,243,195,233,55,89,0,0,139,255,85,139,236,86,139,117,20,87,51,255,59,247,117,4,51,192,235,101,57,125,8,117,27,232,101,41,0,0,106,22,94,137,48,87,87,87,87,18.0,200.0,23.0,0.115,35.0,0,970.0,0
0,0,1,0,0,0,0,1,294187,4194304,4096,5,1,733184,162304,4096,283648,0,2097152,8192,4096,4,2,0.667,3,3,2,3,3,2,0,1,0,0,0,0,1.003,0,1,29.0,0.064,0,6.287,1.603,3.64,3.811,5.873,6.287,232,121,189,0,0,233,53,254,255,255,106,16,104,16,98,67,0,232,210,13,0,0,51,255,137,125,228,106,1,232,133,0,0,0,89,33,125,252,106,3,94,137,117,224,59,53,68,232,70,0,125,83,161,64,232,70,0,139,4,176,133,192,116,68,18.0,200.0,23.0,0.115,8.0,0,14.0,0
0,0,0,0,0,0,0,0,185413,4194304,4096,4,0,430080,24576,4096,126976,0,2097152,8192,4096,4,2,0.667,3,3,2,3,3,2,0,1,0,0,0,0,1.007,0,1,29.0,0.957,0,6.436,5.283,2.4,3.478,6.969,6.436,85,139,236,106,255,104,120,113,64,0,104,200,78,64,0,100,161,0,0,0,0,80,100,137,37,0,0,0,0,131,236,88,83,86,87,137,101,232,255,21,204,112,64,0,51,210,138,212,137,21,244,45,66,0,139,200,129,225,255,0,0,0,137,13,18.0,200.0,23.0,0.115,7.0,1,26.0,0
0,0,0,0,0,0,0,0,0,4194304,4096,4,0,393216,56320,4096,45568,0,2097152,8192,4096,4,2,0.667,3,3,2,3,3,2,0,1,0,0,0,0,1.004,0,1,29.0,0.457,0,6.057,3.435,4.151,3.42,6.826,6.057,106,112,104,16,244,64,0,232,6,2,0,0,51,255,87,255,21,160,240,64,0,102,129,56,77,90,117,31,139,72,60,3,200,129,57,80,69,0,0,117,18,15,183,65,24,61,11,1,0,0,116,31,61,11,2,0,0,116,5,137,125,228,235,39,18.0,200.0,23.0,0.115,-1,1,174.0,0
0,0,0,0,0,0,0,0,82031,4194304,4096,4,0,368640,46080,4096,32768,0,2097152,8192,4096,4,2,0.667,3,3,2,3,3,2,0,1,0,0,0,0,1.011,0,1,29.0,0.174,0,6.029,3.045,4.138,3.533,6.871,6.029,106,112,104,192,211,64,0,232,6,2,0,0,51,255,87,255,21,116,208,64,0,102,129,56,77,90,117,31,139,72,60,3,200,129,57,80,69,0,0,117,18,15,183,65,24,61,11,1,0,0,116,31,61,11,2,0,0,116,5,137,125,228,235,39,18.0,200.0,23.0,0.115,7.0,0,156.0,0
0,0,0,0,0,0,0,0,209146,4194304,4096,4,0,425984,24576,4096,122880,0,2097152,8192,4096,3,2,0.6,3,3,2,3,3,2,0,1,0,0,0,0,1.063,0,1,29.0,0.958,0,6.232,5.28,-1,3.518,7.017,6.232,85,139,236,106,255,104,80,116,64,0,104,100,80,64,0,100,161,0,0,0,0,80,100,137,37,0,0,0,0,131,236,16,83,86,87,137,101,232,255,21,196,112,64,0,51,210,138,212,137,21,64,47,66,0,139,200,129,225,255,0,0,0,137,13,18.0,200.0,23.0,0.115,1.0,1,-1,0
0,0,0,0,0,0,0,1,529413,4194304,4096,5,0,765952,323584,4096,148480,0,2097152,8192,4096,4,2,0.667,3,3,2,3,3,2,0,1,0,0,0,0,1.001,0,1,29.0,0.829,0,5.939,2.612,4.029,3.649,6.309,5.939,232,186,119,0,0,233,120,254,255,255,117,1,195,85,139,236,131,236,0,80,82,83,86,87,106,0,255,117,4,232,222,122,0,0,89,89,95,94,91,90,88,139,229,93,195,139,255,85,139,236,86,139,241,133,246,116,33,133,210,116,29,83,139,93,18.0,200.0,23.0,0.115,6.0,0,316.0,0
0,0,0,0,0,0,0,0,224466,4194304,4096,4,0,446464,28672,4096,139264,0,2097152,8192,4096,4,2,0.667,3,3,2,3,3,2,0,1,0,0,0,0,1.008,0,1,29.0,0.977,0,6.033,5.27,3.922,3.631,6.933,6.033,85,139,236,106,255,104,144,145,64,0,104,62,122,64,0,100,161,0,0,0,0,80,100,137,37,0,0,0,0,131,236,104,83,86,87,137,101,232,51,219,137,93,252,106,2,255,21,88,129,64,0,89,131,13,44,106,66,0,255,131,13,48,106,66,18.0,200.0,23.0,0.115,30.0,0,140.0,0
0,0,0,0,0,0,0,0,0,4194304,4096,4,0,372736,65536,4096,28672,0,2097152,8192,4096,4,2,0.667,3,3,2,3,3,2,0,1,0,0,0,0,1.046,0,0,29.0,1.0,0,5.969,3.265,0.988,3.525,6.762,5.969,85,139,236,106,255,104,40,21,65,0,104,226,236,64,0,100,161,0,0,0,0,80,100,137,37,0,0,0,0,131,236,32,83,86,87,137,101,232,131,101,252,0,106,1,255,21,12,17,65,0,89,131,13,176,98,65,0,255,131,13,180,98,65,0,18.0,200.0,23.0,0.115,3.0,1,8.0,0
0,0,0,0,0,0,0,1,0,4194304,4096,5,0,331776,133120,512,59392,0,1048576,16384,4096,0,3,0.0,2,3,2,2,3,2,0,1,1,1,1,0,1.001,1,2,1.001,0.0,0,-1,-1,-1,2.327,2.932,7.961,96,104,232,54,1,0,104,0,16,64,0,104,227,68,67,0,232,52,4,0,0,252,190,0,16,64,0,185,4,0,0,0,43,206,129,254,70,22,66,0,119,30,172,4,24,44,2,114,13,60,37,117,237,138,6,36,240,60,128,117,229,70,141,60,1.0,1.0,2.0,2.0,-1,1,99.0,0
0,0,0,0,0,0,0,0,0,4194304,4096,4,0,200704,54784,512,39936,0,1048576,16384,4096,0,3,0.0,2,3,2,2,3,2,0,1,1,1,1,0,1.011,1,2,1.011,0.0,0,-1,-1,-1,2.248,3.082,7.932,96,104,75,155,0,0,104,0,16,64,0,104,227,196,65,0,232,52,4,0,0,252,190,0,16,64,0,185,4,0,0,0,43,206,129,254,93,229,64,0,119,30,172,4,24,44,2,114,13,60,37,117,237,138,6,36,240,60,128,117,229,70,141,60,1.0,1.0,2.0,2.0,-1,1,139.0,0
0,0,0,0,0,0,0,0,0,4194304,4096,4,0,151552,40960,512,23552,0,1048576,16384,4096,0,3,0.0,2,3,2,2,3,2,0,1,1,1,1,0,1.011,1,2,1.011,0.0,0,-1,-1,-1,2.248,3.064,7.921,96,104,227,109,0,0,104,0,16,64,0,104,227,68,65,0,232,52,4,0,0,252,190,0,16,64,0,185,4,0,0,0,43,206,129,254,222,175,64,0,119,30,172,4,24,44,2,114,13,60,37,117,237,138,6,36,240,60,128,117,229,70,141,60,1.0,1.0,2.0,2.0,-1,1,136.0,0
0,0,1,0,0,0,0,1,0,4194304,4096,5,1,225280,64512,512,62464,0,1048576,16384,4096,0,3,0.0,2,3,2,2,3,2,0,1,1,1,1,0,1.009,1,2,1.009,0.0,0,-1,-1,-1,2.27,3.102,7.941,96,104,102,181,0,0,104,0,16,64,0,104,227,36,66,0,232,52,4,0,0,252,190,0,16,64,0,185,4,0,0,0,43,206,129,254,237,10,65,0,119,30,172,4,24,44,2,114,13,60,37,117,237,138,6,36,240,60,128,117,229,70,141,60,1.0,1.0,2.0,2.0,-1,1,14.0,0
0,0,0,0,0,0,0,0,0,4194304,4096,4,0,151552,45056,512,32768,0,1048576,16384,4096,0,3,0.0,2,3,2,2,3,2,0,1,1,1,1,0,1.012,1,2,1.012,0.0,0,-1,-1,-1,2.242,3.099,7.924,96,104,193,111,0,0,104,0,16,64,0,104,227,68,65,0,232,52,4,0,0,252,190,0,16,64,0,185,4,0,0,0,43,206,129,254,62,179,64,0,119,30,172,4,24,44,2,114,13,60,37,117,237,138,6,36,240,60,128,117,229,70,141,60,1.0,1.0,2.0,2.0,-1,1,109.0,0
0,0,0,0,0,0,0,0,0,4194304,4096,4,0,188416,58880,512,35328,0,1048576,16384,4096,0,3,0.0,2,3,2,2,3,2,0,1,1,1,1,0,1.006,1,2,1.006,0.0,0,-1,-1,-1,2.271,2.831,7.944,96,104,64,150,0,0,104,0,16,64,0,104,227,180,65,0,232,52,4,0,0,252,190,0,16,64,0,185,4,0,0,0,43,206,129,254,32,244,64,0,119,30,172,4,24,44,2,114,13,60,37,117,237,138,6,36,240,60,128,117,229,70,141,60,1.0,1.0,2.0,2.0,-1,1,127.0,0
0,0,0,0,0,0,0,0,0,4194304,4096,4,0,172032,49152,512,45056,0,1048576,16384,4096,0,3,0.0,2,3,2,2,3,2,0,1,1,1,1,0,1.011,1,2,1.011,0.0,0,-1,-1,-1,2.224,3.034,7.929,96,104,146,135,0,0,104,0,16,64,0,104,227,132,65,0,232,52,4,0,0,252,190,0,16,64,0,185,4,0,0,0,43,206,129,254,13,207,64,0,119,30,172,4,24,44,2,114,13,60,37,117,237,138,6,36,240,60,128,117,229,70,141,60,1.0,1.0,2.0,2.0,-1,1,41.0,0
0,0,0,0,0,0,0,0,0,4194304,4096,4,0,372736,94208,512,163840,0,1048576,16384,4096,0,3,0.0,2,3,2,2,3,2,0,1,1,1,1,0,1.003,1,2,1.003,0.0,0,-1,-1,-1,2.292,2.479,7.958,96,104,56,26,1,0,104,0,16,64,0,104,227,4,68,0,232,52,4,0,0,252,190,0,16,64,0,185,4,0,0,0,43,206,129,254,172,123,65,0,119,30,172,4,24,44,2,114,13,60,37,117,237,138,6,36,240,60,128,117,229,70,141,60,1.0,1.0,2.0,2.0,-1,1,121.0,0
0,0,0,0,0,0,0,0,0,4194304,4096,4,0,274432,95744,512,53760,0,1048576,16384,4096,0,3,0.0,2,3,2,2,3,2,0,1,1,1,1,0,1.005,1,2,1.005,0.0,0,-1,-1,-1,2.326,3.271,7.954,96,104,185,5,1,0,104,0,16,64,0,104,227,132,66,0,232,52,4,0,0,252,190,0,16,64,0,185,4,0,0,0,43,206,129,254,200,133,65,0,119,30,172,4,24,44,2,114,13,60,37,117,237,138,6,36,240,60,128,117,229,70,141,60,1.0,1.0,2.0,2.0,-1,1,136.0,0
0,0,1,0,0,0,0,1,0,4194304,4096,5,1,237568,69120,512,65024,0,1048576,16384,4096,0,3,0.0,2,3,2,2,3,2,0,1,1,1,1,0,1.008,1,2,1.008,0.0,0,-1,-1,-1,2.293,3.065,7.94,96,104,114,191,0,0,104,0,16,64,0,104,227,68,66,0,232,52,4,0,0,252,190,0,16,64,0,185,4,0,0,0,43,206,129,254,221,28,65,0,119,30,172,4,24,44,2,114,13,60,37,117,237,138,6,36,240,60,128,117,229,70,141,60,1.0,1.0,2.0,2.0,-1,1,14.0,0
0,0,1,0,0,0,0,1,0,4194304,4096,5,1,204800,55296,512,53760,0,1048576,16384,4096,0,3,0.0,2,3,2,2,3,2,0,1,1,1,1,0,1.001,1,2,1.001,0.0,0,-1,-1,-1,2.292,3.125,7.95,96,104,246,160,0,0,104,0,16,64,0,104,227,228,65,0,232,52,4,0,0,252,190,0,16,64,0,185,4,0,0,0,43,206,129,254,253,230,64,0,119,30,172,4,24,44,2,114,13,60,37,117,237,138,6,36,240,60,128,117,229,70,141,60,1.0,1.0,2.0,2.0,-1,1,14.0,0
0,0,0,0,0,0,0,0,0,4194304,4096,4,0,163840,48128,512,26112,0,1048576,16384,4096,0,3,0.0,2,3,2,2,3,2,0,1,1,1,1,0,1.011,1,2,1.011,0.0,0,-1,-1,-1,2.269,2.792,7.935,96,104,187,125,0,0,104,0,16,64,0,104,227,100,65,0,232,52,4,0,0,252,190,0,16,64,0,185,4,0,0,0,43,206,129,254,191,203,64,0,119,30,172,4,24,44,2,114,13,60,37,117,237,138,6,36,240,60,128,117,229,70,141,60,1.0,1.0,2.0,2.0,-1,1,130.0,0
0,0,0,0,0,0,0,0,0,4194304,4096,4,0,311296,69632,512,126976,0,1048576,16384,4096,0,3,0.0,2,3,2,2,3,2,0,1,1,1,1,0,1.008,1,2,1.008,0.0,0,-1,-1,-1,2.291,2.51,7.947,96,104,74,235,0,0,104,0,16,64,0,104,227,52,67,0,232,52,4,0,0,252,190,0,16,64,0,185,4,0,0,0,43,206,129,254,145,17,65,0,119,30,172,4,24,44,2,114,13,60,37,117,237,138,6,36,240,60,128,117,229,70,141,60,1.0,1.0,2.0,2.0,-1,1,19.0,0
0,0,1,0,0,0,0,1,0,4194304,4096,5,1,299008,99840,512,81920,0,1048576,16384,4096,0,3,0.0,2,3,2,2,3,2,0,1,1,1,1,0,1.007,1,2,1.007,0.0,0,-1,-1,-1,2.23,2.949,7.952,96,104,89,243,0,0,104,0,16,64,0,104,227,4,67,0,232,52,4,0,0,252,190,0,16,64,0,185,4,0,0,0,43,206,129,254,253,148,65,0,119,30,172,4,24,44,2,114,13,60,37,117,237,138,6,36,240,60,128,117,229,70,141,60,1.0,1.0,2.0,2.0,-1,1,14.0,0
0,0,1,0,0,0,0,1,0,4194304,4096,5,1,253952,75776,512,71168,0,1048576,16384,4096,0,3,0.0,2,3,2,2,3,2,0,1,1,1,1,0,1.005,1,2,1.005,0.0,0,-1,-1,-1,2.32,3.019,7.95,96,104,18,204,0,0,104,0,16,64,0,104,227,116,66,0,232,52,4,0,0,252,190,0,16,64,0,185,4,0,0,0,43,206,129,254,221,55,65,0,119,30,172,4,24,44,2,114,13,60,37,117,237,138,6,36,240,60,128,117,229,70,141,60,1.0,1.0,2.0,2.0,-1,1,14.0,0
0,0,0,0,0,0,0,1,0,4194304,4096,5,0,303104,134656,512,36352,0,1048576,16384,4096,0,3,0.0,2,3,2,2,3,2,0,1,1,1,1,0,1.001,1,2,1.001,0.0,0,-1,-1,-1,2.348,2.815,7.959,96,104,191,12,1,0,104,0,16,64,0,104,227,244,66,0,232,52,4,0,0,252,190,0,16,64,0,185,4,0,0,0,43,206,129,254,153,28,66,0,119,30,172,4,24,44,2,114,13,60,37,117,237,138,6,36,240,60,128,117,229,70,141,60,1.0,1.0,2.0,2.0,-1,1,14.0,0
0,0,1,0,0,0,0,1,0,4194304,4096,5,1,253952,78336,512,64512,0,1048576,16384,4096,0,3,0.0,2,3,2,2,3,2,0,1,1,1,1,0,1.001,1,2,1.001,0.0,0,-1,-1,-1,2.304,3.045,7.955,96,104,225,206,0,0,104,0,16,64,0,104,227,116,66,0,232,52,4,0,0,252,190,0,16,64,0,185,4,0,0,0,43,206,129,254,61,65,65,0,119,30,172,4,24,44,2,114,13,60,37,117,237,138,6,36,240,60,128,117,229,70,141,60,1.0,1.0,2.0,2.0,-1,1,14.0,0
0,0,1,0,0,0,0,1,0,4194304,4096,5,1,286720,97280,512,73728,0,1048576,16384,4096,0,3,0.0,2,3,2,2,3,2,0,1,1,1,1,0,1.004,1,2,1.004,0.0,0,-1,-1,-1,2.317,3.093,7.955,96,104,1,248,0,0,104,0,16,64,0,104,227,212,66,0,232,52,4,0,0,252,190,0,16,64,0,185,4,0,0,0,43,206,129,254,187,138,65,0,119,30,172,4,24,44,2,114,13,60,37,117,237,138,6,36,240,60,128,117,229,70,141,60,1.0,1.0,2.0,2.0,-1,1,14.0,0
0,0,1,0,0,0,0,1,0,4194304,4096,5,1,413696,86528,512,189952,0,1048576,16384,4096,0,3,0.0,2,3,2,2,3,2,0,1,1,1,1,0,1.0,1,2,1.0,0.0,0,-1,-1,-1,2.387,2.68,7.96,96,104,249,60,1,0,104,0,16,64,0,104,227,116,68,0,232,52,4,0,0,252,190,0,16,64,0,185,4,0,0,0,43,206,129,254,189,96,65,0,119,30,172,4,24,44,2,114,13,60,37,117,237,138,6,36,240,60,128,117,229,70,141,60,1.0,1.0,2.0,2.0,-1,1,19.0,0
0,0,1,0,0,0,0,1,0,4194304,4096,5,1,479232,102912,512,231936,0,1048576,16384,4096,0,3,0.0,2,3,2,2,3,2,0,1,1,1,1,0,1.001,1,2,1.001,0.0,0,-1,-1,-1,2.376,2.551,7.962,96,104,203,96,1,0,104,0,16,64,0,104,227,84,69,0,232,52,4,0,0,252,190,0,16,64,0,185,4,0,0,0,43,206,129,254,135,161,65,0,119,30,172,4,24,44,2,114,13,60,37,117,237,138,6,36,240,60,128,117,229,70,141,60,1.0,1.0,2.0,2.0,-1,1,19.0,0
0,0,1,0,0,0,0,1,0,4194304,4096,5,1,245760,76800,512,66048,0,1048576,16384,4096,0,3,0.0,2,3,2,2,3,2,0,1,1,1,1,0,1.006,1,2,1.006,0.0,0,-1,-1,-1,2.313,3.1,7.951,96,104,195,203,0,0,104,0,16,64,0,104,227,84,66,0,232,52,4,0,0,252,190,0,16,64,0,185,4,0,0,0,43,206,129,254,77,59,65,0,119,30,172,4,24,44,2,114,13,60,37,117,237,138,6,36,240,60,128,117,229,70,141,60,1.0,1.0,2.0,2.0,-1,1,14.0,0
0,0,0,0,0,0,0,0,0,4194304,4096,4,0,163840,50688,512,27136,0,1048576,16384,4096,0,3,0.0,2,3,2,2,3,2,0,1,1,1,1,0,1.013,1,2,1.013,0.0,0,-1,-1,-1,2.252,3.211,7.928,96,104,101,131,0,0,104,0,16,64,0,104,227,100,65,0,232,52,4,0,0,252,190,0,16,64,0,185,4,0,0,0,43,206,129,254,106,213,64,0,119,30,172,4,24,44,2,114,13,60,37,117,237,138,6,36,240,60,128,117,229,70,141,60,1.0,1.0,2.0,2.0,-1,1,124.0,0
0,0,0,0,0,0,0,1,0,4194304,4096,5,0,1081344,199168,512,244224,0,1048576,16384,4096,0,3,0.0,2,3,2,2,3,2,0,1,1,1,1,0,1.002,1,2,1.002,0.0,0,-1,-1,-1,2.378,1.662,7.963,96,104,74,28,2,0,104,0,16,64,0,104,227,180,77,0,232,52,4,0,0,252,190,0,16,64,0,185,4,0,0,0,43,206,129,254,171,25,67,0,119,30,172,4,24,44,2,114,13,60,37,117,237,138,6,36,240,60,128,117,229,70,141,60,1.0,1.0,2.0,2.0,-1,1,146.0,0
0,0,1,0,0,0,0,1,0,4194304,4096,5,1,327680,137216,512,66560,0,1048576,16384,4096,0,3,0.0,2,3,2,2,3,2,0,1,1,1,1,0,1.003,1,2,1.003,0.0,0,-1,-1,-1,2.35,2.984,7.957,96,104,33,22,1,0,104,0,16,64,0,104,227,84,67,0,232,52,4,0,0,252,190,0,16,64,0,185,4,0,0,0,43,206,129,254,253,37,66,0,119,30,172,4,24,44,2,114,13,60,37,117,237,138,6,36,240,60,128,117,229,70,141,60,1.0,1.0,2.0,2.0,-1,1,14.0,0
0,0,0,0,0,0,0,0,0,4194304,4096,4,0,2211840,1122304,512,90112,0,1048576,16384,4096,0,3,0.0,2,3,2,2,3,2,0,1,1,1,1,0,1.001,1,2,1.001,0.0,0,-1,-1,-1,2.561,2.888,7.847,96,104,145,76,7,0,104,0,16,64,0,104,227,36,88,0,232,52,4,0,0,252,190,2,16,64,0,185,4,0,0,0,43,206,129,254,149,40,81,0,119,30,172,4,24,44,2,114,13,60,37,117,237,138,6,36,240,60,128,117,229,70,141,60,1.0,1.0,2.0,2.0,-1,1,184.0,0
0,0,0,0,0,0,0,0,0,4194304,4096,4,0,151552,33280,512,33280,0,1048576,65536,4096,0,3,0.0,2,3,2,2,3,2,0,1,1,1,1,0,1.016,1,2,1.016,0.0,0,-1,-1,-1,2.235,2.238,7.909,96,104,110,103,0,0,104,0,16,64,0,104,227,84,65,0,232,52,4,0,0,252,190,0,64,65,0,185,4,0,0,0,43,206,129,254,78,77,65,0,119,30,172,4,24,44,2,114,13,60,37,117,237,138,6,36,240,60,128,117,229,70,141,60,1.0,1.0,2.0,2.0,-1,1,75.0,0
0,0,0,0,0,0,0,0,0,4194304,4096,4,0,446464,36864,512,315392,0,1048576,16384,4096,0,3,0.0,2,3,2,2,3,2,0,1,1,1,1,0,1.004,1,2,1.004,0.0,0,-1,-1,-1,2.3,1.628,7.951,96,104,84,196,0,0,104,0,16,64,0,104,227,116,69,0,232,52,4,0,0,252,190,0,16,64,0,185,4,0,0,0,43,206,129,254,55,159,64,0,119,30,172,4,24,44,2,114,13,60,37,117,237,138,6,36,240,60,128,117,229,70,141,60,1.0,1.0,2.0,2.0,-1,1,54.0,0
0,0,0,0,0,0,0,0,0,4194304,4096,4,0,212992,61440,512,50176,0,1048576,16384,4096,0,3,0.0,2,3,2,2,3,2,0,1,1,1,1,0,1.004,1,2,1.004,0.0,0,-1,-1,-1,2.242,3.226,7.949,96,104,70,190,0,0,104,0,16,64,0,104,227,228,65,0,232,52,4,0,0,252,190,0,16,64,0,185,4,0,0,0,43,206,129,254,194,255,64,0,119,30,172,4,24,44,2,114,13,60,37,117,237,138,6,36,240,60,128,117,229,70,141,60,1.0,1.0,2.0,2.0,-1,1,144.0,0
0,0,1,0,0,0,0,1,0,4194304,4096,5,1,229376,67584,512,62464,0,1048576,16384,4096,0,3,0.0,2,3,2,2,3,2,0,1,1,1,1,0,1.007,1,2,1.007,0.0,0,-1,-1,-1,2.332,3.082,7.946,96,104,220,183,0,0,104,0,16,64,0,104,227,52,66,0,232,52,4,0,0,252,190,0,16,64,0,185,4,0,0,0,43,206,129,254,45,23,65,0,119,30,172,4,24,44,2,114,13,60,37,117,237,138,6,36,240,60,128,117,229,70,141,60,1.0,1.0,2.0,2.0,-1,1,14.0,0
0,0,0,0,0,0,0,1,0,16777216,4096,6,0,839680,14336,512,633344,0,262144,16384,4096,0,3,0.0,2,3,2,2,3,2,0,1,1,1,1,0,1.0,1,2,1.0,0.0,0,-1,-1,-1,2.411,2.065,7.963,96,104,235,34,2,0,104,0,16,0,1,104,227,20,10,1,232,52,4,0,0,252,190,0,16,0,1,185,4,0,0,0,43,206,129,254,120,70,0,1,119,30,172,4,24,44,2,114,13,60,37,117,237,138,6,36,240,60,128,117,229,70,141,60,1.0,1.0,2.0,2.0,-1,1,35.0,0
0,0,0,0,0,0,0,0,0,4194304,4096,4,0,1339392,646656,512,259584,0,1048576,16384,4096,0,3,0.0,2,3,2,2,3,2,0,1,1,1,1,0,1.001,1,2,1.001,0.0,0,-1,-1,-1,2.508,3.051,7.968,96,104,76,152,5,0,104,0,16,64,0,104,227,52,78,0,232,52,4,0,0,252,190,0,16,64,0,185,4,0,0,0,43,206,129,254,209,236,73,0,119,30,172,4,24,44,2,114,13,60,37,117,237,138,6,36,240,60,128,117,229,70,141,60,1.0,1.0,2.0,2.0,-1,1,272.0,0
0,0,0,0,0,0,0,0,0,4194304,4096,4,0,217088,67584,512,43520,0,1048576,16384,4096,0,3,0.0,2,3,2,2,3,2,0,1,1,1,1,0,1.007,1,2,1.007,0.0,0,-1,-1,-1,2.289,3.196,7.945,96,104,226,179,0,0,104,0,16,64,0,104,227,244,65,0,232,52,4,0,0,252,190,0,16,64,0,185,4,0,0,0,43,206,129,254,17,23,65,0,119,30,172,4,24,44,2,114,13,60,37,117,237,138,6,36,240,60,128,117,229,70,141,60,1.0,1.0,2.0,2.0,-1,1,148.0,0
0,0,0,0,0,0,0,0,0,4194304,4096,4,0,184320,47104,512,40960,0,1048576,16384,4096,0,3,0.0,2,3,2,2,3,2,0,1,1,1,1,0,1.007,1,2,1.007,0.0,0,-1,-1,-1,2.27,3.173,7.939,96,104,31,144,0,0,104,0,16,64,0,104,227,148,65,0,232,52,4,0,0,252,190,0,16,64,0,185,4,0,0,0,43,206,129,254,78,199,64,0,119,30,172,4,24,44,2,114,13,60,37,117,237,138,6,36,240,60,128,117,229,70,141,60,1.0,1.0,2.0,2.0,-1,1,127.0,0
0,0,1,0,0,0,0,1,0,4194304,4096,5,1,241664,72192,512,66048,0,1048576,16384,4096,0,3,0.0,2,3,2,2,3,2,0,1,1,1,1,0,1.006,1,2,1.006,0.0,0,-1,-1,-1,2.325,3.124,7.944,96,104,215,201,0,0,104,0,16,64,0,104,227,84,66,0,232,52,4,0,0,252,190,0,16,64,0,185,4,0,0,0,43,206,129,254,201,41,65,0,119,30,172,4,24,44,2,114,13,60,37,117,237,138,6,36,240,60,128,117,229,70,141,60,1.0,1.0,2.0,2.0,-1,1,14.0,0
0,0,0,0,0,0,0,0,0,4194304,4096,4,0,204800,65536,512,43008,0,1048576,16384,4096,0,3,0.0,2,3,2,2,3,2,0,1,1,1,1,0,1.008,1,2,1.008,0.0,0,-1,-1,-1,2.228,3.095,7.942,96,104,194,169,0,0,104,0,16,64,0,104,227,228,65,0,232,52,4,0,0,252,190,0,16,64,0,185,4,0,0,0,43,206,129,254,112,14,65,0,119,30,172,4,24,44,2,114,13,60,37,117,237,138,6,36,240,60,128,117,229,70,141,60,1.0,1.0,2.0,2.0,-1,1,145.0,0
0,0,0,0,0,0,0,0,0,4194304,4096,4,0,716800,339456,512,136192,0,524288,131072,4096,0,3,0.0,2,3,2,2,3,2,0,1,1,1,1,0,1.002,1,2,1.002,0.0,0,-1,-1,-1,2.394,2.827,7.962,96,104,251,179,2,0,104,0,16,64,0,104,227,148,71,0,232,52,4,0,0,252,190,0,16,64,0,185,4,0,0,0,43,206,129,254,30,60,69,0,119,30,172,4,24,44,2,114,13,60,37,117,237,138,6,36,240,60,128,117,229,70,141,60,1.0,1.0,2.0,2.0,-1,1,313.0,0
0,0,0,0,0,0,0,0,0,4194304,4096,4,0,2224128,1332224,512,321536,0,1048576,16384,4096,0,3,0.0,2,3,2,2,3,2,0,1,1,1,1,0,1.001,1,2,1.001,0.0,0,-1,-1,-1,2.376,2.673,7.968,96,104,219,207,7,0,104,0,16,64,0,104,227,132,89,0,232,52,4,0,0,252,190,0,16,64,0,185,4,0,0,0,43,206,129,254,109,99,84,0,119,30,172,4,24,44,2,114,13,60,37,117,237,138,6,36,240,60,128,117,229,70,141,60,1.0,1.0,2.0,2.0,-1,1,87.0,0
0,0,0,0,0,0,0,0,0,4194304,4096,4,0,200704,55808,512,44032,0,1048576,16384,4096,0,3,0.0,2,3,2,2,3,2,0,1,1,1,1,0,1.009,1,2,1.009,0.0,0,-1,-1,-1,2.247,3.223,7.939,96,104,155,165,0,0,104,0,16,64,0,104,227,196,65,0,232,52,4,0,0,252,190,0,16,64,0,185,4,0,0,0,43,206,129,254,3,233,64,0,119,30,172,4,24,44,2,114,13,60,37,117,237,138,6,36,240,60,128,117,229,70,141,60,1.0,1.0,2.0,2.0,-1,1,142.0,0
0,0,0,0,0,0,0,0,0,4194304,4096,4,0,204800,62464,512,36352,0,1048576,16384,4096,0,3,0.0,2,3,2,2,3,2,0,1,1,1,1,0,1.005,1,2,1.005,0.0,0,-1,-1,-1,2.272,3.149,7.951,96,104,69,168,0,0,104,0,16,64,0,104,227,212,65,0,232,52,4,0,0,252,190,0,16,64,0,185,4,0,0,0,43,206,129,254,191,2,65,0,119,30,172,4,24,44,2,114,13,60,37,117,237,138,6,36,240,60,128,117,229,70,141,60,1.0,1.0,2.0,2.0,-1,1,115.0,0
0,0,0,0,0,0,0,0,0,4194304,4096,4,0,208896,20480,512,122880,0,1048576,16384,4096,0,2,0.0,2,2,2,2,2,2,0,1,1,1,1,0,0.467,1,2,0.467,0.0,0,-1,-1,-1,2.025,1.97,7.913,96,104,130,105,0,0,104,0,16,64,0,104,227,68,66,0,232,52,4,0,0,252,190,0,16,64,0,185,4,0,0,0,43,206,129,254,165,92,64,0,119,30,172,4,24,44,2,114,13,60,37,117,237,138,6,36,240,60,128,117,229,70,141,60,1.0,1.0,2.0,2.0,-1,1,-1,0
0,0,0,0,0,0,0,0,0,4194304,4096,4,0,143360,38912,512,22016,0,1048576,16384,4096,0,3,0.0,2,3,2,2,3,2,0,1,1,1,1,0,1.013,1,2,1.013,0.0,0,-1,-1,-1,2.249,2.834,7.919,96,104,167,105,0,0,104,0,16,64,0,104,227,52,65,0,232,52,4,0,0,252,190,0,16,64,0,185,4,0,0,0,43,206,129,254,28,167,64,0,119,30,172,4,24,44,2,114,13,60,37,117,237,138,6,36,240,60,128,117,229,70,141,60,1.0,1.0,2.0,2.0,-1,1,103.0,0
0,0,0,0,0,0,0,1,0,4194304,4096,5,0,1908736,206336,512,1424384,0,1048576,16384,4096,0,3,0.0,2,3,2,2,3,2,0,1,1,1,1,0,1.002,1,2,1.002,0.0,0,-1,-1,-1,2.387,1.505,7.966,96,104,100,109,3,0,104,0,16,64,0,104,227,20,89,0,232,52,4,0,0,252,190,0,16,64,0,185,4,0,0,0,43,206,129,254,109,52,67,0,119,30,172,4,24,44,2,114,13,60,37,117,237,138,6,36,240,60,128,117,229,70,141,60,1.0,1.0,2.0,2.0,-1,1,67.0,0
0,0,0,0,0,0,0,0,0,4194304,4096,4,0,344064,77824,512,159744,0,1048576,16384,4096,0,3,0.0,2,3,2,2,3,2,0,1,1,1,1,0,1.008,1,2,1.008,0.0,0,-1,-1,-1,2.291,2.334,7.946,96,104,51,235,0,0,104,0,16,64,0,104,227,180,67,0,232,52,4,0,0,252,190,0,16,64,0,185,4,0,0,0,43,206,129,254,244,51,65,0,119,30,172,4,24,44,2,114,13,60,37,117,237,138,6,36,240,60,128,117,229,70,141,60,1.0,1.0,2.0,2.0,-1,1,100.0,0
0,0,0,0,0,0,0,1,0,4194304,4096,5,0,753664,206848,512,253440,0,1048576,16384,4096,0,3,0.0,2,3,2,2,3,2,0,1,1,1,1,0,1.001,1,2,1.001,0.0,0,-1,-1,-1,2.371,2.435,7.964,96,104,171,74,2,0,104,0,16,64,0,104,227,148,72,0,232,52,4,0,0,252,190,0,16,64,0,185,4,0,0,0,43,206,129,254,81,55,67,0,119,30,172,4,24,44,2,114,13,60,37,117,237,138,6,36,240,60,128,117,229,70,141,60,1.0,1.0,2.0,2.0,-1,1,171.0,0
0,0,0,0,0,0,0,0,0,4194304,4096,4,0,143360,45056,512,32768,0,1048576,16384,4096,0,3,0.0,2,3,2,2,3,2,0,1,1,1,1,0,1.017,1,2,1.017,0.0,0,-1,-1,-1,2.266,1.896,7.896,96,104,170,81,0,0,104,0,16,64,0,104,227,68,65,0,232,52,4,0,0,252,190,0,16,64,0,185,4,0,0,0,43,206,129,254,211,188,64,0,119,30,172,4,24,44,2,114,13,60,37,117,237,138,6,36,240,60,128,117,229,70,141,60,1.0,1.0,2.0,2.0,-1,1,52.0,0
0,0,0,0,0,0,0,0,0,4194304,4096,4,0,208896,20480,512,122880,0,1048576,16384,4096,0,2,0.0,2,2,2,2,2,2,0,1,1,1,1,0,0.475,1,2,0.475,0.0,0,-1,-1,-1,2.013,1.995,7.915,96,104,146,107,0,0,104,0,16,64,0,104,227,68,66,0,232,52,4,0,0,252,190,0,16,64,0,185,4,0,0,0,43,206,129,254,54,93,64,0,119,30,172,4,24,44,2,114,13,60,37,117,237,138,6,36,240,60,128,117,229,70,141,60,1.0,1.0,2.0,2.0,-1,1,-1,0
0,0,0,0,0,0,0,1,0,4194304,4096,5,0,4231168,1161216,512,2016256,0,1048576,16384,4096,0,3,0.0,2,3,2,2,3,2,0,1,1,1,1,0,1.0,1,2,1.0,0.0,0,-1,-1,-1,2.465,2.65,7.968,96,104,176,95,14,0,104,0,16,64,0,104,227,244,112,0,232,52,4,0,0,252,190,0,16,64,0,185,4,0,0,0,43,206,129,254,214,199,81,0,119,30,172,4,24,44,2,114,13,60,37,117,237,138,6,36,240,60,128,117,229,70,141,60,1.0,1.0,2.0,2.0,-1,1,738.0,0
0,0,1,0,0,0,0,1,0,4194304,4096,5,1,581632,162304,512,283648,0,1048576,16384,4096,0,3,0.0,2,3,2,2,3,2,0,1,1,1,1,0,1.001,1,2,1.001,0.0,0,-1,-1,-1,2.355,2.059,7.959,96,104,183,74,1,0,104,0,16,64,0,104,227,4,71,0,232,52,4,0,0,252,190,0,16,64,0,185,4,0,0,0,43,206,129,254,41,136,66,0,119,30,172,4,24,44,2,114,13,60,37,117,237,138,6,36,240,60,128,117,229,70,141,60,1.0,1.0,2.0,2.0,-1,1,14.0,0
0,0,0,0,0,0,0,0,0,4194304,4096,4,0,225280,24576,512,126976,0,1048576,16384,4096,0,3,0.0,2,3,2,2,3,2,0,1,1,1,1,0,1.004,1,2,1.004,0.0,0,-1,-1,-1,2.25,2.015,7.942,96,104,155,118,0,0,104,0,16,64,0,104,227,100,66,0,232,52,4,0,0,252,190,0,16,64,0,185,4,0,0,0,43,206,129,254,85,111,64,0,119,30,172,4,24,44,2,114,13,60,37,117,237,138,6,36,240,60,128,117,229,70,141,60,1.0,1.0,2.0,2.0,-1,1,24.0,0
0,0,0,0,0,0,0,0,0,4194304,4096,4,0,204800,56320,512,45568,0,1048576,16384,4096,0,3,0.0,2,3,2,2,3,2,0,1,1,1,1,0,1.0,1,2,1.0,0.0,0,-1,-1,-1,2.278,2.727,7.951,96,104,25,159,0,0,104,0,16,64,0,104,227,212,65,0,232,52,4,0,0,252,190,0,16,64,0,185,4,0,0,0,43,206,129,254,255,234,64,0,119,30,172,4,24,44,2,114,13,60,37,117,237,138,6,36,240,60,128,117,229,70,141,60,1.0,1.0,2.0,2.0,-1,1,141.0,0
0,0,0,0,0,0,0,0,0,4194304,4096,4,0,217088,24576,512,122880,0,1048576,16384,4096,0,2,0.0,2,2,2,2,2,2,0,1,1,1,1,0,0.469,1,2,0.469,0.0,0,-1,-1,-1,2.027,2.017,7.94,96,104,204,114,0,0,104,0,16,64,0,104,227,84,66,0,232,52,4,0,0,252,190,0,16,64,0,185,4,0,0,0,43,206,129,254,81,106,64,0,119,30,172,4,24,44,2,114,13,60,37,117,237,138,6,36,240,60,128,117,229,70,141,60,1.0,1.0,2.0,2.0,-1,1,-1,0
0,0,0,0,0,0,0,1,0,4194304,4096,5,0,688128,323584,512,148480,0,1048576,16384,4096,0,3,0.0,2,3,2,2,3,2,0,1,1,1,1,0,1.001,1,2,1.001,0.0,0,-1,-1,-1,2.37,2.692,7.963,96,104,83,90,2,0,104,0,16,64,0,104,227,132,71,0,232,52,4,0,0,252,190,0,16,64,0,185,4,0,0,0,43,206,129,254,198,254,68,0,119,30,172,4,24,44,2,114,13,60,37,117,237,138,6,36,240,60,128,117,229,70,141,60,1.0,1.0,2.0,2.0,-1,1,246.0,0
0,0,0,0,0,0,0,0,0,4194304,4096,4,0,245760,28672,512,139264,0,1048576,16384,4096,0,3,0.0,2,3,2,2,3,2,0,1,1,1,1,0,1.007,1,2,1.007,0.0,0,-1,-1,-1,2.28,2.135,7.935,96,104,46,138,0,0,104,0,16,64,0,104,227,164,66,0,232,52,4,0,0,252,190,0,16,64,0,185,4,0,0,0,43,206,129,254,18,127,64,0,119,30,172,4,24,44,2,114,13,60,37,117,237,138,6,36,240,60,128,117,229,70,141,60,1.0,1.0,2.0,2.0,-1,1,114.0,0
0,0,0,0,0,0,0,0,1620627,4194304,4096,5,0,5971968,4175872,1024,1196032,0,1048576,16384,4096,8,4,0.667,4,12,4,4,12,4,0,1,0,1,1,0,0.844,4,12,0.844,0.0,0,7.969,7.959,7.86,2.607,2.959,5.67,96,232,3,0,0,0,233,235,4,93,69,85,195,232,1,0,0,0,235,93,187,237,255,255,255,3,221,129,235,0,208,90,0,131,189,136,4,0,0,0,137,157,136,4,0,0,15,133,203,3,0,0,141,133,148,4,0,0,80,255,149,169,15,0,26.0,27.0,4.0,0.148,-1,1,730.0,0
0,0,0,0,0,0,0,1,663256,4194304,4096,5,0,1314816,137728,1024,584704,0,1048576,4096,4096,4,2,0.667,3,6,3,3,6,3,0,1,0,1,1,0,1.0,1,5,1.0,0.0,0,7.958,6.727,4.83,3.387,3.646,6.281,96,232,3,0,0,0,233,235,4,93,69,85,195,232,1,0,0,0,235,93,187,237,255,255,255,3,221,129,235,0,224,11,0,131,189,136,4,0,0,0,137,157,136,4,0,0,15,133,203,3,0,0,141,133,148,4,0,0,80,255,149,169,15,0,8.0,9.0,3.0,0.333,-1,1,535.0,0
0,0,0,0,0,0,0,0,66403,4194304,4096,4,0,131072,54272,1024,35328,0,1048576,4096,4096,4,2,0.667,3,6,3,3,6,3,0,1,0,1,1,0,0.781,1,6,0.781,0.0,0,7.944,4.719,6.709,3.595,3.863,5.768,96,232,3,0,0,0,233,235,4,93,69,85,195,232,1,0,0,0,235,93,187,237,255,255,255,3,221,129,235,0,176,1,0,131,189,136,4,0,0,0,137,157,136,4,0,0,15,133,203,3,0,0,141,133,148,4,0,0,80,255,149,169,15,0,10.0,11.0,3.0,0.273,-1,1,116.0,0
0,0,0,0,0,0,0,0,161327,4194304,4096,4,0,237568,147456,1024,51712,0,1048576,4096,4096,4,2,0.667,3,6,3,3,6,3,0,1,0,1,1,0,0.917,1,6,0.917,0.0,0,7.966,7.057,6.323,3.597,4.319,5.407,96,232,3,0,0,0,233,235,4,93,69,85,195,232,1,0,0,0,235,93,187,237,255,255,255,3,221,129,235,0,96,3,0,131,189,136,4,0,0,0,137,157,136,4,0,0,15,133,203,3,0,0,141,133,148,4,0,0,80,255,149,169,15,0,10.0,11.0,3.0,0.273,-1,1,171.0,0
0,0,0,0,0,0,0,0,86097,4194304,4096,4,0,114688,52736,1024,31232,0,1048576,4096,4096,4,2,0.667,3,6,3,3,6,3,0,1,0,1,1,0,0.958,1,6,0.958,0.0,0,7.954,4.458,6.56,3.68,3.935,4.577,96,232,3,0,0,0,233,235,4,93,69,85,195,232,1,0,0,0,235,93,187,237,255,255,255,3,221,129,235,0,128,1,0,131,189,136,4,0,0,0,137,157,136,4,0,0,15,133,203,3,0,0,141,133,148,4,0,0,80,255,149,169,15,0,8.0,9.0,3.0,0.333,-1,1,134.0,0
0,0,0,0,0,0,0,1,199242,4194304,4096,5,0,331776,237568,1024,55296,0,1048576,4096,4096,4,2,0.667,3,6,3,3,6,3,0,1,0,1,1,0,0.708,1,6,0.708,0.0,0,7.967,7.036,5.475,3.535,4.075,5.148,96,232,3,0,0,0,233,235,4,93,69,85,195,232,1,0,0,0,235,93,187,237,255,255,255,3,221,129,235,0,208,4,0,131,189,136,4,0,0,0,137,157,136,4,0,0,15,133,203,3,0,0,141,133,148,4,0,0,80,255,149,169,15,0,13.0,14.0,3.0,0.214,-1,1,102.0,0
0,0,0,0,0,0,0,1,151398,4194304,4096,5,0,225280,133120,1024,59392,0,1048576,4096,4096,4,2,0.667,3,6,3,3,6,3,0,1,0,1,1,0,1.0,1,5,1.0,0.0,0,7.965,7.826,7.469,3.66,4.095,5.073,96,232,3,0,0,0,233,235,4,93,69,85,195,232,1,0,0,0,235,93,187,237,255,255,255,3,221,129,235,0,64,3,0,131,189,136,4,0,0,0,137,157,136,4,0,0,15,133,203,3,0,0,141,133,148,4,0,0,80,255,149,169,15,0,12.0,13.0,3.0,0.231,-1,1,100.0,0
0,0,0,0,0,0,0,0,94033,4194304,4096,4,0,131072,54784,1024,39936,0,1048576,4096,4096,4,2,0.667,3,6,3,3,6,3,0,1,0,1,1,0,1.0,1,5,1.0,0.0,0,7.942,4.745,6.804,3.605,3.942,5.447,96,232,3,0,0,0,233,235,4,93,69,85,195,232,1,0,0,0,235,93,187,237,255,255,255,3,221,129,235,0,192,1,0,131,189,136,4,0,0,0,137,157,136,4,0,0,15,133,203,3,0,0,141,133,148,4,0,0,80,255,149,169,15,0,11.0,12.0,3.0,0.25,-1,1,149.0,0
0,0,0,0,0,0,0,0,0,4194304,4096,4,0,98304,40960,4096,23552,0,1048576,4096,4096,4,2,0.667,3,6,3,3,6,3,0,1,0,1,1,0,0.708,1,6,0.708,0.0,0,7.946,2.635,6.226,3.414,3.725,5.046,96,232,3,0,0,0,233,235,4,93,69,85,195,232,1,0,0,0,235,93,187,237,255,255,255,3,221,129,235,0,64,1,0,131,189,136,4,0,0,0,137,157,136,4,0,0,15,133,203,3,0,0,141,133,148,4,0,0,80,255,149,169,15,0,11.0,12.0,3.0,0.25,-1,1,153.0,0
0,0,1,0,0,0,0,1,74161,4194304,4096,5,1,151552,64512,1024,62464,0,1048576,4096,4096,4,2,0.667,3,6,3,3,6,3,0,1,0,1,1,0,0.75,1,6,0.75,0.0,0,7.951,6.758,0.995,3.657,3.731,5.502,96,232,3,0,0,0,233,235,4,93,69,85,195,232,1,0,0,0,235,93,187,237,255,255,255,3,221,129,235,0,32,2,0,131,189,136,4,0,0,0,137,157,136,4,0,0,15,133,203,3,0,0,141,133,148,4,0,0,80,255,149,169,15,0,6.0,7.0,3.0,0.429,-1,1,12.0,0
0,0,0,0,0,0,0,0,0,4194304,4096,4,0,122880,58880,4096,35328,0,1048576,4096,4096,4,2,0.667,3,6,3,3,6,3,0,1,0,1,1,0,1.0,1,5,1.0,0.0,0,7.957,4.308,6.72,3.499,3.937,5.47,96,232,3,0,0,0,233,235,4,93,69,85,195,232,1,0,0,0,235,93,187,237,255,255,255,3,221,129,235,0,176,1,0,131,189,136,4,0,0,0,137,157,136,4,0,0,15,133,203,3,0,0,141,133,148,4,0,0,80,255,149,169,15,0,11.0,12.0,3.0,0.25,-1,1,137.0,0
0,0,0,0,0,0,0,0,60742,4194304,4096,4,0,114688,49152,1024,45056,0,1048576,4096,4096,4,2,0.667,3,6,3,3,6,3,0,1,0,1,1,0,0.708,1,6,0.708,0.0,0,7.934,7.655,5.557,3.45,3.91,5.69,96,232,3,0,0,0,233,235,4,93,69,85,195,232,1,0,0,0,235,93,187,237,255,255,255,3,221,129,235,0,128,1,0,131,189,136,4,0,0,0,137,157,136,4,0,0,15,133,203,3,0,0,141,133,148,4,0,0,80,255,149,169,15,0,10.0,11.0,3.0,0.273,-1,1,40.0,0
0,0,0,0,0,0,0,0,103572,4194304,4096,4,0,286720,94208,1024,163840,0,1048576,4096,4096,4,2,0.667,3,6,3,3,6,3,0,1,0,1,1,0,0.825,1,6,0.825,0.0,0,7.962,7.911,5.333,3.805,3.201,4.06,96,232,3,0,0,0,233,235,4,93,69,85,195,232,1,0,0,0,235,93,187,237,255,255,255,3,221,129,235,0,0,4,0,131,189,136,4,0,0,0,137,157,136,4,0,0,15,133,203,3,0,0,141,133,148,4,0,0,80,255,149,169,15,0,11.0,12.0,3.0,0.25,-1,1,133.0,0
0,0,0,0,0,0,0,0,0,4194304,4096,4,0,180224,95744,4096,53760,0,1048576,4096,4096,4,2,0.667,3,6,3,3,6,3,0,1,0,1,1,0,0.792,1,6,0.792,0.0,0,7.958,6.602,6.622,3.39,4.394,5.48,96,232,3,0,0,0,233,235,4,93,69,85,195,232,1,0,0,0,235,93,187,237,255,255,255,3,221,129,235,0,128,2,0,131,189,136,4,0,0,0,137,157,136,4,0,0,15,133,203,3,0,0,141,133,148,4,0,0,80,255,149,169,15,0,11.0,12.0,3.0,0.25,-1,1,143.0,0
0,0,1,0,0,0,0,1,68988,4194304,4096,5,1,159744,69120,1024,65024,0,1048576,4096,4096,4,2,0.667,3,6,3,3,6,3,0,1,0,1,1,0,0.688,1,6,0.688,0.0,0,7.946,6.831,0.995,3.662,3.73,5.822,96,232,3,0,0,0,233,235,4,93,69,85,195,232,1,0,0,0,235,93,187,237,255,255,255,3,221,129,235,0,64,2,0,131,189,136,4,0,0,0,137,157,136,4,0,0,15,133,203,3,0,0,141,133,148,4,0,0,80,255,149,169,15,0,6.0,7.0,3.0,0.429,-1,1,12.0,0
0,0,0,0,0,0,0,0,0,4194304,4096,4,0,77824,49152,1024,12288,0,1048576,4096,4096,3,2,0.6,3,5,3,3,5,3,0,1,0,1,1,0,0.562,1,5,0.562,0.0,0,7.943,7.309,-1,3.454,4.222,5.611,96,232,3,0,0,0,233,235,4,93,69,85,195,232,1,0,0,0,235,93,187,237,255,255,255,3,221,129,235,0,0,1,0,131,189,136,4,0,0,0,137,157,136,4,0,0,15,133,203,3,0,0,141,133,148,4,0,0,80,255,149,169,15,0,2.0,3.0,3.0,1.0,-1,1,-1,0
0,0,1,0,0,0,0,1,117527,4194304,4096,5,1,135168,55296,1024,53760,0,1048576,4096,4096,4,2,0.667,3,6,3,3,6,3,0,1,0,1,1,0,0.688,1,6,0.688,0.0,0,7.941,6.722,0.99,3.59,3.757,5.79,96,232,3,0,0,0,233,235,4,93,69,85,195,232,1,0,0,0,235,93,187,237,255,255,255,3,221,129,235,0,224,1,0,131,189,136,4,0,0,0,137,157,136,4,0,0,15,133,203,3,0,0,141,133,148,4,0,0,80,255,149,169,15,0,5.0,6.0,3.0,0.5,-1,1,12.0,0
0,0,0,0,0,0,0,0,0,4194304,4096,4,0,102400,48128,4096,26112,0,1048576,4096,4096,4,2,0.667,3,6,3,3,6,3,0,1,0,1,1,0,0.938,1,6,0.938,0.0,0,7.961,6.101,5.933,3.341,3.963,5.282,96,232,3,0,0,0,233,235,4,93,69,85,195,232,1,0,0,0,235,93,187,237,255,255,255,3,221,129,235,0,96,1,0,131,189,136,4,0,0,0,137,157,136,4,0,0,15,133,203,3,0,0,141,133,148,4,0,0,80,255,149,169,15,0,10.0,11.0,4.0,0.364,-1,1,148.0,0
0,0,0,0,0,0,0,0,117958,4194304,4096,4,0,221184,69632,1024,126976,0,1048576,4096,4096,4,2,0.667,3,6,3,3,6,3,0,1,0,1,1,0,0.75,1,6,0.75,0.0,0,7.958,7.719,7.953,3.396,4.178,5.385,96,232,3,0,0,0,233,235,4,93,69,85,195,232,1,0,0,0,235,93,187,237,255,255,255,3,221,129,235,0,48,3,0,131,189,136,4,0,0,0,137,157,136,4,0,0,15,133,203,3,0,0,141,133,148,4,0,0,80,255,149,169,15,0,9.0,10.0,3.0,0.3,-1,1,17.0,0
0,0,1,0,0,0,0,1,136053,4194304,4096,5,1,208896,99840,1024,81920,0,1048576,4096,4096,4,2,0.667,3,6,3,3,6,3,0,1,0,1,1,0,0.75,1,6,0.75,0.0,0,7.965,7.03,0.999,3.69,3.61,5.526,96,232,3,0,0,0,233,235,4,93,69,85,195,232,1,0,0,0,235,93,187,237,255,255,255,3,221,129,235,0,0,3,0,131,189,136,4,0,0,0,137,157,136,4,0,0,15,133,203,3,0,0,141,133,148,4,0,0,80,255,149,169,15,0,6.0,7.0,3.0,0.429,-1,1,12.0,0
0,0,1,0,0,0,0,1,74249,4194304,4096,5,1,172032,75776,1024,71168,0,1048576,4096,4096,4,2,0.667,3,6,3,3,6,3,0,1,0,1,1,0,0.75,1,6,0.75,0.0,0,7.955,6.848,0.999,3.689,3.68,5.519,96,232,3,0,0,0,233,235,4,93,69,85,195,232,1,0,0,0,235,93,187,237,255,255,255,3,221,129,235,0,112,2,0,131,189,136,4,0,0,0,137,157,136,4,0,0,15,133,203,3,0,0,141,133,148,4,0,0,80,255,149,169,15,0,6.0,7.0,3.0,0.429,-1,1,12.0,0
0,0,0,0,0,0,0,1,86136,4194304,4096,5,0,204800,134656,1024,36352,0,1048576,4096,4096,4,2,0.667,3,6,3,3,6,3,0,1,0,1,1,0,0.75,1,6,0.75,0.0,0,7.958,7.603,1.489,3.471,3.946,5.535,96,232,3,0,0,0,233,235,4,93,69,85,195,232,1,0,0,0,235,93,187,237,255,255,255,3,221,129,235,0,240,2,0,131,189,136,4,0,0,0,137,157,136,4,0,0,15,133,203,3,0,0,141,133,148,4,0,0,80,255,149,169,15,0,9.0,10.0,3.0,0.3,-1,1,12.0,0
0,0,1,0,0,0,0,1,88605,4194304,4096,5,1,172032,78336,1024,64512,0,1048576,4096,4096,4,2,0.667,3,6,3,3,6,3,0,1,0,1,1,0,0.688,1,6,0.688,0.0,0,7.96,6.85,0.995,3.719,3.721,5.822,96,232,3,0,0,0,233,235,4,93,69,85,195,232,1,0,0,0,235,93,187,237,255,255,255,3,221,129,235,0,112,2,0,131,189,136,4,0,0,0,137,157,136,4,0,0,15,133,203,3,0,0,141,133,148,4,0,0,80,255,149,169,15,0,5.0,6.0,3.0,0.5,-1,1,12.0,0
0,0,1,0,0,0,0,1,90444,4194304,4096,5,1,196608,97280,1024,73728,0,1048576,4096,4096,4,2,0.667,3,6,3,3,6,3,0,1,0,1,1,0,0.688,1,6,0.688,0.0,0,7.965,7.198,0.999,3.636,3.817,5.823,96,232,3,0,0,0,233,235,4,93,69,85,195,232,1,0,0,0,235,93,187,237,255,255,255,3,221,129,235,0,208,2,0,131,189,136,4,0,0,0,137,157,136,4,0,0,15,133,203,3,0,0,141,133,148,4,0,0,80,255,149,169,15,0,5.0,6.0,3.0,0.5,-1,1,12.0,0
0,0,1,0,0,0,0,1,184524,4194304,4096,5,1,303104,86528,1024,189952,0,1048576,4096,4096,4,2,0.667,3,6,3,3,6,3,0,1,0,1,1,0,0.75,1,6,0.75,0.0,0,7.958,6.82,7.951,3.73,4.2,5.503,96,232,3,0,0,0,233,235,4,93,69,85,195,232,1,0,0,0,235,93,187,237,255,255,255,3,221,129,235,0,112,4,0,131,189,136,4,0,0,0,137,157,136,4,0,0,15,133,203,3,0,0,141,133,148,4,0,0,80,255,149,169,15,0,6.0,7.0,3.0,0.429,-1,1,17.0,0
0,0,1,0,0,0,0,1,174686,4194304,4096,5,1,360448,102912,1024,231936,0,1048576,4096,4096,4,2,0.667,3,6,3,3,6,3,0,1,0,1,1,0,0.75,1,6,0.75,0.0,0,7.961,7.457,7.959,3.762,3.871,5.63,96,232,3,0,0,0,233,235,4,93,69,85,195,232,1,0,0,0,235,93,187,237,255,255,255,3,221,129,235,0,80,5,0,131,189,136,4,0,0,0,137,157,136,4,0,0,15,133,203,3,0,0,141,133,148,4,0,0,80,255,149,169,15,0,10.0,11.0,3.0,0.273,-1,1,17.0,0
0,0,1,0,0,0,0,1,110481,4194304,4096,5,1,163840,76800,1024,66048,0,1048576,4096,4096,4,2,0.667,3,6,3,3,6,3,0,1,0,1,1,0,0.688,1,6,0.688,0.0,0,7.95,6.829,0.999,3.688,3.835,5.84,96,232,3,0,0,0,233,235,4,93,69,85,195,232,1,0,0,0,235,93,187,237,255,255,255,3,221,129,235,0,80,2,0,131,189,136,4,0,0,0,137,157,136,4,0,0,15,133,203,3,0,0,141,133,148,4,0,0,80,255,149,169,15,0,6.0,7.0,3.0,0.429,-1,1,12.0,0
0,0,0,0,0,0,0,0,108783,4194304,4096,4,0,102400,50688,1024,27136,0,1048576,4096,4096,4,2,0.667,3,6,3,3,6,3,0,1,0,1,1,0,0.938,1,6,0.938,0.0,0,7.936,2.278,6.242,3.538,4.119,5.533,96,232,3,0,0,0,233,235,4,93,69,85,195,232,1,0,0,0,235,93,187,237,255,255,255,3,221,129,235,0,96,1,0,131,189,136,4,0,0,0,137,157,136,4,0,0,15,133,203,3,0,0,141,133,148,4,0,0,80,255,149,169,15,0,11.0,12.0,3.0,0.25,-1,1,137.0,0
0,0,0,0,0,0,0,1,255926,4194304,4096,5,0,909312,199168,1024,244224,0,1048576,4096,4096,4,2,0.667,3,6,3,3,6,3,0,1,0,1,1,0,0.938,1,6,0.938,0.0,0,7.963,7.87,7.922,3.592,2.363,5.356,96,232,3,0,0,0,233,235,4,93,69,85,195,232,1,0,0,0,235,93,187,237,255,255,255,3,221,129,235,0,176,13,0,131,189,136,4,0,0,0,137,157,136,4,0,0,15,133,203,3,0,0,141,133,148,4,0,0,80,255,149,169,15,0,9.0,10.0,3.0,0.3,-1,1,142.0,0
0,0,0,0,0,0,0,1,696526,4194304,4096,5,0,2191360,1216000,1024,832512,0,1048576,4096,4096,4,2,0.667,3,6,3,3,6,3,0,1,0,1,1,0,0.981,1,6,0.981,0.0,0,7.969,7.943,7.836,4.06,3.189,4.278,96,232,3,0,0,0,233,235,4,93,69,85,195,232,1,0,0,0,235,93,187,237,255,255,255,3,221,129,235,0,192,31,0,131,189,136,4,0,0,0,137,157,136,4,0,0,15,133,203,3,0,0,141,133,148,4,0,0,80,255,149,169,15,0,14.0,15.0,4.0,0.267,-1,1,367.0,0
0,0,0,0,0,0,0,0,0,4194304,4096,4,0,704512,530432,1024,124416,0,1048576,16384,4096,5,5,0.5,3,10,3,3,10,3,0,1,1,1,1,0,0.812,4,10,0.812,0.0,0,-1,-1,7.393,2.393,3.593,4.847,96,232,3,0,0,0,233,235,4,93,69,85,195,232,1,0,0,0,235,93,187,237,255,255,255,3,221,129,235,0,112,10,0,131,189,136,4,0,0,0,137,157,136,4,0,0,15,133,203,3,0,0,141,133,148,4,0,0,80,255,149,169,15,0,15.0,16.0,5.0,0.312,-1,1,235.0,0
0,0,0,0,0,0,0,0,0,4194304,4096,4,0,86016,18432,1024,42496,0,1048576,4096,4096,4,2,0.667,3,6,3,3,6,3,0,1,0,1,1,0,1.0,1,5,1.0,0.0,0,7.888,2.684,4.281,3.619,2.441,6.231,96,232,3,0,0,0,233,235,4,93,69,85,195,232,1,0,0,0,235,93,187,237,255,255,255,3,221,129,235,0,32,1,0,131,189,136,4,0,0,0,137,157,136,4,0,0,15,133,203,3,0,0,141,133,148,4,0,0,80,255,149,169,15,0,8.0,9.0,3.0,0.333,-1,1,28.0,0
0,0,1,0,0,0,0,1,188894,4194304,4096,5,1,487424,90112,1024,377856,0,1048576,4096,4096,4,2,0.667,3,6,3,3,6,3,0,1,0,1,1,0,0.688,1,6,0.688,0.0,0,7.96,7.295,7.963,3.722,3.874,5.84,96,232,3,0,0,0,233,235,4,93,69,85,195,232,1,0,0,0,235,93,187,237,255,255,255,3,221,129,235,0,64,7,0,131,189,136,4,0,0,0,137,157,136,4,0,0,15,133,203,3,0,0,141,133,148,4,0,0,80,255,149,169,15,0,6.0,7.0,3.0,0.429,-1,1,21.0,0
0,0,1,0,0,0,0,1,2503339,4194304,4096,5,1,6541312,1693696,1024,4558848,0,1048576,4096,4096,4,2,0.667,3,6,3,3,6,3,0,1,0,1,1,0,0.991,1,6,0.991,0.0,0,7.967,7.859,7.964,4.316,3.775,5.259,96,232,3,0,0,0,233,235,4,93,69,85,195,232,1,0,0,0,235,93,187,237,255,255,255,3,221,129,235,0,144,95,0,131,189,136,4,0,0,0,137,157,136,4,0,0,15,133,203,3,0,0,141,133,148,4,0,0,80,255,149,169,15,0,18.0,19.0,3.0,0.158,-1,1,783.0,0
0,0,1,0,0,0,0,1,99529,4194304,4096,5,1,163840,72192,1024,66048,0,1048576,4096,4096,4,2,0.667,3,6,3,3,6,3,0,1,0,1,1,0,0.75,1,6,0.75,0.0,0,7.963,7.817,0.999,3.735,3.8,5.497,96,232,3,0,0,0,233,235,4,93,69,85,195,232,1,0,0,0,235,93,187,237,255,255,255,3,221,129,235,0,80,2,0,131,189,136,4,0,0,0,137,157,136,4,0,0,15,133,203,3,0,0,141,133,148,4,0,0,80,255,149,169,15,0,7.0,8.0,3.0,0.375,-1,1,12.0,0
0,0,0,0,0,0,0,0,98866,4194304,4096,4,0,139264,65536,1024,43008,0,1048576,4096,4096,4,2,0.667,3,6,3,3,6,3,0,1,0,1,1,0,0.917,1,6,0.917,0.0,0,7.963,5.076,6.779,3.454,3.903,5.075,96,232,3,0,0,0,233,235,4,93,69,85,195,232,1,0,0,0,235,93,187,237,255,255,255,3,221,129,235,0,224,1,0,131,189,136,4,0,0,0,137,157,136,4,0,0,15,133,203,3,0,0,141,133,148,4,0,0,80,255,149,169,15,0,10.0,11.0,3.0,0.273,-1,1,154.0,0
0,0,0,0,0,0,0,0,0,4194304,4096,4,0,532480,339456,1024,136192,0,524288,131072,4096,4,2,0.667,3,6,3,3,6,3,0,1,0,1,1,0,0.969,1,6,0.969,0.0,0,7.966,7.598,5.983,3.699,3.912,5.916,96,232,3,0,0,0,233,235,4,93,69,85,195,232,1,0,0,0,235,93,187,237,255,255,255,3,221,129,235,0,144,7,0,131,189,136,4,0,0,0,137,157,136,4,0,0,15,133,203,3,0,0,141,133,148,4,0,0,80,255,149,169,15,0,11.0,12.0,3.0,0.25,-1,1,330.0,0
0,0,0,0,0,0,0,0,111847,4194304,4096,4,0,139264,55808,1024,44032,0,1048576,4096,4096,4,2,0.667,3,6,3,3,6,3,0,1,0,1,1,0,0.875,1,6,0.875,0.0,0,7.947,5.743,6.916,3.582,3.958,5.555,96,232,3,0,0,0,233,235,4,93,69,85,195,232,1,0,0,0,235,93,187,237,255,255,255,3,221,129,235,0,192,1,0,131,189,136,4,0,0,0,137,157,136,4,0,0,15,133,203,3,0,0,141,133,148,4,0,0,80,255,149,169,15,0,8.0,9.0,3.0,0.333,-1,1,151.0,0
0,0,0,0,0,0,0,0,56956,4194304,4096,4,0,159744,20480,1024,122880,0,1048576,4096,4096,3,2,0.6,3,5,3,3,5,3,0,1,0,1,1,0,0.562,1,5,0.575,0.0,0,7.942,7.949,-1,3.471,2.36,5.754,96,232,3,0,0,0,233,235,4,93,69,85,195,232,1,0,0,0,235,93,187,237,255,255,255,3,221,129,235,0,64,2,0,131,189,136,4,0,0,0,137,157,136,4,0,0,15,133,203,3,0,0,141,133,148,4,0,0,80,255,149,169,15,0,5.0,6.0,3.0,0.5,-1,1,-1,0
0,0,0,0,0,0,0,1,273861,4194304,4096,5,0,1658880,206336,1024,1424384,0,1048576,4096,4096,4,2,0.667,3,6,3,3,6,3,0,1,0,1,1,0,0.792,1,6,0.792,0.0,0,7.967,7.64,7.962,3.672,1.845,5.72,96,232,3,0,0,0,233,235,4,93,69,85,195,232,1,0,0,0,235,93,187,237,255,255,255,3,221,129,235,0,16,25,0,131,189,136,4,0,0,0,137,157,136,4,0,0,15,133,203,3,0,0,141,133,148,4,0,0,80,255,149,169,15,0,9.0,10.0,3.0,0.3,-1,1,71.0,0
0,0,0,0,0,0,0,0,101624,4194304,4096,4,0,258048,77824,1024,159744,0,1048576,4096,4096,4,2,0.667,3,6,3,3,6,3,0,1,0,1,1,0,0.833,1,6,0.833,0.0,0,7.962,7.932,6.139,3.786,2.986,4.743,96,232,3,0,0,0,233,235,4,93,69,85,195,232,1,0,0,0,235,93,187,237,255,255,255,3,221,129,235,0,176,3,0,131,189,136,4,0,0,0,137,157,136,4,0,0,15,133,203,3,0,0,141,133,148,4,0,0,80,255,149,169,15,0,10.0,11.0,3.0,0.273,-1,1,107.0,0
0,0,0,0,0,0,0,1,223123,4194304,4096,5,0,577536,206848,1024,253440,0,1048576,4096,4096,4,2,0.667,3,6,3,3,6,3,0,1,0,1,1,0,0.708,1,6,0.708,0.0,0,7.966,7.534,7.927,3.622,3.7,5.414,96,232,3,0,0,0,233,235,4,93,69,85,195,232,1,0,0,0,235,93,187,237,255,255,255,3,221,129,235,0,144,8,0,131,189,136,4,0,0,0,137,157,136,4,0,0,15,133,203,3,0,0,141,133,148,4,0,0,80,255,149,169,15,0,9.0,10.0,3.0,0.3,-1,1,167.0,0
0,0,0,0,0,0,0,0,0,4194304,4096,4,0,94208,45056,1024,32768,0,1048576,4096,4096,4,2,0.667,3,6,3,3,6,3,0,1,0,1,1,0,0.812,1,6,0.812,0.0,0,7.903,6.576,7.008,3.513,3.155,5.191,96,232,3,0,0,0,233,235,4,93,69,85,195,232,1,0,0,0,235,93,187,237,255,255,255,3,221,129,235,0,64,1,0,131,189,136,4,0,0,0,137,157,136,4,0,0,15,133,203,3,0,0,141,133,148,4,0,0,80,255,149,169,15,0,6.0,7.0,3.0,0.429,-1,1,54.0,0
0,0,0,0,0,0,0,0,88647,4194304,4096,4,0,159744,20480,1024,122880,0,1048576,4096,4096,3,2,0.6,3,5,3,3,5,3,0,1,0,1,1,0,0.562,1,5,0.6,0.0,0,7.878,7.933,-1,3.581,2.395,5.749,96,232,3,0,0,0,233,235,4,93,69,85,195,232,1,0,0,0,235,93,187,237,255,255,255,3,221,129,235,0,64,2,0,131,189,136,4,0,0,0,137,157,136,4,0,0,15,133,203,3,0,0,141,133,148,4,0,0,80,255,149,169,15,0,5.0,6.0,3.0,0.5,-1,1,-1,0
0,0,0,0,0,0,0,1,1178767,4194304,4096,5,0,3334144,1161216,1024,2016256,0,1048576,4096,4096,4,2,0.667,3,6,3,3,6,3,0,1,0,1,1,0,0.988,1,6,0.988,0.0,0,7.968,7.925,7.945,4.029,3.557,5.883,96,232,3,0,0,0,233,235,4,93,69,85,195,232,1,0,0,0,235,93,187,237,255,255,255,3,221,129,235,0,240,48,0,131,189,136,4,0,0,0,137,157,136,4,0,0,15,133,203,3,0,0,141,133,148,4,0,0,80,255,149,169,15,0,12.0,13.0,3.0,0.231,-1,1,838.0,0
0,0,1,0,0,0,0,1,103580,4194304,4096,5,1,471040,162304,1024,283648,0,1048576,4096,4096,4,2,0.667,3,6,3,3,6,3,0,1,0,1,1,0,0.688,1,6,0.688,0.0,0,7.962,7.781,1.001,3.793,2.31,5.796,96,232,3,0,0,0,233,235,4,93,69,85,195,232,1,0,0,0,235,93,187,237,255,255,255,3,221,129,235,0,0,7,0,131,189,136,4,0,0,0,137,157,136,4,0,0,15,133,203,3,0,0,141,133,148,4,0,0,80,255,149,169,15,0,6.0,7.0,3.0,0.429,-1,1,12.0,0
0,0,0,0,0,0,0,0,43336,4194304,4096,4,0,167936,24576,1024,126976,0,1048576,4096,4096,4,2,0.667,3,6,3,3,6,3,0,1,0,1,1,0,0.688,1,6,0.688,0.0,0,7.951,7.948,5.972,3.511,2.482,5.242,96,232,3,0,0,0,233,235,4,93,69,85,195,232,1,0,0,0,235,93,187,237,255,255,255,3,221,129,235,0,96,2,0,131,189,136,4,0,0,0,137,157,136,4,0,0,15,133,203,3,0,0,141,133,148,4,0,0,80,255,149,169,15,0,6.0,7.0,3.0,0.429,-1,1,24.0,0
0,0,0,0,0,0,0,0,0,4194304,4096,4,0,139264,56320,4096,45568,0,1048576,4096,4096,4,2,0.667,3,6,3,3,6,3,0,1,0,1,1,0,0.781,1,6,0.781,0.0,0,7.953,7.055,6.582,3.44,3.742,4.749,96,232,3,0,0,0,233,235,4,93,69,85,195,232,1,0,0,0,235,93,187,237,255,255,255,3,221,129,235,0,208,1,0,131,189,136,4,0,0,0,137,157,136,4,0,0,15,133,203,3,0,0,141,133,148,4,0,0,80,255,149,169,15,0,10.0,11.0,3.0,0.273,-1,1,152.0,0
0,0,0,0,0,0,0,0,84496,4194304,4096,4,0,135168,46080,1024,32768,0,1048576,4096,4096,4,4,0.5,5,8,5,5,8,5,0,1,0,1,1,0,0.781,2,8,0.781,0.0,0,7.951,6.084,6.596,3.442,3.858,7.259,96,232,3,0,0,0,233,235,4,93,69,85,195,232,1,0,0,0,235,93,187,237,255,255,255,3,221,129,235,0,192,1,0,131,189,136,4,0,0,0,137,157,136,4,0,0,15,133,203,3,0,0,141,133,148,4,0,0,80,255,149,169,15,0,10.0,11.0,3.0,0.273,-1,1,148.0,0
0,0,0,0,0,0,0,0,81185,4194304,4096,4,0,163840,24576,1024,122880,0,1048576,4096,4096,3,2,0.6,3,5,3,3,5,3,0,1,0,1,1,0,0.562,1,5,0.562,0.0,0,7.894,7.899,-1,3.648,2.458,5.85,96,232,3,0,0,0,233,235,4,93,69,85,195,232,1,0,0,0,235,93,187,237,255,255,255,3,221,129,235,0,80,2,0,131,189,136,4,0,0,0,137,157,136,4,0,0,15,133,203,3,0,0,141,133,148,4,0,0,80,255,149,169,15,0,9.0,10.0,3.0,0.3,-1,1,-1,0
0,0,0,0,0,0,0,0,80711,4194304,4096,4,0,188416,28672,1024,139264,0,1048576,4096,4096,4,2,0.667,3,6,3,3,6,3,0,1,0,1,1,0,0.917,1,6,0.917,0.0,0,7.913,7.913,5.089,3.699,2.682,5.178,96,232,3,0,0,0,233,235,4,93,69,85,195,232,1,0,0,0,235,93,187,237,255,255,255,3,221,129,235,0,160,2,0,131,189,136,4,0,0,0,137,157,136,4,0,0,15,133,203,3,0,0,141,133,148,4,0,0,80,255,149,169,15,0,12.0,13.0,3.0,0.231,-1,1,122.0,0
0,0,0,0,0,0,0,0,197788,4194304,4096,4,0,270336,6144,1024,168960,1024,2097152,4096,4096,7,2,0.778,1,7,0,1,7,0,0,0,0,0,0,0,1.013,1,1,64.0,0.0,0,5.744,0.444,4.273,2.646,5.269,5.744,131,236,12,199,5,148,83,64,0,1,0,0,0,232,158,2,0,0,131,196,12,233,166,252,255,255,141,182,0,0,0,0,131,236,12,199,5,148,83,64,0,0,0,0,0,232,126,2,0,0,131,196,12,233,134,252,255,255,141,182,0,0,0,0,2.0,46.0,6.0,0.13,23.0,1,40.0,0
0,0,0,0,0,0,0,0,197788,4194304,4096,4,0,258048,6144,1024,168960,1024,2097152,4096,4096,7,2,0.778,1,7,0,1,7,0,0,0,0,0,0,0,1.013,1,1,64.0,0.0,0,5.744,0.444,4.273,2.651,4.912,5.744,131,236,12,199,5,148,83,64,0,1,0,0,0,232,158,2,0,0,131,196,12,233,166,252,255,255,141,182,0,0,0,0,131,236,12,199,5,148,83,64,0,0,0,0,0,232,126,2,0,0,131,196,12,233,134,252,255,255,141,182,0,0,0,0,2.0,46.0,6.0,0.13,23.0,1,40.0,0
0,0,0,0,0,0,0,0,197788,4194304,4096,4,0,233472,6144,1024,168960,1024,2097152,4096,4096,7,2,0.778,1,7,0,1,7,0,0,0,0,0,0,0,1.013,1,1,64.0,0.0,0,5.744,0.444,4.273,2.65,4.69,5.744,131,236,12,199,5,148,83,64,0,1,0,0,0,232,158,2,0,0,131,196,12,233,166,252,255,255,141,182,0,0,0,0,131,236,12,199,5,148,83,64,0,0,0,0,0,232,126,2,0,0,131,196,12,233,134,252,255,255,141,182,0,0,0,0,2.0,46.0,6.0,0.13,23.0,1,40.0,0
0,0,0,0,0,0,0,0,197788,4194304,4096,4,0,278528,6144,1024,168960,1024,2097152,4096,4096,7,2,0.778,1,7,0,1,7,0,0,0,0,0,0,0,1.013,1,1,64.0,0.0,0,5.744,0.444,4.273,2.646,5.267,5.744,131,236,12,199,5,148,83,64,0,1,0,0,0,232,158,2,0,0,131,196,12,233,166,252,255,255,141,182,0,0,0,0,131,236,12,199,5,148,83,64,0,0,0,0,0,232,126,2,0,0,131,196,12,233,134,252,255,255,141,182,0,0,0,0,2.0,46.0,6.0,0.13,23.0,1,40.0,0
0,0,0,0,0,0,0,0,197788,4194304,4096,4,0,278528,6144,1024,168960,1024,2097152,4096,4096,7,2,0.778,1,7,0,1,7,0,0,0,0,0,0,0,1.013,1,1,64.0,0.0,0,5.744,0.444,4.273,2.646,5.254,5.744,131,236,12,199,5,148,83,64,0,1,0,0,0,232,158,2,0,0,131,196,12,233,166,252,255,255,141,182,0,0,0,0,131,236,12,199,5,148,83,64,0,0,0,0,0,232,126,2,0,0,131,196,12,233,134,252,255,255,141,182,0,0,0,0,2.0,46.0,6.0,0.13,23.0,1,40.0,0
0,0,0,0,0,0,0,0,197788,4194304,4096,4,0,258048,6144,1024,168960,1024,2097152,4096,4096,7,2,0.778,1,7,0,1,7,0,0,0,0,0,0,0,1.013,1,1,64.0,0.0,0,5.744,0.444,4.273,2.651,5.115,5.744,131,236,12,199,5,148,83,64,0,1,0,0,0,232,158,2,0,0,131,196,12,233,166,252,255,255,141,182,0,0,0,0,131,236,12,199,5,148,83,64,0,0,0,0,0,232,126,2,0,0,131,196,12,233,134,252,255,255,141,182,0,0,0,0,2.0,46.0,6.0,0.13,23.0,1,40.0,0
0,0,0,0,0,0,0,0,197788,4194304,4096,4,0,241664,6144,1024,168960,1024,2097152,4096,4096,7,2,0.778,1,7,0,1,7,0,0,0,0,0,0,0,1.013,1,1,64.0,0.0,0,5.744,0.444,4.273,2.654,4.857,5.744,131,236,12,199,5,148,83,64,0,1,0,0,0,232,158,2,0,0,131,196,12,233,166,252,255,255,141,182,0,0,0,0,131,236,12,199,5,148,83,64,0,0,0,0,0,232,126,2,0,0,131,196,12,233,134,252,255,255,141,182,0,0,0,0,2.0,46.0,6.0,0.13,23.0,1,40.0,0
0,0,0,0,0,0,0,0,197788,4194304,4096,4,0,3063808,6144,1024,168960,1024,2097152,4096,4096,7,2,0.778,1,7,0,1,7,0,0,0,0,0,0,0,1.013,1,1,64.0,0.0,0,5.744,0.444,4.273,2.649,7.798,5.744,131,236,12,199,5,148,83,64,0,1,0,0,0,232,158,2,0,0,131,196,12,233,166,252,255,255,141,182,0,0,0,0,131,236,12,199,5,148,83,64,0,0,0,0,0,232,126,2,0,0,131,196,12,233,134,252,255,255,141,182,0,0,0,0,2.0,46.0,6.0,0.13,23.0,1,40.0,0
0,0,0,0,0,0,0,0,197788,4194304,4096,4,0,352256,6144,1024,168960,1024,2097152,4096,4096,7,2,0.778,1,7,0,1,7,0,0,0,0,0,0,0,1.013,1,1,64.0,0.0,0,5.744,0.444,4.273,2.65,5.923,5.744,131,236,12,199,5,148,83,64,0,1,0,0,0,232,158,2,0,0,131,196,12,233,166,252,255,255,141,182,0,0,0,0,131,236,12,199,5,148,83,64,0,0,0,0,0,232,126,2,0,0,131,196,12,233,134,252,255,255,141,182,0,0,0,0,2.0,46.0,6.0,0.13,23.0,1,40.0,0
0,0,0,0,0,0,0,0,197788,4194304,4096,4,0,356352,6144,1024,168960,1024,2097152,4096,4096,7,2,0.778,1,7,0,1,7,0,0,0,0,0,0,0,1.013,1,1,64.0,0.0,0,5.744,0.444,4.273,2.651,5.967,5.744,131,236,12,199,5,148,83,64,0,1,0,0,0,232,158,2,0,0,131,196,12,233,166,252,255,255,141,182,0,0,0,0,131,236,12,199,5,148,83,64,0,0,0,0,0,232,126,2,0,0,131,196,12,233,134,252,255,255,141,182,0,0,0,0,2.0,46.0,6.0,0.13,23.0,1,40.0,0
0,0,0,0,0,0,0,0,197788,4194304,4096,4,0,241664,6144,1024,168960,1024,2097152,4096,4096,7,2,0.778,1,7,0,1,7,0,0,0,0,0,0,0,1.013,1,1,64.0,0.0,0,5.744,0.444,4.273,2.654,4.849,5.744,131,236,12,199,5,148,83,64,0,1,0,0,0,232,158,2,0,0,131,196,12,233,166,252,255,255,141,182,0,0,0,0,131,236,12,199,5,148,83,64,0,0,0,0,0,232,126,2,0,0,131,196,12,233,134,252,255,255,141,182,0,0,0,0,2.0,46.0,6.0,0.13,23.0,1,40.0,0
0,0,0,0,0,0,0,0,197788,4194304,4096,4,0,241664,6144,1024,168960,1024,2097152,4096,4096,7,2,0.778,1,7,0,1,7,0,0,0,0,0,0,0,1.013,1,1,64.0,0.0,0,5.744,0.444,4.273,2.654,4.869,5.744,131,236,12,199,5,148,83,64,0,1,0,0,0,232,158,2,0,0,131,196,12,233,166,252,255,255,141,182,0,0,0,0,131,236,12,199,5,148,83,64,0,0,0,0,0,232,126,2,0,0,131,196,12,233,134,252,255,255,141,182,0,0,0,0,2.0,46.0,6.0,0.13,23.0,1,40.0,0
0,0,0,0,0,0,0,0,197788,4194304,4096,4,0,380928,6144,1024,168960,1024,2097152,4096,4096,7,2,0.778,1,7,0,1,7,0,0,0,0,0,0,0,1.013,1,1,64.0,0.0,0,5.744,0.444,4.273,2.655,6.134,5.744,131,236,12,199,5,148,83,64,0,1,0,0,0,232,158,2,0,0,131,196,12,233,166,252,255,255,141,182,0,0,0,0,131,236,12,199,5,148,83,64,0,0,0,0,0,232,126,2,0,0,131,196,12,233,134,252,255,255,141,182,0,0,0,0,2.0,46.0,6.0,0.13,23.0,1,40.0,0
0,0,0,0,0,0,0,0,176083,4194304,4096,4,0,253952,8192,1024,174592,2560,2097152,4096,4096,9,2,0.818,1,7,0,1,7,0,0,0,0,0,0,0,1.05,1,1,32.0,0.0,0,5.644,0.624,4.273,2.642,4.845,5.644,72,131,236,40,72,139,5,229,47,0,0,199,0,1,0,0,0,232,234,2,0,0,232,165,252,255,255,144,144,72,131,196,40,195,102,102,46,15,31,132,0,0,0,0,0,15,31,0,72,131,236,40,72,139,5,181,47,0,0,199,0,0,0,0,2.0,52.0,6.0,0.115,1.0,1,40.0,0
0,0,0,0,0,0,0,0,197788,4194304,4096,4,0,585728,6144,1024,168960,1024,2097152,4096,4096,7,2,0.778,1,7,0,1,7,0,0,0,0,0,0,0,1.013,1,1,64.0,0.0,0,5.744,0.444,4.273,2.658,6.855,5.744,131,236,12,199,5,148,83,64,0,1,0,0,0,232,158,2,0,0,131,196,12,233,166,252,255,255,141,182,0,0,0,0,131,236,12,199,5,148,83,64,0,0,0,0,0,232,126,2,0,0,131,196,12,233,134,252,255,255,141,182,0,0,0,0,2.0,46.0,6.0,0.13,23.0,1,40.0,0
0,0,0,0,0,0,0,0,197788,4194304,4096,4,0,241664,6144,1024,168960,1024,2097152,4096,4096,7,2,0.778,1,7,0,1,7,0,0,0,0,0,0,0,1.013,1,1,64.0,0.0,0,5.744,0.444,4.273,2.654,4.856,5.744,131,236,12,199,5,148,83,64,0,1,0,0,0,232,158,2,0,0,131,196,12,233,166,252,255,255,141,182,0,0,0,0,131,236,12,199,5,148,83,64,0,0,0,0,0,232,126,2,0,0,131,196,12,233,134,252,255,255,141,182,0,0,0,0,2.0,46.0,6.0,0.13,23.0,1,40.0,0
0,0,0,0,0,0,0,0,197788,4194304,4096,4,0,311296,6144,1024,168960,1024,2097152,4096,4096,7,2,0.778,1,7,0,1,7,0,0,0,0,0,0,0,1.013,1,1,64.0,0.0,0,5.744,0.444,4.273,2.648,5.686,5.744,131,236,12,199,5,148,83,64,0,1,0,0,0,232,158,2,0,0,131,196,12,233,166,252,255,255,141,182,0,0,0,0,131,236,12,199,5,148,83,64,0,0,0,0,0,232,126,2,0,0,131,196,12,233,134,252,255,255,141,182,0,0,0,0,2.0,46.0,6.0,0.13,23.0,1,40.0,0
0,0,0,0,0,0,0,0,197788,4194304,4096,4,0,462848,6144,1024,168960,1024,2097152,4096,4096,7,2,0.778,1,7,0,1,7,0,0,0,0,0,0,0,1.013,1,1,64.0,0.0,0,5.744,0.444,4.273,2.653,6.533,5.744,131,236,12,199,5,148,83,64,0,1,0,0,0,232,158,2,0,0,131,196,12,233,166,252,255,255,141,182,0,0,0,0,131,236,12,199,5,148,83,64,0,0,0,0,0,232,126,2,0,0,131,196,12,233,134,252,255,255,141,182,0,0,0,0,2.0,46.0,6.0,0.13,23.0,1,40.0,0
0,0,0,0,0,0,0,0,197788,4194304,4096,4,0,364544,6144,1024,168960,1024,2097152,4096,4096,7,2,0.778,1,7,0,1,7,0,0,0,0,0,0,0,1.013,1,1,64.0,0.0,0,5.744,0.444,4.273,2.651,6.021,5.744,131,236,12,199,5,148,83,64,0,1,0,0,0,232,158,2,0,0,131,196,12,233,166,252,255,255,141,182,0,0,0,0,131,236,12,199,5,148,83,64,0,0,0,0,0,232,126,2,0,0,131,196,12,233,134,252,255,255,141,182,0,0,0,0,2.0,46.0,6.0,0.13,23.0,1,40.0,0
0,0,0,0,0,0,0,0,197788,4194304,4096,4,0,348160,6144,1024,168960,1024,2097152,4096,4096,7,2,0.778,1,7,0,1,7,0,0,0,0,0,0,0,1.013,1,1,64.0,0.0,0,5.744,0.444,4.273,2.651,5.912,5.744,131,236,12,199,5,148,83,64,0,1,0,0,0,232,158,2,0,0,131,196,12,233,166,252,255,255,141,182,0,0,0,0,131,236,12,199,5,148,83,64,0,0,0,0,0,232,126,2,0,0,131,196,12,233,134,252,255,255,141,182,0,0,0,0,2.0,46.0,6.0,0.13,23.0,1,40.0,0
0,0,0,0,0,0,0,0,197788,4194304,4096,4,0,241664,6144,1024,168960,1024,2097152,4096,4096,7,2,0.778,1,7,0,1,7,0,0,0,0,0,0,0,1.013,1,1,64.0,0.0,0,5.744,0.444,4.273,2.654,4.848,5.744,131,236,12,199,5,148,83,64,0,1,0,0,0,232,158,2,0,0,131,196,12,233,166,252,255,255,141,182,0,0,0,0,131,236,12,199,5,148,83,64,0,0,0,0,0,232,126,2,0,0,131,196,12,233,134,252,255,255,141,182,0,0,0,0,2.0,46.0,6.0,0.13,23.0,1,40.0,0
0,0,0,0,0,0,0,0,197788,4194304,4096,4,0,434176,6144,1024,168960,1024,2097152,4096,4096,7,2,0.778,1,7,0,1,7,0,0,0,0,0,0,0,1.013,1,1,64.0,0.0,0,5.744,0.444,4.273,2.653,4.431,5.744,131,236,12,199,5,148,83,64,0,1,0,0,0,232,158,2,0,0,131,196,12,233,166,252,255,255,141,182,0,0,0,0,131,236,12,199,5,148,83,64,0,0,0,0,0,232,126,2,0,0,131,196,12,233,134,252,255,255,141,182,0,0,0,0,2.0,46.0,6.0,0.13,23.0,1,40.0,0
0,0,0,0,0,0,0,0,197788,4194304,4096,4,0,249856,6144,1024,168960,1024,2097152,4096,4096,7,2,0.778,1,7,0,1,7,0,0,0,0,0,0,0,1.013,1,1,64.0,0.0,0,5.744,0.444,4.273,2.655,4.772,5.744,131,236,12,199,5,148,83,64,0,1,0,0,0,232,158,2,0,0,131,196,12,233,166,252,255,255,141,182,0,0,0,0,131,236,12,199,5,148,83,64,0,0,0,0,0,232,126,2,0,0,131,196,12,233,134,252,255,255,141,182,0,0,0,0,2.0,46.0,6.0,0.13,23.0,1,40.0,0
0,0,0,0,0,0,0,0,197788,4194304,4096,4,0,241664,6144,1024,168960,1024,2097152,4096,4096,7,2,0.778,1,7,0,1,7,0,0,0,0,0,0,0,1.013,1,1,64.0,0.0,0,5.744,0.444,4.273,2.654,4.862,5.744,131,236,12,199,5,148,83,64,0,1,0,0,0,232,158,2,0,0,131,196,12,233,166,252,255,255,141,182,0,0,0,0,131,236,12,199,5,148,83,64,0,0,0,0,0,232,126,2,0,0,131,196,12,233,134,252,255,255,141,182,0,0,0,0,2.0,46.0,6.0,0.13,23.0,1,40.0,0
0,0,0,0,0,0,0,0,197788,4194304,4096,4,0,282624,6144,1024,168960,1024,2097152,4096,4096,7,2,0.778,1,7,0,1,7,0,0,0,0,0,0,0,1.013,1,1,64.0,0.0,0,5.744,0.444,4.273,2.649,5.4,5.744,131,236,12,199,5,148,83,64,0,1,0,0,0,232,158,2,0,0,131,196,12,233,166,252,255,255,141,182,0,0,0,0,131,236,12,199,5,148,83,64,0,0,0,0,0,232,126,2,0,0,131,196,12,233,134,252,255,255,141,182,0,0,0,0,2.0,46.0,6.0,0.13,23.0,1,40.0,0
0,0,0,0,0,0,0,0,197788,4194304,4096,4,0,356352,6144,1024,168960,1024,2097152,4096,4096,7,2,0.778,1,7,0,1,7,0,0,0,0,0,0,0,1.013,1,1,64.0,0.0,0,5.744,0.444,4.273,2.651,5.957,5.744,131,236,12,199,5,148,83,64,0,1,0,0,0,232,158,2,0,0,131,196,12,233,166,252,255,255,141,182,0,0,0,0,131,236,12,199,5,148,83,64,0,0,0,0,0,232,126,2,0,0,131,196,12,233,134,252,255,255,141,182,0,0,0,0,2.0,46.0,6.0,0.13,23.0,1,40.0,0
0,0,0,0,0,0,0,0,197788,4194304,4096,4,0,266240,6144,1024,168960,1024,2097152,4096,4096,7,2,0.778,1,7,0,1,7,0,0,0,0,0,0,0,1.013,1,1,64.0,0.0,0,5.744,0.444,4.273,2.646,5.201,5.744,131,236,12,199,5,148,83,64,0,1,0,0,0,232,158,2,0,0,131,196,12,233,166,252,255,255,141,182,0,0,0,0,131,236,12,199,5,148,83,64,0,0,0,0,0,232,126,2,0,0,131,196,12,233,134,252,255,255,141,182,0,0,0,0,2.0,46.0,6.0,0.13,23.0,1,40.0,0
0,0,0,0,0,0,0,0,197788,4194304,4096,4,0,266240,6144,1024,168960,1024,2097152,4096,4096,7,2,0.778,1,7,0,1,7,0,0,0,0,0,0,0,1.013,1,1,64.0,0.0,0,5.744,0.444,4.273,2.647,5.068,5.744,131,236,12,199,5,148,83,64,0,1,0,0,0,232,158,2,0,0,131,196,12,233,166,252,255,255,141,182,0,0,0,0,131,236,12,199,5,148,83,64,0,0,0,0,0,232,126,2,0,0,131,196,12,233,134,252,255,255,141,182,0,0,0,0,2.0,46.0,6.0,0.13,23.0,1,40.0,0
0,0,0,0,0,0,0,0,197788,4194304,4096,4,0,847872,6144,1024,168960,1024,2097152,4096,4096,7,2,0.778,1,7,0,1,7,0,0,0,0,0,0,0,1.013,1,1,64.0,0.0,0,5.744,0.444,4.273,2.657,7.258,5.744,131,236,12,199,5,148,83,64,0,1,0,0,0,232,158,2,0,0,131,196,12,233,166,252,255,255,141,182,0,0,0,0,131,236,12,199,5,148,83,64,0,0,0,0,0,232,126,2,0,0,131,196,12,233,134,252,255,255,141,182,0,0,0,0,2.0,46.0,6.0,0.13,23.0,1,40.0,0
0,0,0,0,0,0,0,0,197788,4194304,4096,4,0,738304,6144,1024,168960,1024,2097152,4096,4096,7,2,0.778,1,7,0,1,7,0,0,0,0,0,0,0,1.013,1,1,64.0,0.0,0,5.744,0.444,4.273,2.654,7.094,5.744,131,236,12,199,5,148,83,64,0,1,0,0,0,232,158,2,0,0,131,196,12,233,166,252,255,255,141,182,0,0,0,0,131,236,12,199,5,148,83,64,0,0,0,0,0,232,126,2,0,0,131,196,12,233,134,252,255,255,141,182,0,0,0,0,2.0,46.0,6.0,0.13,23.0,1,40.0,0
0,0,0,0,0,0,0,0,197788,4194304,4096,4,0,229376,6144,1024,168960,1024,2097152,4096,4096,7,2,0.778,1,7,0,1,7,0,0,0,0,0,0,0,1.013,1,1,64.0,0.0,0,5.744,0.444,4.273,2.65,4.61,5.744,131,236,12,199,5,148,83,64,0,1,0,0,0,232,158,2,0,0,131,196,12,233,166,252,255,255,141,182,0,0,0,0,131,236,12,199,5,148,83,64,0,0,0,0,0,232,126,2,0,0,131,196,12,233,134,252,255,255,141,182,0,0,0,0,2.0,46.0,6.0,0.13,23.0,1,40.0,0
0,0,0,0,0,0,0,0,197788,4194304,4096,4,0,495616,6144,1024,168960,1024,2097152,4096,4096,7,2,0.778,1,7,0,1,7,0,0,0,0,0,0,0,1.013,1,1,64.0,0.0,0,5.744,0.444,4.273,2.657,6.627,5.744,131,236,12,199,5,148,83,64,0,1,0,0,0,232,158,2,0,0,131,196,12,233,166,252,255,255,141,182,0,0,0,0,131,236,12,199,5,148,83,64,0,0,0,0,0,232,126,2,0,0,131,196,12,233,134,252,255,255,141,182,0,0,0,0,2.0,46.0,6.0,0.13,23.0,1,40.0,0
0,0,0,0,0,0,0,0,197788,4194304,4096,4,0,409600,6144,1024,168960,1024,2097152,4096,4096,7,2,0.778,1,7,0,1,7,0,0,0,0,0,0,0,1.013,1,1,64.0,0.0,0,5.744,0.444,4.273,2.649,6.259,5.744,131,236,12,199,5,148,83,64,0,1,0,0,0,232,158,2,0,0,131,196,12,233,166,252,255,255,141,182,0,0,0,0,131,236,12,199,5,148,83,64,0,0,0,0,0,232,126,2,0,0,131,196,12,233,134,252,255,255,141,182,0,0,0,0,2.0,46.0,6.0,0.13,23.0,1,40.0,0
0,0,0,0,0,0,0,0,197788,4194304,4096,4,0,397312,6144,1024,168960,1024,2097152,4096,4096,7,2,0.778,1,7,0,1,7,0,0,0,0,0,0,0,1.013,1,1,64.0,0.0,0,5.744,0.444,4.273,2.65,6.204,5.744,131,236,12,199,5,148,83,64,0,1,0,0,0,232,158,2,0,0,131,196,12,233,166,252,255,255,141,182,0,0,0,0,131,236,12,199,5,148,83,64,0,0,0,0,0,232,126,2,0,0,131,196,12,233,134,252,255,255,141,182,0,0,0,0,2.0,46.0,6.0,0.13,23.0,1,40.0,0
0,0,0,0,0,0,0,0,197788,4194304,4096,4,0,466944,6144,1024,168960,1024,2097152,4096,4096,7,2,0.778,1,7,0,1,7,0,0,0,0,0,0,0,1.013,1,1,64.0,0.0,0,5.744,0.444,4.273,2.654,6.508,5.744,131,236,12,199,5,148,83,64,0,1,0,0,0,232,158,2,0,0,131,196,12,233,166,252,255,255,141,182,0,0,0,0,131,236,12,199,5,148,83,64,0,0,0,0,0,232,126,2,0,0,131,196,12,233,134,252,255,255,141,182,0,0,0,0,2.0,46.0,6.0,0.13,23.0,1,40.0,0
0,0,0,0,0,0,0,0,197788,4194304,4096,4,0,360448,6144,1024,168960,1024,2097152,4096,4096,7,2,0.778,1,7,0,1,7,0,0,0,0,0,0,0,1.013,1,1,64.0,0.0,0,5.744,0.444,4.273,2.651,5.953,5.744,131,236,12,199,5,148,83,64,0,1,0,0,0,232,158,2,0,0,131,196,12,233,166,252,255,255,141,182,0,0,0,0,131,236,12,199,5,148,83,64,0,0,0,0,0,232,126,2,0,0,131,196,12,233,134,252,255,255,141,182,0,0,0,0,2.0,46.0,6.0,0.13,23.0,1,40.0,0
0,0,0,0,0,0,0,0,197788,4194304,4096,4,0,503808,6144,1024,168960,1024,2097152,4096,4096,7,2,0.778,1,7,0,1,7,0,0,0,0,0,0,0,1.013,1,1,64.0,0.0,0,5.744,0.444,4.273,2.661,6.651,5.744,131,236,12,199,5,148,83,64,0,1,0,0,0,232,158,2,0,0,131,196,12,233,166,252,255,255,141,182,0,0,0,0,131,236,12,199,5,148,83,64,0,0,0,0,0,232,126,2,0,0,131,196,12,233,134,252,255,255,141,182,0,0,0,0,2.0,46.0,6.0,0.13,23.0,1,40.0,0
0,0,0,0,0,0,0,0,197788,4194304,4096,4,0,712704,6144,1024,168960,1024,2097152,4096,4096,7,2,0.778,1,7,0,1,7,0,0,0,0,0,0,0,1.013,1,1,64.0,0.0,0,5.744,0.444,4.273,2.655,5.825,5.744,131,236,12,199,5,148,83,64,0,1,0,0,0,232,158,2,0,0,131,196,12,233,166,252,255,255,141,182,0,0,0,0,131,236,12,199,5,148,83,64,0,0,0,0,0,232,126,2,0,0,131,196,12,233,134,252,255,255,141,182,0,0,0,0,2.0,46.0,6.0,0.13,23.0,1,40.0,0
0,0,0,0,0,0,0,0,197788,4194304,4096,4,0,2392064,6144,1024,168960,1024,2097152,4096,4096,7,2,0.778,1,7,0,1,7,0,0,0,0,0,0,0,1.013,1,1,64.0,0.0,0,5.744,0.444,4.273,2.651,7.73,5.744,131,236,12,199,5,148,83,64,0,1,0,0,0,232,158,2,0,0,131,196,12,233,166,252,255,255,141,182,0,0,0,0,131,236,12,199,5,148,83,64,0,0,0,0,0,232,126,2,0,0,131,196,12,233,134,252,255,255,141,182,0,0,0,0,2.0,46.0,6.0,0.13,23.0,1,40.0,0
0,0,0,0,0,0,0,0,197788,4194304,4096,4,0,3072000,6144,1024,168960,1024,2097152,4096,4096,7,2,0.778,1,7,0,1,7,0,0,0,0,0,0,0,1.013,1,1,64.0,0.0,0,5.744,0.444,4.273,2.65,7.67,5.744,131,236,12,199,5,148,83,64,0,1,0,0,0,232,158,2,0,0,131,196,12,233,166,252,255,255,141,182,0,0,0,0,131,236,12,199,5,148,83,64,0,0,0,0,0,232,126,2,0,0,131,196,12,233,134,252,255,255,141,182,0,0,0,0,2.0,46.0,6.0,0.13,23.0,1,40.0,0
0,0,0,0,0,0,0,0,197788,4194304,4096,4,0,860160,6144,1024,168960,1024,2097152,4096,4096,7,2,0.778,1,7,0,1,7,0,0,0,0,0,0,0,1.013,1,1,64.0,0.0,0,5.744,0.444,4.273,2.649,7.255,5.744,131,236,12,199,5,148,83,64,0,1,0,0,0,232,158,2,0,0,131,196,12,233,166,252,255,255,141,182,0,0,0,0,131,236,12,199,5,148,83,64,0,0,0,0,0,232,126,2,0,0,131,196,12,233,134,252,255,255,141,182,0,0,0,0,2.0,46.0,6.0,0.13,23.0,1,40.0,0
0,0,0,0,0,0,0,0,197788,4194304,4096,4,0,249856,6144,1024,168960,1024,2097152,4096,4096,7,2,0.778,1,7,0,1,7,0,0,0,0,0,0,0,1.013,1,1,64.0,0.0,0,5.744,0.444,4.273,2.655,4.784,5.744,131,236,12,199,5,148,83,64,0,1,0,0,0,232,158,2,0,0,131,196,12,233,166,252,255,255,141,182,0,0,0,0,131,236,12,199,5,148,83,64,0,0,0,0,0,232,126,2,0,0,131,196,12,233,134,252,255,255,141,182,0,0,0,0,2.0,46.0,6.0,0.13,23.0,1,40.0,0
0,0,0,0,0,0,0,0,197788,4194304,4096,4,0,258048,6144,1024,168960,1024,2097152,4096,4096,7,2,0.778,1,7,0,1,7,0,0,0,0,0,0,0,1.013,1,1,64.0,0.0,0,5.744,0.444,4.273,2.652,4.963,5.744,131,236,12,199,5,148,83,64,0,1,0,0,0,232,158,2,0,0,131,196,12,233,166,252,255,255,141,182,0,0,0,0,131,236,12,199,5,148,83,64,0,0,0,0,0,232,126,2,0,0,131,196,12,233,134,252,255,255,141,182,0,0,0,0,2.0,46.0,6.0,0.13,23.0,1,40.0,0
0,0,0,0,0,0,0,0,197788,4194304,4096,4,0,897024,6144,1024,168960,1024,2097152,4096,4096,7,2,0.778,1,7,0,1,7,0,0,0,0,0,0,0,1.013,1,1,64.0,0.0,0,5.744,0.444,4.273,2.656,7.293,5.744,131,236,12,199,5,148,83,64,0,1,0,0,0,232,158,2,0,0,131,196,12,233,166,252,255,255,141,182,0,0,0,0,131,236,12,199,5,148,83,64,0,0,0,0,0,232,126,2,0,0,131,196,12,233,134,252,255,255,141,182,0,0,0,0,2.0,46.0,6.0,0.13,23.0,1,40.0,0
0,0,0,0,0,0,0,0,197788,4194304,4096,4,0,225280,6144,1024,168960,1024,2097152,4096,4096,7,2,0.778,1,7,0,1,7,0,0,0,0,0,0,0,1.013,1,1,64.0,0.0,0,5.744,0.444,4.273,2.65,4.547,5.744,131,236,12,199,5,148,83,64,0,1,0,0,0,232,158,2,0,0,131,196,12,233,166,252,255,255,141,182,0,0,0,0,131,236,12,199,5,148,83,64,0,0,0,0,0,232,126,2,0,0,131,196,12,233,134,252,255,255,141,182,0,0,0,0,2.0,46.0,6.0,0.13,23.0,1,40.0,0
0,0,0,0,0,0,0,0,197788,4194304,4096,4,0,417792,6144,1024,168960,1024,2097152,4096,4096,7,2,0.778,1,7,0,1,7,0,0,0,0,0,0,0,1.013,1,1,64.0,0.0,0,5.744,0.444,4.273,2.65,6.33,5.744,131,236,12,199,5,148,83,64,0,1,0,0,0,232,158,2,0,0,131,196,12,233,166,252,255,255,141,182,0,0,0,0,131,236,12,199,5,148,83,64,0,0,0,0,0,232,126,2,0,0,131,196,12,233,134,252,255,255,141,182,0,0,0,0,2.0,46.0,6.0,0.13,23.0,1,40.0,0
0,0,0,0,0,0,0,0,197788,4194304,4096,4,0,241664,6144,1024,168960,1024,2097152,4096,4096,7,2,0.778,1,7,0,1,7,0,0,0,0,0,0,0,1.013,1,1,64.0,0.0,0,5.744,0.444,4.273,2.654,4.858,5.744,131,236,12,199,5,148,83,64,0,1,0,0,0,232,158,2,0,0,131,196,12,233,166,252,255,255,141,182,0,0,0,0,131,236,12,199,5,148,83,64,0,0,0,0,0,232,126,2,0,0,131,196,12,233,134,252,255,255,141,182,0,0,0,0,2.0,46.0,6.0,0.13,23.0,1,40.0,0
0,0,0,0,0,0,0,0,197788,4194304,4096,4,0,241664,6144,1024,168960,1024,2097152,4096,4096,7,2,0.778,1,7,0,1,7,0,0,0,0,0,0,0,1.013,1,1,64.0,0.0,0,5.744,0.444,4.273,2.655,4.846,5.744,131,236,12,199,5,148,83,64,0,1,0,0,0,232,158,2,0,0,131,196,12,233,166,252,255,255,141,182,0,0,0,0,131,236,12,199,5,148,83,64,0,0,0,0,0,232,126,2,0,0,131,196,12,233,134,252,255,255,141,182,0,0,0,0,2.0,46.0,6.0,0.13,23.0,1,40.0,0
0,0,0,0,0,0,0,0,197788,4194304,4096,4,0,1777664,6144,1024,168960,1024,2097152,4096,4096,7,2,0.778,1,7,0,1,7,0,0,0,0,0,0,0,1.013,1,1,64.0,0.0,0,5.744,0.444,4.273,2.653,7.644,5.744,131,236,12,199,5,148,83,64,0,1,0,0,0,232,158,2,0,0,131,196,12,233,166,252,255,255,141,182,0,0,0,0,131,236,12,199,5,148,83,64,0,0,0,0,0,232,126,2,0,0,131,196,12,233,134,252,255,255,141,182,0,0,0,0,2.0,46.0,6.0,0.13,23.0,1,40.0,0
0,0,0,0,0,0,0,0,197788,4194304,4096,4,0,348160,6144,1024,168960,1024,2097152,4096,4096,7,2,0.778,1,7,0,1,7,0,0,0,0,0,0,0,1.013,1,1,64.0,0.0,0,5.744,0.444,4.273,2.651,5.914,5.744,131,236,12,199,5,148,83,64,0,1,0,0,0,232,158,2,0,0,131,196,12,233,166,252,255,255,141,182,0,0,0,0,131,236,12,199,5,148,83,64,0,0,0,0,0,232,126,2,0,0,131,196,12,233,134,252,255,255,141,182,0,0,0,0,2.0,46.0,6.0,0.13,23.0,1,40.0,0
0,0,0,0,0,0,0,0,197788,4194304,4096,4,0,323584,6144,1024,168960,1024,2097152,4096,4096,7,2,0.778,1,7,0,1,7,0,0,0,0,0,0,0,1.013,1,1,64.0,0.0,0,5.744,0.444,4.273,2.65,5.811,5.744,131,236,12,199,5,148,83,64,0,1,0,0,0,232,158,2,0,0,131,196,12,233,166,252,255,255,141,182,0,0,0,0,131,236,12,199,5,148,83,64,0,0,0,0,0,232,126,2,0,0,131,196,12,233,134,252,255,255,141,182,0,0,0,0,2.0,46.0,6.0,0.13,23.0,1,40.0,0
0,0,0,0,0,0,0,0,197788,4194304,4096,4,0,323584,6144,1024,168960,1024,2097152,4096,4096,7,2,0.778,1,7,0,1,7,0,0,0,0,0,0,0,1.013,1,1,64.0,0.0,0,5.744,0.444,4.273,2.651,5.506,5.744,131,236,12,199,5,148,83,64,0,1,0,0,0,232,158,2,0,0,131,196,12,233,166,252,255,255,141,182,0,0,0,0,131,236,12,199,5,148,83,64,0,0,0,0,0,232,126,2,0,0,131,196,12,233,134,252,255,255,141,182,0,0,0,0,2.0,46.0,6.0,0.13,23.0,1,40.0,0
0,0,0,0,0,0,0,0,197788,4194304,4096,4,0,458752,6144,1024,168960,1024,2097152,4096,4096,7,2,0.778,1,7,0,1,7,0,0,0,0,0,0,0,1.013,1,1,64.0,0.0,0,5.744,0.444,4.273,2.645,6.485,5.744,131,236,12,199,5,148,83,64,0,1,0,0,0,232,158,2,0,0,131,196,12,233,166,252,255,255,141,182,0,0,0,0,131,236,12,199,5,148,83,64,0,0,0,0,0,232,126,2,0,0,131,196,12,233,134,252,255,255,141,182,0,0,0,0,2.0,46.0,6.0,0.13,23.0,1,40.0,0
0,0,0,0,0,0,0,0,197788,4194304,4096,4,0,450560,6144,1024,168960,1024,2097152,4096,4096,7,2,0.778,1,7,0,1,7,0,0,0,0,0,0,0,1.013,1,1,64.0,0.0,0,5.744,0.444,4.273,2.653,6.456,5.744,131,236,12,199,5,148,83,64,0,1,0,0,0,232,158,2,0,0,131,196,12,233,166,252,255,255,141,182,0,0,0,0,131,236,12,199,5,148,83,64,0,0,0,0,0,232,126,2,0,0,131,196,12,233,134,252,255,255,141,182,0,0,0,0,2.0,46.0,6.0,0.13,23.0,1,40.0,0
0,0,0,0,0,0,0,0,197788,4194304,4096,4,0,397312,6144,1024,168960,1024,2097152,4096,4096,7,2,0.778,1,7,0,1,7,0,0,0,0,0,0,0,1.013,1,1,64.0,0.0,0,5.744,0.444,4.273,2.649,6.206,5.744,131,236,12,199,5,148,83,64,0,1,0,0,0,232,158,2,0,0,131,196,12,233,166,252,255,255,141,182,0,0,0,0,131,236,12,199,5,148,83,64,0,0,0,0,0,232,126,2,0,0,131,196,12,233,134,252,255,255,141,182,0,0,0,0,2.0,46.0,6.0,0.13,23.0,1,40.0,0
0,0,0,0,0,0,0,0,197788,4194304,4096,4,0,577536,6144,1024,168960,1024,2097152,4096,4096,7,2,0.778,1,7,0,1,7,0,0,0,0,0,0,0,1.013,1,1,64.0,0.0,0,5.744,0.444,4.273,2.661,6.641,5.744,131,236,12,199,5,148,83,64,0,1,0,0,0,232,158,2,0,0,131,196,12,233,166,252,255,255,141,182,0,0,0,0,131,236,12,199,5,148,83,64,0,0,0,0,0,232,126,2,0,0,131,196,12,233,134,252,255,255,141,182,0,0,0,0,2.0,46.0,6.0,0.13,23.0,1,40.0,0
0,0,0,0,0,0,0,0,197788,4194304,4096,4,0,266240,6144,1024,168960,1024,2097152,4096,4096,7,2,0.778,1,7,0,1,7,0,0,0,0,0,0,0,1.013,1,1,64.0,0.0,0,5.744,0.444,4.273,2.647,5.178,5.744,131,236,12,199,5,148,83,64,0,1,0,0,0,232,158,2,0,0,131,196,12,233,166,252,255,255,141,182,0,0,0,0,131,236,12,199,5,148,83,64,0,0,0,0,0,232,126,2,0,0,131,196,12,233,134,252,255,255,141,182,0,0,0,0,2.0,46.0,6.0,0.13,23.0,1,40.0,0
0,0,0,0,0,0,0,0,197788,4194304,4096,4,0,286720,6144,1024,168960,1024,2097152,4096,4096,7,2,0.778,1,7,0,1,7,0,0,0,0,0,0,0,1.013,1,1,64.0,0.0,0,5.744,0.444,4.273,2.648,5.043,5.744,131,236,12,199,5,148,83,64,0,1,0,0,0,232,158,2,0,0,131,196,12,233,166,252,255,255,141,182,0,0,0,0,131,236,12,199,5,148,83,64,0,0,0,0,0,232,126,2,0,0,131,196,12,233,134,252,255,255,141,182,0,0,0,0,2.0,46.0,6.0,0.13,23.0,1,40.0,0
0,0,0,0,0,0,0,0,197788,4194304,4096,4,0,311296,6144,1024,168960,1024,2097152,4096,4096,7,2,0.778,1,7,0,1,7,0,0,0,0,0,0,0,1.013,1,1,64.0,0.0,0,5.744,0.444,4.273,2.649,5.009,5.744,131,236,12,199,5,148,83,64,0,1,0,0,0,232,158,2,0,0,131,196,12,233,166,252,255,255,141,182,0,0,0,0,131,236,12,199,5,148,83,64,0,0,0,0,0,232,126,2,0,0,131,196,12,233,134,252,255,255,141,182,0,0,0,0,2.0,46.0,6.0,0.13,23.0,1,40.0,0
0,0,0,0,0,0,0,0,197788,4194304,4096,4,0,241664,6144,1024,168960,1024,2097152,4096,4096,7,2,0.778,1,7,0,1,7,0,0,0,0,0,0,0,1.013,1,1,64.0,0.0,0,5.744,0.444,4.273,2.654,4.785,5.744,131,236,12,199,5,148,83,64,0,1,0,0,0,232,158,2,0,0,131,196,12,233,166,252,255,255,141,182,0,0,0,0,131,236,12,199,5,148,83,64,0,0,0,0,0,232,126,2,0,0,131,196,12,233,134,252,255,255,141,182,0,0,0,0,2.0,46.0,6.0,0.13,23.0,1,40.0,0
0,0,0,0,0,0,0,0,197788,4194304,4096,4,0,237568,6144,1024,168960,1024,2097152,4096,4096,7,2,0.778,1,7,0,1,7,0,0,0,0,0,0,0,1.013,1,1,64.0,0.0,0,5.744,0.444,4.273,2.652,4.781,5.744,131,236,12,199,5,148,83,64,0,1,0,0,0,232,158,2,0,0,131,196,12,233,166,252,255,255,141,182,0,0,0,0,131,236,12,199,5,148,83,64,0,0,0,0,0,232,126,2,0,0,131,196,12,233,134,252,255,255,141,182,0,0,0,0,2.0,46.0,6.0,0.13,23.0,1,40.0,0
0,0,0,0,0,0,0,0,197788,4194304,4096,4,0,245760,6144,1024,168960,1024,2097152,4096,4096,7,2,0.778,1,7,0,1,7,0,0,0,0,0,0,0,1.013,1,1,64.0,0.0,0,5.744,0.444,4.273,2.65,4.795,5.744,131,236,12,199,5,148,83,64,0,1,0,0,0,232,158,2,0,0,131,196,12,233,166,252,255,255,141,182,0,0,0,0,131,236,12,199,5,148,83,64,0,0,0,0,0,232,126,2,0,0,131,196,12,233,134,252,255,255,141,182,0,0,0,0,2.0,46.0,6.0,0.13,23.0,1,40.0,0
0,0,0,0,0,0,0,0,197788,4194304,4096,4,0,237568,6144,1024,168960,1024,2097152,4096,4096,7,2,0.778,1,7,0,1,7,0,0,0,0,0,0,0,1.013,1,1,64.0,0.0,0,5.744,0.444,4.273,2.652,4.778,5.744,131,236,12,199,5,148,83,64,0,1,0,0,0,232,158,2,0,0,131,196,12,233,166,252,255,255,141,182,0,0,0,0,131,236,12,199,5,148,83,64,0,0,0,0,0,232,126,2,0,0,131,196,12,233,134,252,255,255,141,182,0,0,0,0,2.0,46.0,6.0,0.13,23.0,1,40.0,0
0,0,0,0,0,0,0,0,197788,4194304,4096,4,0,372736,6144,1024,168960,1024,2097152,4096,4096,7,2,0.778,1,7,0,1,7,0,0,0,0,0,0,0,1.013,1,1,64.0,0.0,0,5.744,0.444,4.273,2.656,5.773,5.744,131,236,12,199,5,148,83,64,0,1,0,0,0,232,158,2,0,0,131,196,12,233,166,252,255,255,141,182,0,0,0,0,131,236,12,199,5,148,83,64,0,0,0,0,0,232,126,2,0,0,131,196,12,233,134,252,255,255,141,182,0,0,0,0,2.0,46.0,6.0,0.13,23.0,1,40.0,0
0,0,0,0,0,0,0,0,197788,4194304,4096,4,0,299008,6144,1024,168960,1024,2097152,4096,4096,7,2,0.778,1,7,0,1,7,0,0,0,0,0,0,0,1.013,1,1,64.0,0.0,0,5.744,0.444,4.273,2.65,4.702,5.744,131,236,12,199,5,148,83,64,0,1,0,0,0,232,158,2,0,0,131,196,12,233,166,252,255,255,141,182,0,0,0,0,131,236,12,199,5,148,83,64,0,0,0,0,0,232,126,2,0,0,131,196,12,233,134,252,255,255,141,182,0,0,0,0,2.0,46.0,6.0,0.13,23.0,1,40.0,0
0,0,0,0,0,0,0,0,197788,4194304,4096,4,0,270336,6144,1024,168960,1024,2097152,4096,4096,7,2,0.778,1,7,0,1,7,0,0,0,0,0,0,0,1.013,1,1,64.0,0.0,0,5.744,0.444,4.273,2.647,4.398,5.744,131,236,12,199,5,148,83,64,0,1,0,0,0,232,158,2,0,0,131,196,12,233,166,252,255,255,141,182,0,0,0,0,131,236,12,199,5,148,83,64,0,0,0,0,0,232,126,2,0,0,131,196,12,233,134,252,255,255,141,182,0,0,0,0,2.0,46.0,6.0,0.13,23.0,1,40.0,0
0,0,0,0,0,0,0,0,197788,4194304,4096,4,0,319488,6144,1024,168960,1024,2097152,4096,4096,7,2,0.778,1,7,0,1,7,0,0,0,0,0,0,0,1.013,1,1,64.0,0.0,0,5.744,0.444,4.273,2.651,5.711,5.744,131,236,12,199,5,148,83,64,0,1,0,0,0,232,158,2,0,0,131,196,12,233,166,252,255,255,141,182,0,0,0,0,131,236,12,199,5,148,83,64,0,0,0,0,0,232,126,2,0,0,131,196,12,233,134,252,255,255,141,182,0,0,0,0,2.0,46.0,6.0,0.13,23.0,1,40.0,0
0,0,0,0,0,0,0,0,197788,4194304,4096,4,0,282624,6144,1024,168960,1024,2097152,4096,4096,7,2,0.778,1,7,0,1,7,0,0,0,0,0,0,0,1.013,1,1,64.0,0.0,0,5.744,0.444,4.273,2.649,5.398,5.744,131,236,12,199,5,148,83,64,0,1,0,0,0,232,158,2,0,0,131,196,12,233,166,252,255,255,141,182,0,0,0,0,131,236,12,199,5,148,83,64,0,0,0,0,0,232,126,2,0,0,131,196,12,233,134,252,255,255,141,182,0,0,0,0,2.0,46.0,6.0,0.13,23.0,1,40.0,0
0,0,0,0,0,0,0,0,197788,4194304,4096,4,0,364544,6144,1024,168960,1024,2097152,4096,4096,7,2,0.778,1,7,0,1,7,0,0,0,0,0,0,0,1.013,1,1,64.0,0.0,0,5.744,0.444,4.273,2.651,5.733,5.744,131,236,12,199,5,148,83,64,0,1,0,0,0,232,158,2,0,0,131,196,12,233,166,252,255,255,141,182,0,0,0,0,131,236,12,199,5,148,83,64,0,0,0,0,0,232,126,2,0,0,131,196,12,233,134,252,255,255,141,182,0,0,0,0,2.0,46.0,6.0,0.13,23.0,1,40.0,0
0,0,0,0,0,0,0,0,197788,4194304,4096,4,0,282624,6144,1024,168960,1024,2097152,4096,4096,7,2,0.778,1,7,0,1,7,0,0,0,0,0,0,0,1.013,1,1,64.0,0.0,0,5.744,0.444,4.273,2.649,5.294,5.744,131,236,12,199,5,148,83,64,0,1,0,0,0,232,158,2,0,0,131,196,12,233,166,252,255,255,141,182,0,0,0,0,131,236,12,199,5,148,83,64,0,0,0,0,0,232,126,2,0,0,131,196,12,233,134,252,255,255,141,182,0,0,0,0,2.0,46.0,6.0,0.13,23.0,1,40.0,0
0,0,0,0,0,0,0,0,197788,4194304,4096,4,0,344064,6144,1024,168960,1024,2097152,4096,4096,7,2,0.778,1,7,0,1,7,0,0,0,0,0,0,0,1.013,1,1,64.0,0.0,0,5.744,0.444,4.273,2.649,5.894,5.744,131,236,12,199,5,148,83,64,0,1,0,0,0,232,158,2,0,0,131,196,12,233,166,252,255,255,141,182,0,0,0,0,131,236,12,199,5,148,83,64,0,0,0,0,0,232,126,2,0,0,131,196,12,233,134,252,255,255,141,182,0,0,0,0,2.0,46.0,6.0,0.13,23.0,1,40.0,0
0,0,0,0,0,0,0,0,197788,4194304,4096,4,0,1613824,6144,1024,168960,1024,2097152,4096,4096,7,2,0.778,1,7,0,1,7,0,0,0,0,0,0,0,1.013,1,1,64.0,0.0,0,5.744,0.444,4.273,2.652,7.631,5.744,131,236,12,199,5,148,83,64,0,1,0,0,0,232,158,2,0,0,131,196,12,233,166,252,255,255,141,182,0,0,0,0,131,236,12,199,5,148,83,64,0,0,0,0,0,232,126,2,0,0,131,196,12,233,134,252,255,255,141,182,0,0,0,0,2.0,46.0,6.0,0.13,23.0,1,40.0,0
0,0,0,0,0,0,0,0,197788,4194304,4096,4,0,249856,6144,1024,168960,1024,2097152,4096,4096,7,2,0.778,1,7,0,1,7,0,0,0,0,0,0,0,1.013,1,1,64.0,0.0,0,5.744,0.444,4.273,2.654,4.911,5.744,131,236,12,199,5,148,83,64,0,1,0,0,0,232,158,2,0,0,131,196,12,233,166,252,255,255,141,182,0,0,0,0,131,236,12,199,5,148,83,64,0,0,0,0,0,232,126,2,0,0,131,196,12,233,134,252,255,255,141,182,0,0,0,0,2.0,46.0,6.0,0.13,23.0,1,40.0,0
0,0,0,0,0,0,0,0,197788,4194304,4096,4,0,274432,6144,1024,168960,1024,2097152,4096,4096,7,2,0.778,1,7,0,1,7,0,0,0,0,0,0,0,1.013,1,1,64.0,0.0,0,5.744,0.444,4.273,2.646,5.14,5.744,131,236,12,199,5,148,83,64,0,1,0,0,0,232,158,2,0,0,131,196,12,233,166,252,255,255,141,182,0,0,0,0,131,236,12,199,5,148,83,64,0,0,0,0,0,232,126,2,0,0,131,196,12,233,134,252,255,255,141,182,0,0,0,0,2.0,46.0,6.0,0.13,23.0,1,40.0,0
0,0,0,0,0,0,0,0,197788,4194304,4096,4,0,237568,6144,1024,168960,1024,2097152,4096,4096,7,2,0.778,1,7,0,1,7,0,0,0,0,0,0,0,1.013,1,1,64.0,0.0,0,5.744,0.444,4.273,2.652,4.743,5.744,131,236,12,199,5,148,83,64,0,1,0,0,0,232,158,2,0,0,131,196,12,233,166,252,255,255,141,182,0,0,0,0,131,236,12,199,5,148,83,64,0,0,0,0,0,232,126,2,0,0,131,196,12,233,134,252,255,255,141,182,0,0,0,0,2.0,46.0,6.0,0.13,23.0,1,40.0,0
0,0,0,0,0,0,0,0,197788,4194304,4096,4,0,233472,6144,1024,168960,1024,2097152,4096,4096,7,2,0.778,1,7,0,1,7,0,0,0,0,0,0,0,1.013,1,1,64.0,0.0,0,5.744,0.444,4.273,2.65,4.657,5.744,131,236,12,199,5,148,83,64,0,1,0,0,0,232,158,2,0,0,131,196,12,233,166,252,255,255,141,182,0,0,0,0,131,236,12,199,5,148,83,64,0,0,0,0,0,232,126,2,0,0,131,196,12,233,134,252,255,255,141,182,0,0,0,0,2.0,46.0,6.0,0.13,23.0,1,40.0,0
0,0,0,0,0,0,0,0,197788,4194304,4096,4,0,1130496,6144,1024,168960,1024,2097152,4096,4096,7,2,0.778,1,7,0,1,7,0,0,0,0,0,0,0,1.013,1,1,64.0,0.0,0,5.744,0.444,4.273,2.653,7.458,5.744,131,236,12,199,5,148,83,64,0,1,0,0,0,232,158,2,0,0,131,196,12,233,166,252,255,255,141,182,0,0,0,0,131,236,12,199,5,148,83,64,0,0,0,0,0,232,126,2,0,0,131,196,12,233,134,252,255,255,141,182,0,0,0,0,2.0,46.0,6.0,0.13,23.0,1,40.0,0
0,0,0,0,0,0,0,0,197788,4194304,4096,4,0,249856,6144,1024,168960,1024,2097152,4096,4096,7,2,0.778,1,7,0,1,7,0,0,0,0,0,0,0,1.013,1,1,64.0,0.0,0,5.744,0.444,4.273,2.654,4.771,5.744,131,236,12,199,5,148,83,64,0,1,0,0,0,232,158,2,0,0,131,196,12,233,166,252,255,255,141,182,0,0,0,0,131,236,12,199,5,148,83,64,0,0,0,0,0,232,126,2,0,0,131,196,12,233,134,252,255,255,141,182,0,0,0,0,2.0,46.0,6.0,0.13,23.0,1,40.0,0
0,0,0,0,0,0,0,0,197788,4194304,4096,4,0,258048,6144,1024,168960,1024,2097152,4096,4096,7,2,0.778,1,7,0,1,7,0,0,0,0,0,0,0,1.013,1,1,64.0,0.0,0,5.744,0.444,4.273,2.651,4.958,5.744,131,236,12,199,5,148,83,64,0,1,0,0,0,232,158,2,0,0,131,196,12,233,166,252,255,255,141,182,0,0,0,0,131,236,12,199,5,148,83,64,0,0,0,0,0,232,126,2,0,0,131,196,12,233,134,252,255,255,141,182,0,0,0,0,2.0,46.0,6.0,0.13,23.0,1,40.0,0
0,0,0,0,0,0,0,0,197788,4194304,4096,4,0,430080,6144,1024,168960,1024,2097152,4096,4096,7,2,0.778,1,7,0,1,7,0,0,0,0,0,0,0,1.013,1,1,64.0,0.0,0,5.744,0.444,4.273,2.652,6.384,5.744,131,236,12,199,5,148,83,64,0,1,0,0,0,232,158,2,0,0,131,196,12,233,166,252,255,255,141,182,0,0,0,0,131,236,12,199,5,148,83,64,0,0,0,0,0,232,126,2,0,0,131,196,12,233,134,252,255,255,141,182,0,0,0,0,2.0,46.0,6.0,0.13,23.0,1,40.0,0
0,0,0,0,0,0,0,0,197788,4194304,4096,4,0,405504,6144,1024,168960,1024,2097152,4096,4096,7,2,0.778,1,7,0,1,7,0,0,0,0,0,0,0,1.013,1,1,64.0,0.0,0,5.744,0.444,4.273,2.65,5.985,5.744,131,236,12,199,5,148,83,64,0,1,0,0,0,232,158,2,0,0,131,196,12,233,166,252,255,255,141,182,0,0,0,0,131,236,12,199,5,148,83,64,0,0,0,0,0,232,126,2,0,0,131,196,12,233,134,252,255,255,141,182,0,0,0,0,2.0,46.0,6.0,0.13,23.0,1,40.0,0
0,0,0,0,0,0,0,0,197788,4194304,4096,4,0,372736,6144,1024,168960,1024,2097152,4096,4096,7,2,0.778,1,7,0,1,7,0,0,0,0,0,0,0,1.013,1,1,64.0,0.0,0,5.744,0.444,4.273,2.655,5.764,5.744,131,236,12,199,5,148,83,64,0,1,0,0,0,232,158,2,0,0,131,196,12,233,166,252,255,255,141,182,0,0,0,0,131,236,12,199,5,148,83,64,0,0,0,0,0,232,126,2,0,0,131,196,12,233,134,252,255,255,141,182,0,0,0,0,2.0,46.0,6.0,0.13,23.0,1,40.0,0
0,0,0,0,0,0,0,0,197788,4194304,4096,4,0,843776,6144,1024,168960,1024,2097152,4096,4096,7,2,0.778,1,7,0,1,7,0,0,0,0,0,0,0,1.013,1,1,64.0,0.0,0,5.744,0.444,4.273,2.658,7.251,5.744,131,236,12,199,5,148,83,64,0,1,0,0,0,232,158,2,0,0,131,196,12,233,166,252,255,255,141,182,0,0,0,0,131,236,12,199,5,148,83,64,0,0,0,0,0,232,126,2,0,0,131,196,12,233,134,252,255,255,141,182,0,0,0,0,2.0,46.0,6.0,0.13,23.0,1,40.0,0
0,0,0,0,0,0,0,0,197788,4194304,4096,4,0,630784,6144,1024,168960,1024,2097152,4096,4096,7,2,0.778,1,7,0,1,7,0,0,0,0,0,0,0,1.013,1,1,64.0,0.0,0,5.744,0.444,4.273,2.653,6.958,5.744,131,236,12,199,5,148,83,64,0,1,0,0,0,232,158,2,0,0,131,196,12,233,166,252,255,255,141,182,0,0,0,0,131,236,12,199,5,148,83,64,0,0,0,0,0,232,126,2,0,0,131,196,12,233,134,252,255,255,141,182,0,0,0,0,2.0,46.0,6.0,0.13,23.0,1,40.0,0
0,0,0,0,0,0,0,0,197788,4194304,4096,4,0,237568,6144,1024,168960,1024,2097152,4096,4096,7,2,0.778,1,7,0,1,7,0,0,0,0,0,0,0,1.013,1,1,64.0,0.0,0,5.744,0.444,4.273,2.651,4.664,5.744,131,236,12,199,5,148,83,64,0,1,0,0,0,232,158,2,0,0,131,196,12,233,166,252,255,255,141,182,0,0,0,0,131,236,12,199,5,148,83,64,0,0,0,0,0,232,126,2,0,0,131,196,12,233,134,252,255,255,141,182,0,0,0,0,2.0,46.0,6.0,0.13,23.0,1,40.0,0
0,0,0,0,0,0,0,0,197788,4194304,4096,4,0,258048,6144,1024,168960,1024,2097152,4096,4096,7,2,0.778,1,7,0,1,7,0,0,0,0,0,0,0,1.013,1,1,64.0,0.0,0,5.744,0.444,4.273,2.652,4.885,5.744,131,236,12,199,5,148,83,64,0,1,0,0,0,232,158,2,0,0,131,196,12,233,166,252,255,255,141,182,0,0,0,0,131,236,12,199,5,148,83,64,0,0,0,0,0,232,126,2,0,0,131,196,12,233,134,252,255,255,141,182,0,0,0,0,2.0,46.0,6.0,0.13,23.0,1,40.0,0
0,0,0,0,0,0,0,0,197788,4194304,4096,4,0,270336,6144,1024,168960,1024,2097152,4096,4096,7,2,0.778,1,7,0,1,7,0,0,0,0,0,0,0,1.013,1,1,64.0,0.0,0,5.744,0.444,4.273,2.646,5.277,5.744,131,236,12,199,5,148,83,64,0,1,0,0,0,232,158,2,0,0,131,196,12,233,166,252,255,255,141,182,0,0,0,0,131,236,12,199,5,148,83,64,0,0,0,0,0,232,126,2,0,0,131,196,12,233,134,252,255,255,141,182,0,0,0,0,2.0,46.0,6.0,0.13,23.0,1,40.0,0
0,0,0,0,0,0,0,0,197788,4194304,4096,4,0,241664,6144,1024,168960,1024,2097152,4096,4096,7,2,0.778,1,7,0,1,7,0,0,0,0,0,0,0,1.013,1,1,64.0,0.0,0,5.744,0.444,4.273,2.655,4.675,5.744,131,236,12,199,5,148,83,64,0,1,0,0,0,232,158,2,0,0,131,196,12,233,166,252,255,255,141,182,0,0,0,0,131,236,12,199,5,148,83,64,0,0,0,0,0,232,126,2,0,0,131,196,12,233,134,252,255,255,141,182,0,0,0,0,2.0,46.0,6.0,0.13,23.0,1,40.0,0
0,0,0,0,0,0,0,0,197788,4194304,4096,4,0,233472,6144,1024,168960,1024,2097152,4096,4096,7,2,0.778,1,7,0,1,7,0,0,0,0,0,0,0,1.013,1,1,64.0,0.0,0,5.744,0.444,4.273,2.65,4.52,5.744,131,236,12,199,5,148,83,64,0,1,0,0,0,232,158,2,0,0,131,196,12,233,166,252,255,255,141,182,0,0,0,0,131,236,12,199,5,148,83,64,0,0,0,0,0,232,126,2,0,0,131,196,12,233,134,252,255,255,141,182,0,0,0,0,2.0,46.0,6.0,0.13,23.0,1,40.0,0
0,0,0,0,0,0,0,0,197788,4194304,4096,4,0,294912,6144,1024,168960,1024,2097152,4096,4096,7,2,0.778,1,7,0,1,7,0,0,0,0,0,0,0,1.013,1,1,64.0,0.0,0,5.744,0.444,4.273,2.649,5.511,5.744,131,236,12,199,5,148,83,64,0,1,0,0,0,232,158,2,0,0,131,196,12,233,166,252,255,255,141,182,0,0,0,0,131,236,12,199,5,148,83,64,0,0,0,0,0,232,126,2,0,0,131,196,12,233,134,252,255,255,141,182,0,0,0,0,2.0,46.0,6.0,0.13,23.0,1,40.0,0
0,0,0,0,0,0,0,0,197788,4194304,4096,4,0,282624,6144,1024,168960,1024,2097152,4096,4096,7,2,0.778,1,7,0,1,7,0,0,0,0,0,0,0,1.013,1,1,64.0,0.0,0,5.744,0.444,4.273,2.648,5.393,5.744,131,236,12,199,5,148,83,64,0,1,0,0,0,232,158,2,0,0,131,196,12,233,166,252,255,255,141,182,0,0,0,0,131,236,12,199,5,148,83,64,0,0,0,0,0,232,126,2,0,0,131,196,12,233,134,252,255,255,141,182,0,0,0,0,2.0,46.0,6.0,0.13,23.0,1,40.0,0
0,0,0,0,0,0,0,0,197788,4194304,4096,4,0,360448,6144,1024,168960,1024,2097152,4096,4096,7,2,0.778,1,7,0,1,7,0,0,0,0,0,0,0,1.013,1,1,64.0,0.0,0,5.744,0.444,4.273,2.651,5.883,5.744,131,236,12,199,5,148,83,64,0,1,0,0,0,232,158,2,0,0,131,196,12,233,166,252,255,255,141,182,0,0,0,0,131,236,12,199,5,148,83,64,0,0,0,0,0,232,126,2,0,0,131,196,12,233,134,252,255,255,141,182,0,0,0,0,2.0,46.0,6.0,0.13,23.0,1,40.0,0
0,0,0,0,0,0,0,0,197788,4194304,4096,4,0,7380992,6144,1024,168960,1024,2097152,4096,4096,7,2,0.778,1,7,0,1,7,0,0,0,0,0,0,0,1.013,1,1,64.0,0.0,0,5.744,0.444,4.273,2.653,7.899,5.744,131,236,12,199,5,148,83,64,0,1,0,0,0,232,158,2,0,0,131,196,12,233,166,252,255,255,141,182,0,0,0,0,131,236,12,199,5,148,83,64,0,0,0,0,0,232,126,2,0,0,131,196,12,233,134,252,255,255,141,182,0,0,0,0,2.0,46.0,6.0,0.13,23.0,1,40.0,0
0,0,0,0,0,0,0,0,197788,4194304,4096,4,0,884736,6144,1024,168960,1024,2097152,4096,4096,7,2,0.778,1,7,0,1,7,0,0,0,0,0,0,0,1.013,1,1,64.0,0.0,0,5.744,0.444,4.273,2.651,7.284,5.744,131,236,12,199,5,148,83,64,0,1,0,0,0,232,158,2,0,0,131,196,12,233,166,252,255,255,141,182,0,0,0,0,131,236,12,199,5,148,83,64,0,0,0,0,0,232,126,2,0,0,131,196,12,233,134,252,255,255,141,182,0,0,0,0,2.0,46.0,6.0,0.13,23.0,1,40.0,0
0,0,0,0,0,0,0,0,197788,4194304,4096,4,0,258048,6144,1024,168960,1024,2097152,4096,4096,7,2,0.778,1,7,0,1,7,0,0,0,0,0,0,0,1.013,1,1,64.0,0.0,0,5.744,0.444,4.273,2.651,4.886,5.744,131,236,12,199,5,148,83,64,0,1,0,0,0,232,158,2,0,0,131,196,12,233,166,252,255,255,141,182,0,0,0,0,131,236,12,199,5,148,83,64,0,0,0,0,0,232,126,2,0,0,131,196,12,233,134,252,255,255,141,182,0,0,0,0,2.0,46.0,6.0,0.13,23.0,1,40.0,0
0,0,0,0,0,0,0,0,197788,4194304,4096,4,0,733184,6144,1024,168960,1024,2097152,4096,4096,7,2,0.778,1,7,0,1,7,0,0,0,0,0,0,0,1.013,1,1,64.0,0.0,0,5.744,0.444,4.273,2.65,7.069,5.744,131,236,12,199,5,148,83,64,0,1,0,0,0,232,158,2,0,0,131,196,12,233,166,252,255,255,141,182,0,0,0,0,131,236,12,199,5,148,83,64,0,0,0,0,0,232,126,2,0,0,131,196,12,233,134,252,255,255,141,182,0,0,0,0,2.0,46.0,6.0,0.13,23.0,1,40.0,0
0,0,0,0,0,0,0,0,197788,4194304,4096,4,0,274432,6144,1024,168960,1024,2097152,4096,4096,7,2,0.778,1,7,0,1,7,0,0,0,0,0,0,0,1.013,1,1,64.0,0.0,0,5.744,0.444,4.273,2.646,4.695,5.744,131,236,12,199,5,148,83,64,0,1,0,0,0,232,158,2,0,0,131,196,12,233,166,252,255,255,141,182,0,0,0,0,131,236,12,199,5,148,83,64,0,0,0,0,0,232,126,2,0,0,131,196,12,233,134,252,255,255,141,182,0,0,0,0,2.0,46.0,6.0,0.13,23.0,1,40.0,0
0,0,0,0,0,0,0,0,197788,4194304,4096,4,0,1355776,6144,1024,168960,1024,2097152,4096,4096,7,2,0.778,1,7,0,1,7,0,0,0,0,0,0,0,1.013,1,1,64.0,0.0,0,5.744,0.444,4.273,2.657,7.552,5.744,131,236,12,199,5,148,83,64,0,1,0,0,0,232,158,2,0,0,131,196,12,233,166,252,255,255,141,182,0,0,0,0,131,236,12,199,5,148,83,64,0,0,0,0,0,232,126,2,0,0,131,196,12,233,134,252,255,255,141,182,0,0,0,0,2.0,46.0,6.0,0.13,23.0,1,40.0,0
0,0,0,0,0,0,0,0,197788,4194304,4096,4,0,274432,6144,1024,168960,1024,2097152,4096,4096,7,2,0.778,1,7,0,1,7,0,0,0,0,0,0,0,1.013,1,1,64.0,0.0,0,5.744,0.444,4.273,2.647,4.914,5.744,131,236,12,199,5,148,83,64,0,1,0,0,0,232,158,2,0,0,131,196,12,233,166,252,255,255,141,182,0,0,0,0,131,236,12,199,5,148,83,64,0,0,0,0,0,232,126,2,0,0,131,196,12,233,134,252,255,255,141,182,0,0,0,0,2.0,46.0,6.0,0.13,23.0,1,40.0,0
0,0,0,0,0,0,0,0,197788,4194304,4096,4,0,430080,6144,1024,168960,1024,2097152,4096,4096,7,2,0.778,1,7,0,1,7,0,0,0,0,0,0,0,1.013,1,1,64.0,0.0,0,5.744,0.444,4.273,2.651,6.44,5.744,131,236,12,199,5,148,83,64,0,1,0,0,0,232,158,2,0,0,131,196,12,233,166,252,255,255,141,182,0,0,0,0,131,236,12,199,5,148,83,64,0,0,0,0,0,232,126,2,0,0,131,196,12,233,134,252,255,255,141,182,0,0,0,0,2.0,46.0,6.0,0.13,23.0,1,40.0,0
0,0,0,0,0,0,0,0,197788,4194304,4096,4,0,229376,6144,1024,168960,1024,2097152,4096,4096,7,2,0.778,1,7,0,1,7,0,0,0,0,0,0,0,1.013,1,1,64.0,0.0,0,5.744,0.444,4.273,2.65,4.614,5.744,131,236,12,199,5,148,83,64,0,1,0,0,0,232,158,2,0,0,131,196,12,233,166,252,255,255,141,182,0,0,0,0,131,236,12,199,5,148,83,64,0,0,0,0,0,232,126,2,0,0,131,196,12,233,134,252,255,255,141,182,0,0,0,0,2.0,46.0,6.0,0.13,23.0,1,40.0,0
0,0,0,0,0,0,0,0,197788,4194304,4096,4,0,286720,6144,1024,168960,1024,2097152,4096,4096,7,2,0.778,1,7,0,1,7,0,0,0,0,0,0,0,1.013,1,1,64.0,0.0,0,5.744,0.444,4.273,2.648,5.328,5.744,131,236,12,199,5,148,83,64,0,1,0,0,0,232,158,2,0,0,131,196,12,233,166,252,255,255,141,182,0,0,0,0,131,236,12,199,5,148,83,64,0,0,0,0,0,232,126,2,0,0,131,196,12,233,134,252,255,255,141,182,0,0,0,0,2.0,46.0,6.0,0.13,23.0,1,40.0,0
0,0,0,0,0,0,0,0,197788,4194304,4096,4,0,233472,6144,1024,168960,1024,2097152,4096,4096,7,2,0.778,1,7,0,1,7,0,0,0,0,0,0,0,1.013,1,1,64.0,0.0,0,5.744,0.444,4.273,2.65,4.65,5.744,131,236,12,199,5,148,83,64,0,1,0,0,0,232,158,2,0,0,131,196,12,233,166,252,255,255,141,182,0,0,0,0,131,236,12,199,5,148,83,64,0,0,0,0,0,232,126,2,0,0,131,196,12,233,134,252,255,255,141,182,0,0,0,0,2.0,46.0,6.0,0.13,23.0,1,40.0,0
0,0,0,0,0,0,0,0,197788,4194304,4096,4,0,696320,6144,1024,168960,1024,2097152,4096,4096,7,2,0.778,1,7,0,1,7,0,0,0,0,0,0,0,1.013,1,1,64.0,0.0,0,5.744,0.444,4.273,2.654,7.063,5.744,131,236,12,199,5,148,83,64,0,1,0,0,0,232,158,2,0,0,131,196,12,233,166,252,255,255,141,182,0,0,0,0,131,236,12,199,5,148,83,64,0,0,0,0,0,232,126,2,0,0,131,196,12,233,134,252,255,255,141,182,0,0,0,0,2.0,46.0,6.0,0.13,23.0,1,40.0,0
0,0,0,0,0,0,0,0,197788,4194304,4096,4,0,241664,6144,1024,168960,1024,2097152,4096,4096,7,2,0.778,1,7,0,1,7,0,0,0,0,0,0,0,1.013,1,1,64.0,0.0,0,5.744,0.444,4.273,2.654,4.806,5.744,131,236,12,199,5,148,83,64,0,1,0,0,0,232,158,2,0,0,131,196,12,233,166,252,255,255,141,182,0,0,0,0,131,236,12,199,5,148,83,64,0,0,0,0,0,232,126,2,0,0,131,196,12,233,134,252,255,255,141,182,0,0,0,0,2.0,46.0,6.0,0.13,23.0,1,40.0,0
0,0,0,0,0,0,0,0,197788,4194304,4096,4,0,266240,6144,1024,168960,1024,2097152,4096,4096,7,2,0.778,1,7,0,1,7,0,0,0,0,0,0,0,1.013,1,1,64.0,0.0,0,5.744,0.444,4.273,2.647,5.199,5.744,131,236,12,199,5,148,83,64,0,1,0,0,0,232,158,2,0,0,131,196,12,233,166,252,255,255,141,182,0,0,0,0,131,236,12,199,5,148,83,64,0,0,0,0,0,232,126,2,0,0,131,196,12,233,134,252,255,255,141,182,0,0,0,0,2.0,46.0,6.0,0.13,23.0,1,40.0,0
0,0,0,0,0,0,0,0,197788,4194304,4096,4,0,282624,6144,1024,168960,1024,2097152,4096,4096,7,2,0.778,1,7,0,1,7,0,0,0,0,0,0,0,1.013,1,1,64.0,0.0,0,5.744,0.444,4.273,2.648,5.449,5.744,131,236,12,199,5,148,83,64,0,1,0,0,0,232,158,2,0,0,131,196,12,233,166,252,255,255,141,182,0,0,0,0,131,236,12,199,5,148,83,64,0,0,0,0,0,232,126,2,0,0,131,196,12,233,134,252,255,255,141,182,0,0,0,0,2.0,46.0,6.0,0.13,23.0,1,40.0,0
0,0,0,0,0,0,0,0,197788,4194304,4096,4,0,258048,6144,1024,168960,1024,2097152,4096,4096,7,2,0.778,1,7,0,1,7,0,0,0,0,0,0,0,1.013,1,1,64.0,0.0,0,5.744,0.444,4.273,2.652,5.096,5.744,131,236,12,199,5,148,83,64,0,1,0,0,0,232,158,2,0,0,131,196,12,233,166,252,255,255,141,182,0,0,0,0,131,236,12,199,5,148,83,64,0,0,0,0,0,232,126,2,0,0,131,196,12,233,134,252,255,255,141,182,0,0,0,0,2.0,46.0,6.0,0.13,23.0,1,40.0,0
0,0,0,0,0,0,0,0,197788,4194304,4096,4,0,1101824,6144,1024,168960,1024,2097152,4096,4096,7,2,0.778,1,7,0,1,7,0,0,0,0,0,0,0,1.013,1,1,64.0,0.0,0,5.744,0.444,4.273,2.654,7.289,5.744,131,236,12,199,5,148,83,64,0,1,0,0,0,232,158,2,0,0,131,196,12,233,166,252,255,255,141,182,0,0,0,0,131,236,12,199,5,148,83,64,0,0,0,0,0,232,126,2,0,0,131,196,12,233,134,252,255,255,141,182,0,0,0,0,2.0,46.0,6.0,0.13,23.0,1,40.0,0
0,0,0,0,0,0,0,0,197788,4194304,4096,4,0,327680,6144,1024,168960,1024,2097152,4096,4096,7,2,0.778,1,7,0,1,7,0,0,0,0,0,0,0,1.013,1,1,64.0,0.0,0,5.744,0.444,4.273,2.638,5.815,5.744,131,236,12,199,5,148,83,64,0,1,0,0,0,232,158,2,0,0,131,196,12,233,166,252,255,255,141,182,0,0,0,0,131,236,12,199,5,148,83,64,0,0,0,0,0,232,126,2,0,0,131,196,12,233,134,252,255,255,141,182,0,0,0,0,2.0,46.0,6.0,0.13,23.0,1,40.0,0
0,0,0,0,0,0,0,0,197788,4194304,4096,4,0,262144,6144,1024,168960,1024,2097152,4096,4096,7,2,0.778,1,7,0,1,7,0,0,0,0,0,0,0,1.013,1,1,64.0,0.0,0,5.744,0.444,4.273,2.637,5.118,5.744,131,236,12,199,5,148,83,64,0,1,0,0,0,232,158,2,0,0,131,196,12,233,166,252,255,255,141,182,0,0,0,0,131,236,12,199,5,148,83,64,0,0,0,0,0,232,126,2,0,0,131,196,12,233,134,252,255,255,141,182,0,0,0,0,2.0,46.0,6.0,0.13,23.0,1,40.0,0
0,0,0,0,0,0,0,0,197788,4194304,4096,4,0,2342912,6144,1024,168960,1024,2097152,4096,4096,7,2,0.778,1,7,0,1,7,0,0,0,0,0,0,0,1.013,1,1,64.0,0.0,0,5.744,0.444,4.273,2.655,7.732,5.744,131,236,12,199,5,148,83,64,0,1,0,0,0,232,158,2,0,0,131,196,12,233,166,252,255,255,141,182,0,0,0,0,131,236,12,199,5,148,83,64,0,0,0,0,0,232,126,2,0,0,131,196,12,233,134,252,255,255,141,182,0,0,0,0,2.0,46.0,6.0,0.13,23.0,1,40.0,0
0,0,0,0,0,0,0,0,197788,4194304,4096,4,0,512000,6144,1024,168960,1024,2097152,4096,4096,7,2,0.778,1,7,0,1,7,0,0,0,0,0,0,0,1.013,1,1,64.0,0.0,0,5.744,0.444,4.273,2.661,5.619,5.744,131,236,12,199,5,148,83,64,0,1,0,0,0,232,158,2,0,0,131,196,12,233,166,252,255,255,141,182,0,0,0,0,131,236,12,199,5,148,83,64,0,0,0,0,0,232,126,2,0,0,131,196,12,233,134,252,255,255,141,182,0,0,0,0,2.0,46.0,6.0,0.13,23.0,1,40.0,0
0,0,0,0,0,0,0,0,197788,4194304,4096,4,0,344064,6144,1024,168960,1024,2097152,4096,4096,7,2,0.778,1,7,0,1,7,0,0,0,0,0,0,0,1.013,1,1,64.0,0.0,0,5.744,0.444,4.273,2.649,5.891,5.744,131,236,12,199,5,148,83,64,0,1,0,0,0,232,158,2,0,0,131,196,12,233,166,252,255,255,141,182,0,0,0,0,131,236,12,199,5,148,83,64,0,0,0,0,0,232,126,2,0,0,131,196,12,233,134,252,255,255,141,182,0,0,0,0,2.0,46.0,6.0,0.13,23.0,1,40.0,0
0,0,0,0,0,0,0,0,197788,4194304,4096,4,0,229376,6144,1024,168960,1024,2097152,4096,4096,7,2,0.778,1,7,0,1,7,0,0,0,0,0,0,0,1.013,1,1,64.0,0.0,0,5.744,0.444,4.273,2.65,4.593,5.744,131,236,12,199,5,148,83,64,0,1,0,0,0,232,158,2,0,0,131,196,12,233,166,252,255,255,141,182,0,0,0,0,131,236,12,199,5,148,83,64,0,0,0,0,0,232,126,2,0,0,131,196,12,233,134,252,255,255,141,182,0,0,0,0,2.0,46.0,6.0,0.13,23.0,1,40.0,0
0,0,0,0,0,0,0,0,197788,4194304,4096,4,0,241664,6144,1024,168960,1024,2097152,4096,4096,7,2,0.778,1,7,0,1,7,0,0,0,0,0,0,0,1.013,1,1,64.0,0.0,0,5.744,0.444,4.273,2.655,4.862,5.744,131,236,12,199,5,148,83,64,0,1,0,0,0,232,158,2,0,0,131,196,12,233,166,252,255,255,141,182,0,0,0,0,131,236,12,199,5,148,83,64,0,0,0,0,0,232,126,2,0,0,131,196,12,233,134,252,255,255,141,182,0,0,0,0,2.0,46.0,6.0,0.13,23.0,1,40.0,0
0,0,0,0,0,0,0,0,197788,4194304,4096,4,0,229376,6144,1024,168960,1024,2097152,4096,4096,7,2,0.778,1,7,0,1,7,0,0,0,0,0,0,0,1.013,1,1,64.0,0.0,0,5.744,0.444,4.273,2.65,4.643,5.744,131,236,12,199,5,148,83,64,0,1,0,0,0,232,158,2,0,0,131,196,12,233,166,252,255,255,141,182,0,0,0,0,131,236,12,199,5,148,83,64,0,0,0,0,0,232,126,2,0,0,131,196,12,233,134,252,255,255,141,182,0,0,0,0,2.0,46.0,6.0,0.13,23.0,1,40.0,0
0,0,0,0,0,0,0,0,197788,4194304,4096,4,0,229376,6144,1024,168960,1024,2097152,4096,4096,7,2,0.778,1,7,0,1,7,0,0,0,0,0,0,0,1.013,1,1,64.0,0.0,0,5.744,0.444,4.273,2.65,4.577,5.744,131,236,12,199,5,148,83,64,0,1,0,0,0,232,158,2,0,0,131,196,12,233,166,252,255,255,141,182,0,0,0,0,131,236,12,199,5,148,83,64,0,0,0,0,0,232,126,2,0,0,131,196,12,233,134,252,255,255,141,182,0,0,0,0,2.0,46.0,6.0,0.13,23.0,1,40.0,0
0,0,0,0,0,0,0,0,197788,4194304,4096,4,0,237568,6144,1024,168960,1024,2097152,4096,4096,7,2,0.778,1,7,0,1,7,0,0,0,0,0,0,0,1.013,1,1,64.0,0.0,0,5.744,0.444,4.273,2.652,4.714,5.744,131,236,12,199,5,148,83,64,0,1,0,0,0,232,158,2,0,0,131,196,12,233,166,252,255,255,141,182,0,0,0,0,131,236,12,199,5,148,83,64,0,0,0,0,0,232,126,2,0,0,131,196,12,233,134,252,255,255,141,182,0,0,0,0,2.0,46.0,6.0,0.13,23.0,1,40.0,0
0,0,0,0,0,0,0,0,197788,4194304,4096,4,0,241664,6144,1024,168960,1024,2097152,4096,4096,7,2,0.778,1,7,0,1,7,0,0,0,0,0,0,0,1.013,1,1,64.0,0.0,0,5.744,0.444,4.273,2.655,4.758,5.744,131,236,12,199,5,148,83,64,0,1,0,0,0,232,158,2,0,0,131,196,12,233,166,252,255,255,141,182,0,0,0,0,131,236,12,199,5,148,83,64,0,0,0,0,0,232,126,2,0,0,131,196,12,233,134,252,255,255,141,182,0,0,0,0,2.0,46.0,6.0,0.13,23.0,1,40.0,0
0,0,0,0,0,0,0,0,197788,4194304,4096,4,0,237568,6144,1024,168960,1024,2097152,4096,4096,7,2,0.778,1,7,0,1,7,0,0,0,0,0,0,0,1.013,1,1,64.0,0.0,0,5.744,0.444,4.273,2.652,4.732,5.744,131,236,12,199,5,148,83,64,0,1,0,0,0,232,158,2,0,0,131,196,12,233,166,252,255,255,141,182,0,0,0,0,131,236,12,199,5,148,83,64,0,0,0,0,0,232,126,2,0,0,131,196,12,233,134,252,255,255,141,182,0,0,0,0,2.0,46.0,6.0,0.13,23.0,1,40.0,0
0,0,0,0,0,0,0,0,197788,4194304,4096,4,0,307200,6144,1024,168960,1024,2097152,4096,4096,7,2,0.778,1,7,0,1,7,0,0,0,0,0,0,0,1.013,1,1,64.0,0.0,0,5.744,0.444,4.273,2.653,5.52,5.744,131,236,12,199,5,148,83,64,0,1,0,0,0,232,158,2,0,0,131,196,12,233,166,252,255,255,141,182,0,0,0,0,131,236,12,199,5,148,83,64,0,0,0,0,0,232,126,2,0,0,131,196,12,233,134,252,255,255,141,182,0,0,0,0,2.0,46.0,6.0,0.13,23.0,1,40.0,0
0,0,0,0,0,0,0,0,197788,4194304,4096,4,0,241664,6144,1024,168960,1024,2097152,4096,4096,7,2,0.778,1,7,0,1,7,0,0,0,0,0,0,0,1.013,1,1,64.0,0.0,0,5.744,0.444,4.273,2.654,4.866,5.744,131,236,12,199,5,148,83,64,0,1,0,0,0,232,158,2,0,0,131,196,12,233,166,252,255,255,141,182,0,0,0,0,131,236,12,199,5,148,83,64,0,0,0,0,0,232,126,2,0,0,131,196,12,233,134,252,255,255,141,182,0,0,0,0,2.0,46.0,6.0,0.13,23.0,1,40.0,0
0,0,0,0,0,0,0,0,197788,4194304,4096,4,0,241664,6144,1024,168960,1024,2097152,4096,4096,7,2,0.778,1,7,0,1,7,0,0,0,0,0,0,0,1.013,1,1,64.0,0.0,0,5.744,0.444,4.273,2.654,4.868,5.744,131,236,12,199,5,148,83,64,0,1,0,0,0,232,158,2,0,0,131,196,12,233,166,252,255,255,141,182,0,0,0,0,131,236,12,199,5,148,83,64,0,0,0,0,0,232,126,2,0,0,131,196,12,233,134,252,255,255,141,182,0,0,0,0,2.0,46.0,6.0,0.13,23.0,1,40.0,0
0,0,0,0,0,0,0,0,197788,4194304,4096,4,0,987136,6144,1024,168960,1024,2097152,4096,4096,7,2,0.778,1,7,0,1,7,0,0,0,0,0,0,0,1.013,1,1,64.0,0.0,0,5.744,0.444,4.273,2.65,7.384,5.744,131,236,12,199,5,148,83,64,0,1,0,0,0,232,158,2,0,0,131,196,12,233,166,252,255,255,141,182,0,0,0,0,131,236,12,199,5,148,83,64,0,0,0,0,0,232,126,2,0,0,131,196,12,233,134,252,255,255,141,182,0,0,0,0,2.0,46.0,6.0,0.13,23.0,1,40.0,0
0,0,0,0,0,0,0,0,197788,4194304,4096,4,0,3264512,6144,1024,168960,1024,2097152,4096,4096,7,2,0.778,1,7,0,1,7,0,0,0,0,0,0,0,1.013,1,1,64.0,0.0,0,5.744,0.444,4.273,2.66,7.787,5.744,131,236,12,199,5,148,83,64,0,1,0,0,0,232,158,2,0,0,131,196,12,233,166,252,255,255,141,182,0,0,0,0,131,236,12,199,5,148,83,64,0,0,0,0,0,232,126,2,0,0,131,196,12,233,134,252,255,255,141,182,0,0,0,0,2.0,46.0,6.0,0.13,23.0,1,40.0,0
0,0,0,0,0,0,0,0,197788,4194304,4096,4,0,860160,6144,1024,168960,1024,2097152,4096,4096,7,2,0.778,1,7,0,1,7,0,0,0,0,0,0,0,1.013,1,1,64.0,0.0,0,5.744,0.444,4.273,2.649,7.245,5.744,131,236,12,199,5,148,83,64,0,1,0,0,0,232,158,2,0,0,131,196,12,233,166,252,255,255,141,182,0,0,0,0,131,236,12,199,5,148,83,64,0,0,0,0,0,232,126,2,0,0,131,196,12,233,134,252,255,255,141,182,0,0,0,0,2.0,46.0,6.0,0.13,23.0,1,40.0,0
0,0,0,0,0,0,0,0,197788,4194304,4096,4,0,942080,6144,1024,168960,1024,2097152,4096,4096,7,2,0.778,1,7,0,1,7,0,0,0,0,0,0,0,1.013,1,1,64.0,0.0,0,5.744,0.444,4.273,2.649,7.313,5.744,131,236,12,199,5,148,83,64,0,1,0,0,0,232,158,2,0,0,131,196,12,233,166,252,255,255,141,182,0,0,0,0,131,236,12,199,5,148,83,64,0,0,0,0,0,232,126,2,0,0,131,196,12,233,134,252,255,255,141,182,0,0,0,0,2.0,46.0,6.0,0.13,23.0,1,40.0,0
0,0,0,0,0,0,0,0,197788,4194304,4096,4,0,344064,6144,1024,168960,1024,2097152,4096,4096,7,2,0.778,1,7,0,1,7,0,0,0,0,0,0,0,1.013,1,1,64.0,0.0,0,5.744,0.444,4.273,2.648,5.882,5.744,131,236,12,199,5,148,83,64,0,1,0,0,0,232,158,2,0,0,131,196,12,233,166,252,255,255,141,182,0,0,0,0,131,236,12,199,5,148,83,64,0,0,0,0,0,232,126,2,0,0,131,196,12,233,134,252,255,255,141,182,0,0,0,0,2.0,46.0,6.0,0.13,23.0,1,40.0,0
0,0,0,0,0,0,0,0,197788,4194304,4096,4,0,241664,6144,1024,168960,1024,2097152,4096,4096,7,2,0.778,1,7,0,1,7,0,0,0,0,0,0,0,1.013,1,1,64.0,0.0,0,5.744,0.444,4.273,2.655,4.615,5.744,131,236,12,199,5,148,83,64,0,1,0,0,0,232,158,2,0,0,131,196,12,233,166,252,255,255,141,182,0,0,0,0,131,236,12,199,5,148,83,64,0,0,0,0,0,232,126,2,0,0,131,196,12,233,134,252,255,255,141,182,0,0,0,0,2.0,46.0,6.0,0.13,23.0,1,40.0,0
0,0,0,0,0,0,0,0,197788,4194304,4096,4,0,249856,6144,1024,168960,1024,2097152,4096,4096,7,2,0.778,1,7,0,1,7,0,0,0,0,0,0,0,1.013,1,1,64.0,0.0,0,5.744,0.444,4.273,2.655,4.782,5.744,131,236,12,199,5,148,83,64,0,1,0,0,0,232,158,2,0,0,131,196,12,233,166,252,255,255,141,182,0,0,0,0,131,236,12,199,5,148,83,64,0,0,0,0,0,232,126,2,0,0,131,196,12,233,134,252,255,255,141,182,0,0,0,0,2.0,46.0,6.0,0.13,23.0,1,40.0,0
0,0,0,0,0,0,0,0,197788,4194304,4096,4,0,4550656,6144,1024,168960,1024,2097152,4096,4096,7,2,0.778,1,7,0,1,7,0,0,0,0,0,0,0,1.013,1,1,64.0,0.0,0,5.744,0.444,4.273,2.653,5.442,5.744,131,236,12,199,5,148,83,64,0,1,0,0,0,232,158,2,0,0,131,196,12,233,166,252,255,255,141,182,0,0,0,0,131,236,12,199,5,148,83,64,0,0,0,0,0,232,126,2,0,0,131,196,12,233,134,252,255,255,141,182,0,0,0,0,2.0,46.0,6.0,0.13,23.0,1,40.0,0
0,0,0,0,0,0,0,0,197788,4194304,4096,4,0,249856,6144,1024,168960,1024,2097152,4096,4096,7,2,0.778,1,7,0,1,7,0,0,0,0,0,0,0,1.013,1,1,64.0,0.0,0,5.744,0.444,4.273,2.655,4.748,5.744,131,236,12,199,5,148,83,64,0,1,0,0,0,232,158,2,0,0,131,196,12,233,166,252,255,255,141,182,0,0,0,0,131,236,12,199,5,148,83,64,0,0,0,0,0,232,126,2,0,0,131,196,12,233,134,252,255,255,141,182,0,0,0,0,2.0,46.0,6.0,0.13,23.0,1,40.0,0
0,0,0,0,0,0,0,0,197788,4194304,4096,4,0,249856,6144,1024,168960,1024,2097152,4096,4096,7,2,0.778,1,7,0,1,7,0,0,0,0,0,0,0,1.013,1,1,64.0,0.0,0,5.744,0.444,4.273,2.655,4.752,5.744,131,236,12,199,5,148,83,64,0,1,0,0,0,232,158,2,0,0,131,196,12,233,166,252,255,255,141,182,0,0,0,0,131,236,12,199,5,148,83,64,0,0,0,0,0,232,126,2,0,0,131,196,12,233,134,252,255,255,141,182,0,0,0,0,2.0,46.0,6.0,0.13,23.0,1,40.0,0
0,0,0,0,0,0,0,0,197788,4194304,4096,4,0,249856,6144,1024,168960,1024,2097152,4096,4096,7,2,0.778,1,7,0,1,7,0,0,0,0,0,0,0,1.013,1,1,64.0,0.0,0,5.744,0.444,4.273,2.655,4.752,5.744,131,236,12,199,5,148,83,64,0,1,0,0,0,232,158,2,0,0,131,196,12,233,166,252,255,255,141,182,0,0,0,0,131,236,12,199,5,148,83,64,0,0,0,0,0,232,126,2,0,0,131,196,12,233,134,252,255,255,141,182,0,0,0,0,2.0,46.0,6.0,0.13,23.0,1,40.0,0
0,0,0,0,0,0,0,0,197788,4194304,4096,4,0,995328,6144,1024,168960,1024,2097152,4096,4096,7,2,0.778,1,7,0,1,7,0,0,0,0,0,0,0,1.013,1,1,64.0,0.0,0,5.744,0.444,4.273,2.651,7.349,5.744,131,236,12,199,5,148,83,64,0,1,0,0,0,232,158,2,0,0,131,196,12,233,166,252,255,255,141,182,0,0,0,0,131,236,12,199,5,148,83,64,0,0,0,0,0,232,126,2,0,0,131,196,12,233,134,252,255,255,141,182,0,0,0,0,2.0,46.0,6.0,0.13,23.0,1,40.0,0
0,0,0,0,0,0,0,0,78256,4194304,4096,4,0,68361,9216,1024,14336,1024,2097152,4096,4096,6,1,0.857,2,7,2,2,7,2,0,1,0,1,1,0,0.577,5,6,1.28,0.0,0,0.0,0.0,2.709,2.364,2.37,5.904,85,139,236,129,236,96,1,0,0,83,86,100,161,48,0,0,0,137,133,112,255,255,255,139,141,112,255,255,255,139,81,12,137,85,172,139,69,172,139,72,12,139,81,40,137,85,204,199,69,176,0,0,0,0,199,69,148,0,0,0,0,139,69,176,-1,-1,-1,-1,-1,1,8.0,0
0,0,0,0,0,0,0,1,131903,4194304,4096,5,0,230145,55296,1024,15360,0,1048576,4096,4096,4,1,0.8,2,4,2,2,4,2,0,1,0,1,1,0,0.517,3,4,1.488,0.0,0,0.0,0.0,5.198,3.806,3.057,6.596,85,139,236,129,236,96,1,0,0,83,86,100,161,48,0,0,0,137,133,112,255,255,255,139,141,112,255,255,255,139,81,12,137,85,172,139,69,172,139,72,12,139,81,40,137,85,204,199,69,176,0,0,0,0,199,69,148,0,0,0,0,139,69,176,-1,-1,-1,-1,-1,1,8.0,0
0,0,0,0,0,0,0,0,36632,4194304,4096,4,0,89857,14336,512,23040,0,1048576,4096,4096,4,1,0.8,1,4,1,1,3,1,0,0,0,1,1,1,0.0,4,4,1.002,0.0,0,0.0,0.0,6.349,1.89,3.8,0.0,0,0,0,0,0,0,0,0,0,0,0,0,0,0,0,0,0,0,0,0,0,0,0,0,0,0,0,0,0,0,0,0,0,0,0,0,0,0,0,0,0,0,0,0,0,0,0,0,0,0,0,0,0,0,0,0,0,0,0,0,0,0,0,0,-1,-1,-1,-1,-1,1,40.0,0
0,0,0,0,0,0,0,1,318572,4194304,4096,5,0,886529,237568,1024,55296,0,1048576,4096,4096,4,1,0.8,2,4,2,2,4,2,0,1,0,1,1,0,0.504,3,4,1.055,0.0,0,0.0,0.0,4.079,3.53,3.112,6.656,85,139,236,129,236,96,1,0,0,83,86,100,161,48,0,0,0,137,133,112,255,255,255,139,141,112,255,255,255,139,81,12,137,85,172,139,69,172,139,72,12,139,81,40,137,85,204,199,69,176,0,0,0,0,199,69,148,0,0,0,0,139,69,176,-1,-1,-1,-1,-1,1,112.0,0
0,0,0,0,0,0,0,0,0,4194304,4096,4,0,188161,40960,4096,23552,0,1048576,4096,4096,4,1,0.8,2,4,2,2,4,2,0,1,0,1,1,0,0.523,3,4,1.007,0.0,0,0.0,0.0,3.741,3.535,3.04,6.428,85,139,236,129,236,96,1,0,0,83,86,100,161,48,0,0,0,137,133,112,255,255,255,139,141,112,255,255,255,139,81,12,137,85,172,139,69,172,139,72,12,139,81,40,137,85,204,199,69,176,0,0,0,0,199,69,148,0,0,0,0,139,69,176,-1,-1,-1,-1,-1,1,168.0,0
0,0,1,0,0,0,0,1,172037,4194304,4096,5,1,378625,64512,1024,62464,0,1048576,4096,4096,4,1,0.8,2,4,2,2,4,2,0,1,0,1,1,0,0.51,3,4,1.116,0.0,0,0.0,0.0,3.811,3.774,2.869,6.133,85,139,236,129,236,96,1,0,0,83,86,100,161,48,0,0,0,137,133,112,255,255,255,139,141,112,255,255,255,139,81,12,137,85,172,139,69,172,139,72,12,139,81,40,137,85,204,199,69,176,0,0,0,0,199,69,148,0,0,0,0,139,69,176,-1,-1,-1,-1,-1,1,14.0,0
0,0,0,0,0,0,0,0,0,4194304,4096,4,0,209665,45056,4096,32768,0,1048576,4096,4096,4,1,0.8,2,4,2,2,4,2,0,1,0,1,1,0,0.519,3,4,1.282,0.0,0,0.0,0.0,3.194,3.526,2.972,5.83,85,139,236,129,236,96,1,0,0,83,86,100,161,48,0,0,0,137,133,112,255,255,255,139,141,112,255,255,255,139,81,12,137,85,172,139,69,172,139,72,12,139,81,40,137,85,204,199,69,176,0,0,0,0,199,69,148,0,0,0,0,139,69,176,-1,-1,-1,-1,-1,1,132.0,0
0,0,0,0,0,0,0,0,0,4194304,4096,4,0,264961,58880,4096,35328,0,1048576,4096,4096,4,1,0.8,2,4,2,2,4,2,0,1,0,1,1,0,0.516,3,4,1.002,0.0,0,0.0,0.0,3.962,3.513,3.109,6.436,85,139,236,129,236,96,1,0,0,83,86,100,161,48,0,0,0,137,133,112,255,255,255,139,141,112,255,255,255,139,81,12,137,85,172,139,69,172,139,72,12,139,81,40,137,85,204,199,69,176,0,0,0,0,199,69,148,0,0,0,0,139,69,176,-1,-1,-1,-1,-1,1,156.0,0
0,0,0,0,0,0,0,0,119154,4194304,4096,4,0,267009,49152,4096,45056,0,1048576,4096,4096,4,1,0.8,2,4,2,2,4,2,0,1,0,1,1,0,0.514,3,4,1.231,0.0,0,0.0,0.0,3.751,3.565,3.057,6.28,85,139,236,129,236,96,1,0,0,83,86,100,161,48,0,0,0,137,133,112,255,255,255,139,141,112,255,255,255,139,81,12,137,85,172,139,69,172,139,72,12,139,81,40,137,85,204,199,69,176,0,0,0,0,199,69,148,0,0,0,0,139,69,176,-1,-1,-1,-1,-1,1,44.0,0
0,0,0,0,0,0,0,0,305536,4194304,4096,4,0,725761,94208,4096,163840,0,1048576,4096,4096,4,1,0.8,2,4,2,2,4,2,0,1,0,1,1,0,0.505,3,4,1.014,0.0,0,0.0,0.0,3.08,3.896,3.083,6.484,85,139,236,129,236,96,1,0,0,83,86,100,161,48,0,0,0,137,133,112,255,255,255,139,141,112,255,255,255,139,81,12,137,85,172,139,69,172,139,72,12,139,81,40,137,85,204,199,69,176,0,0,0,0,199,69,148,0,0,0,0,139,69,176,-1,-1,-1,-1,-1,1,152.0,0
0,0,1,0,0,0,0,1,178618,4194304,4096,5,1,400129,69120,1024,65024,0,1048576,4096,4096,4,1,0.8,2,4,2,2,4,2,0,1,0,1,1,0,0.51,3,4,1.15,0.0,0,0.0,0.0,3.757,3.845,2.886,6.165,85,139,236,129,236,96,1,0,0,83,86,100,161,48,0,0,0,137,133,112,255,255,255,139,141,112,255,255,255,139,81,12,137,85,172,139,69,172,139,72,12,139,81,40,137,85,204,199,69,176,0,0,0,0,199,69,148,0,0,0,0,139,69,176,-1,-1,-1,-1,-1,1,14.0,0
0,0,1,0,0,0,0,1,138903,4194304,4096,5,1,326401,55296,1024,53760,0,1048576,4096,4096,4,1,0.8,2,4,2,2,4,2,0,1,0,1,1,0,0.512,3,4,1.15,0.0,0,0.0,0.0,3.763,3.726,2.967,6.471,85,139,236,129,236,96,1,0,0,83,86,100,161,48,0,0,0,137,133,112,255,255,255,139,141,112,255,255,255,139,81,12,137,85,172,139,69,172,139,72,12,139,81,40,137,85,204,199,69,176,0,0,0,0,199,69,148,0,0,0,0,139,69,176,-1,-1,-1,-1,-1,1,14.0,0
0,0,0,0,0,0,0,0,0,4194304,4096,4,0,214785,48128,4096,26112,0,1048576,4096,4096,4,1,0.8,2,4,2,2,4,2,0,1,0,1,1,0,0.52,3,4,1.017,0.0,0,0.0,0.0,3.756,3.369,3.09,6.474,85,139,236,129,236,96,1,0,0,83,86,100,161,48,0,0,0,137,133,112,255,255,255,139,141,112,255,255,255,139,81,12,137,85,172,139,69,172,139,72,12,139,81,40,137,85,204,199,69,176,0,0,0,0,199,69,148,0,0,0,0,139,69,176,-1,-1,-1,-1,-1,1,160.0,0
0,0,0,0,0,0,0,1,80981,486539264,4096,5,0,56065,2560,1024,23552,0,2000000,4096,4096,4,1,0.8,2,4,2,2,4,2,0,1,0,1,1,0,0.661,3,4,1.005,0.0,0,0.0,0.0,4.367,3.423,3.249,5.813,85,139,236,129,236,96,1,0,0,83,86,100,161,48,0,0,0,137,133,112,255,255,255,139,141,112,255,255,255,139,81,12,137,85,172,139,69,172,139,72,12,139,81,40,137,85,204,199,69,176,0,0,0,0,199,69,148,0,0,0,0,139,69,176,-1,-1,-1,-1,-1,1,44.0,0
0,0,0,0,0,0,0,0,251352,4194304,4096,4,0,426753,69632,4096,126976,0,1048576,4096,4096,4,1,0.8,2,4,2,2,4,2,0,1,0,1,1,0,0.511,3,4,1.012,0.0,0,0.0,0.0,5.881,3.401,3.769,6.129,85,139,236,129,236,96,1,0,0,83,86,100,161,48,0,0,0,137,133,112,255,255,255,139,141,112,255,255,255,139,81,12,137,85,172,139,69,172,139,72,12,139,81,40,137,85,204,199,69,176,0,0,0,0,199,69,148,0,0,0,0,139,69,176,-1,-1,-1,-1,-1,1,20.0,0
0,0,1,0,0,0,0,1,188711,4194304,4096,5,1,541441,99840,1024,81920,0,1048576,4096,4096,4,1,0.8,2,4,2,2,4,2,0,1,0,1,1,0,0.507,3,4,1.085,0.0,0,0.0,0.0,3.883,3.88,2.85,6.111,85,139,236,129,236,96,1,0,0,83,86,100,161,48,0,0,0,137,133,112,255,255,255,139,141,112,255,255,255,139,81,12,137,85,172,139,69,172,139,72,12,139,81,40,137,85,204,199,69,176,0,0,0,0,199,69,148,0,0,0,0,139,69,176,-1,-1,-1,-1,-1,1,14.0,0
0,0,1,0,0,0,0,1,151834,4194304,4096,5,1,426753,75776,1024,71168,0,1048576,4096,4096,4,1,0.8,2,4,2,2,4,2,0,1,0,1,1,0,0.509,3,4,1.11,0.0,0,0.0,0.0,3.844,3.822,2.883,6.207,85,139,236,129,236,96,1,0,0,83,86,100,161,48,0,0,0,137,133,112,255,255,255,139,141,112,255,255,255,139,81,12,137,85,172,139,69,172,139,72,12,139,81,40,137,85,204,199,69,176,0,0,0,0,199,69,148,0,0,0,0,139,69,176,-1,-1,-1,-1,-1,1,14.0,0
0,0,0,0,0,0,0,1,180666,4194304,4096,5,0,536321,134656,1024,36352,0,1048576,4096,4096,4,1,0.8,2,4,2,2,4,2,0,1,0,1,1,0,0.507,3,4,1.136,0.0,0,0.0,0.0,4.414,3.527,3.06,6.626,85,139,236,129,236,96,1,0,0,83,86,100,161,48,0,0,0,137,133,112,255,255,255,139,141,112,255,255,255,139,81,12,137,85,172,139,69,172,139,72,12,139,81,40,137,85,204,199,69,176,0,0,0,0,199,69,148,0,0,0,0,139,69,176,-1,-1,-1,-1,-1,1,14.0,0
0,0,1,0,0,0,0,1,167346,4194304,4096,5,1,430849,78336,1024,64512,0,1048576,4096,4096,4,1,0.8,2,4,2,2,4,2,0,1,0,1,1,0,0.509,3,4,1.123,0.0,0,0.0,0.0,3.82,3.851,2.901,6.222,85,139,236,129,236,96,1,0,0,83,86,100,161,48,0,0,0,137,133,112,255,255,255,139,141,112,255,255,255,139,81,12,137,85,172,139,69,172,139,72,12,139,81,40,137,85,204,199,69,176,0,0,0,0,199,69,148,0,0,0,0,139,69,176,-1,-1,-1,-1,-1,1,14.0,0
0,0,1,0,0,0,0,1,215373,4194304,4096,5,1,509697,97280,1024,73728,0,1048576,4096,4096,4,1,0.8,2,4,2,2,4,2,0,1,0,1,1,0,0.507,3,4,1.136,0.0,0,0.0,0.0,3.778,3.76,2.937,6.264,85,139,236,129,236,96,1,0,0,83,86,100,161,48,0,0,0,137,133,112,255,255,255,139,141,112,255,255,255,139,81,12,137,85,172,139,69,172,139,72,12,139,81,40,137,85,204,199,69,176,0,0,0,0,199,69,148,0,0,0,0,139,69,176,-1,-1,-1,-1,-1,1,14.0,0
0,0,1,0,0,0,0,1,290116,4194304,4096,5,1,579329,86528,1024,189952,0,1048576,4096,4096,4,1,0.8,2,4,2,2,4,2,0,1,0,1,1,0,0.508,3,4,1.003,0.0,0,0.0,0.0,6.207,3.914,3.887,6.286,85,139,236,129,236,96,1,0,0,83,86,100,161,48,0,0,0,137,133,112,255,255,255,139,141,112,255,255,255,139,81,12,137,85,172,139,69,172,139,72,12,139,81,40,137,85,204,199,69,176,0,0,0,0,199,69,148,0,0,0,0,139,69,176,-1,-1,-1,-1,-1,1,20.0,0
0,0,1,0,0,0,0,1,364782,4194304,4096,5,1,699137,102912,1024,231936,0,1048576,4096,4096,4,1,0.8,2,4,2,2,4,2,0,1,0,1,1,0,0.507,3,4,1.003,0.0,0,0.0,0.0,6.139,3.899,3.621,6.197,85,139,236,129,236,96,1,0,0,83,86,100,161,48,0,0,0,137,133,112,255,255,255,139,141,112,255,255,255,139,81,12,137,85,172,139,69,172,139,72,12,139,81,40,137,85,204,199,69,176,0,0,0,0,199,69,148,0,0,0,0,139,69,176,-1,-1,-1,-1,-1,1,20.0,0
0,0,1,0,0,0,0,1,210000,4194304,4096,5,1,418561,76800,1024,66048,0,1048576,4096,4096,4,1,0.8,2,4,2,2,4,2,0,1,0,1,1,0,0.509,3,4,1.136,0.0,0,0.0,0.0,3.763,3.804,2.924,6.212,85,139,236,129,236,96,1,0,0,83,86,100,161,48,0,0,0,137,133,112,255,255,255,139,141,112,255,255,255,139,81,12,137,85,172,139,69,172,139,72,12,139,81,40,137,85,204,199,69,176,0,0,0,0,199,69,148,0,0,0,0,139,69,176,-1,-1,-1,-1,-1,1,14.0,0
0,0,0,0,0,0,0,0,101938,4194304,4096,4,0,219905,50688,1024,27136,0,1048576,4096,4096,4,1,0.8,2,4,2,2,4,2,0,1,0,1,1,0,0.519,3,4,1.017,0.0,0,0.0,0.0,3.988,3.511,3.19,6.548,85,139,236,129,236,96,1,0,0,83,86,100,161,48,0,0,0,137,133,112,255,255,255,139,141,112,255,255,255,139,81,12,137,85,172,139,69,172,139,72,12,139,81,40,137,85,204,199,69,176,0,0,0,0,199,69,148,0,0,0,0,139,69,176,-1,-1,-1,-1,-1,1,152.0,0
0,0,0,0,0,0,0,1,485761,4194304,4096,5,0,1382145,199168,1024,244224,0,1048576,4096,4096,4,1,0.8,2,4,2,2,4,2,0,1,0,1,1,0,0.505,3,4,1.002,0.0,0,0.0,0.0,5.889,3.572,2.836,6.612,85,139,236,129,236,96,1,0,0,83,86,100,161,48,0,0,0,137,133,112,255,255,255,139,141,112,255,255,255,139,81,12,137,85,172,139,69,172,139,72,12,139,81,40,137,85,204,199,69,176,0,0,0,0,199,69,148,0,0,0,0,139,69,176,-1,-1,-1,-1,-1,1,182.0,0
0,0,1,0,0,0,0,1,220066,4194304,4096,5,1,611073,137216,1024,66560,0,1048576,4096,4096,4,1,0.8,2,4,2,2,4,2,0,1,0,1,1,0,0.506,3,4,1.123,0.0,0,0.0,0.0,3.797,3.803,2.98,6.392,85,139,236,129,236,96,1,0,0,83,86,100,161,48,0,0,0,137,133,112,255,255,255,139,141,112,255,255,255,139,81,12,137,85,172,139,69,172,139,72,12,139,81,40,137,85,204,199,69,176,0,0,0,0,199,69,148,0,0,0,0,139,69,176,-1,-1,-1,-1,-1,1,14.0,0
0,0,0,0,0,0,0,0,0,4194304,4096,4,0,4116237,1122304,1536,90112,0,1048576,8192,4096,7,1,0.875,2,7,2,2,7,2,0,1,0,1,1,0,0.501,5,8,0.986,0.0,0,0.0,0.0,6.044,1.54,3.21,6.517,85,139,236,129,236,96,1,0,0,83,86,100,161,48,0,0,0,137,133,112,255,255,255,139,141,112,255,255,255,139,81,12,137,85,172,139,69,172,139,72,12,139,81,40,137,85,204,199,69,176,0,0,0,0,199,69,148,0,0,0,0,139,69,176,-1,-1,-1,-1,-1,1,236.0,0
0,0,0,0,0,0,0,0,269152,4194304,4096,4,0,680705,36864,4096,315392,0,1048576,4096,4096,4,1,0.8,2,4,2,2,4,2,0,1,0,1,1,0,0.507,3,4,1.078,0.0,0,0.0,0.0,4.454,3.731,2.585,6.092,85,139,236,129,236,96,1,0,0,83,86,100,161,48,0,0,0,137,133,112,255,255,255,139,141,112,255,255,255,139,81,12,137,85,172,139,69,172,139,72,12,139,81,40,137,85,204,199,69,176,0,0,0,0,199,69,148,0,0,0,0,139,69,176,-1,-1,-1,-1,-1,1,60.0,0
0,0,0,0,0,0,0,0,0,4194304,4096,4,0,277249,61440,4096,50176,0,1048576,4096,4096,4,1,0.8,2,4,2,2,4,2,0,1,0,1,1,0,0.516,3,4,1.008,0.0,0,0.0,0.0,5.073,3.546,3.418,6.433,85,139,236,129,236,96,1,0,0,83,86,100,161,48,0,0,0,137,133,112,255,255,255,139,141,112,255,255,255,139,81,12,137,85,172,139,69,172,139,72,12,139,81,40,137,85,204,199,69,176,0,0,0,0,199,69,148,0,0,0,0,139,69,176,-1,-1,-1,-1,-1,1,178.0,0
0,0,1,0,0,0,0,1,186936,4194304,4096,5,1,389889,67584,1024,62464,0,1048576,4096,4096,4,1,0.8,2,4,2,2,4,2,0,1,0,1,1,0,0.51,3,4,1.136,0.0,0,0.0,0.0,3.794,3.787,2.911,6.206,85,139,236,129,236,96,1,0,0,83,86,100,161,48,0,0,0,137,133,112,255,255,255,139,141,112,255,255,255,139,81,12,137,85,172,139,69,172,139,72,12,139,81,40,137,85,204,199,69,176,0,0,0,0,199,69,148,0,0,0,0,139,69,176,-1,-1,-1,-1,-1,1,14.0,0
0,0,0,0,0,0,0,0,0,4194304,4096,4,0,78593,8192,4096,20480,0,1048576,4096,4096,4,1,0.8,2,4,2,2,4,2,0,1,0,1,1,0,0.553,3,4,1.707,0.0,0,0.0,0.0,1.894,3.538,2.772,5.483,85,139,236,129,236,96,1,0,0,83,86,100,161,48,0,0,0,137,133,112,255,255,255,139,141,112,255,255,255,139,81,12,137,85,172,139,69,172,139,72,12,139,81,40,137,85,204,199,69,176,0,0,0,0,199,69,148,0,0,0,0,139,69,176,-1,-1,-1,-1,-1,1,28.0,0
0,0,0,0,0,0,0,0,0,4194304,4096,4,0,1512193,417792,4096,110592,0,1048576,4096,4096,4,1,0.8,2,4,2,2,4,2,0,1,0,1,1,0,0.502,3,4,1.181,0.0,0,0.0,0.0,3.498,3.833,3.148,6.695,85,139,236,129,236,96,1,0,0,83,86,100,161,48,0,0,0,137,133,112,255,255,255,139,141,112,255,255,255,139,81,12,137,85,172,139,69,172,139,72,12,139,81,40,137,85,204,199,69,176,0,0,0,0,199,69,148,0,0,0,0,139,69,176,-1,-1,-1,-1,-1,1,152.0,0
0,0,0,0,0,0,0,0,0,4194304,4096,4,0,124673,18432,1024,42496,0,1048576,4096,4096,4,1,0.8,2,4,2,2,4,2,0,1,0,1,1,0,0.548,3,4,1.096,0.0,0,0.0,0.0,5.275,3.685,2.483,6.773,85,139,236,129,236,96,1,0,0,83,86,100,161,48,0,0,0,137,133,112,255,255,255,139,141,112,255,255,255,139,81,12,137,85,172,139,69,172,139,72,12,139,81,40,137,85,204,199,69,176,0,0,0,0,199,69,148,0,0,0,0,139,69,176,-1,-1,-1,-1,-1,1,32.0,0
0,0,1,0,0,0,0,1,466213,4194304,4096,5,1,782081,90112,1024,377856,0,1048576,4096,4096,4,1,0.8,2,4,2,2,4,2,0,1,0,1,1,0,0.508,3,4,1.002,0.0,0,0.0,0.0,6.065,3.897,4.102,6.165,85,139,236,129,236,96,1,0,0,83,86,100,161,48,0,0,0,137,133,112,255,255,255,139,141,112,255,255,255,139,81,12,137,85,172,139,69,172,139,72,12,139,81,40,137,85,204,199,69,176,0,0,0,0,199,69,148,0,0,0,0,139,69,176,-1,-1,-1,-1,-1,1,24.0,0
0,0,1,0,0,0,0,1,6268317,4194304,4096,5,1,10584833,1693696,1024,4558848,0,1048576,4096,4096,4,1,0.8,2,4,2,2,4,2,0,1,0,1,1,0,0.501,3,4,1.0,0.0,0,0.0,0.0,6.224,4.35,4.603,6.443,85,139,236,129,236,96,1,0,0,83,86,100,161,48,0,0,0,137,133,112,255,255,255,139,141,112,255,255,255,139,81,12,137,85,172,139,69,172,139,72,12,139,81,40,137,85,204,199,69,176,0,0,0,0,199,69,148,0,0,0,0,139,69,176,-1,-1,-1,-1,-1,1,874.0,0
0,0,0,0,0,0,0,0,164088,4194304,4096,4,0,298753,67584,1024,43520,0,1048576,4096,4096,4,1,0.8,2,4,2,2,4,2,0,1,0,1,1,0,0.514,3,4,1.004,0.0,0,0.0,0.0,4.845,3.679,3.22,6.385,85,139,236,129,236,96,1,0,0,83,86,100,161,48,0,0,0,137,133,112,255,255,255,139,141,112,255,255,255,139,81,12,137,85,172,139,69,172,139,72,12,139,81,40,137,85,204,199,69,176,0,0,0,0,199,69,148,0,0,0,0,139,69,176,-1,-1,-1,-1,-1,1,184.0,0
0,0,0,0,0,0,0,0,140793,4194304,4096,4,0,227073,47104,1024,40960,0,1048576,4096,4096,4,1,0.8,2,4,2,2,4,2,0,1,0,1,1,0,0.52,3,4,1.018,0.0,0,0.0,0.0,4.992,3.693,3.302,6.398,85,139,236,129,236,96,1,0,0,83,86,100,161,48,0,0,0,137,133,112,255,255,255,139,141,112,255,255,255,139,81,12,137,85,172,139,69,172,139,72,12,139,81,40,137,85,204,199,69,176,0,0,0,0,199,69,148,0,0,0,0,139,69,176,-1,-1,-1,-1,-1,1,156.0,0
0,0,1,0,0,0,0,1,184107,4194304,4096,5,1,413441,72192,1024,66048,0,1048576,4096,4096,4,1,0.8,2,4,2,2,4,2,0,1,0,1,1,0,0.509,3,4,1.129,0.0,0,0.0,0.0,3.789,3.796,2.901,6.193,85,139,236,129,236,96,1,0,0,83,86,100,161,48,0,0,0,137,133,112,255,255,255,139,141,112,255,255,255,139,81,12,137,85,172,139,69,172,139,72,12,139,81,40,137,85,204,199,69,176,0,0,0,0,199,69,148,0,0,0,0,139,69,176,-1,-1,-1,-1,-1,1,14.0,0
0,0,0,0,0,0,0,0,0,4194304,4096,4,0,1345281,339456,1024,136192,0,524288,131072,4096,4,1,0.8,2,4,2,2,4,2,0,1,0,1,1,0,0.503,3,4,1.003,0.0,0,0.0,0.0,4.959,3.842,3.127,6.485,85,139,236,129,236,96,1,0,0,83,86,100,161,48,0,0,0,137,133,112,255,255,255,139,141,112,255,255,255,139,81,12,137,85,172,139,69,172,139,72,12,139,81,40,137,85,204,199,69,176,0,0,0,0,199,69,148,0,0,0,0,139,69,176,-1,-1,-1,-1,-1,1,404.0,0
0,0,0,0,0,0,0,0,1689401,4194304,4096,4,0,4900609,1332224,1024,321536,0,1048576,4096,4096,4,1,0.8,2,4,2,2,4,2,0,1,0,1,1,0,0.501,3,4,1.002,0.0,0,0.0,0.0,4.235,3.909,3.131,6.656,85,139,236,129,236,96,1,0,0,83,86,100,161,48,0,0,0,137,133,112,255,255,255,139,141,112,255,255,255,139,81,12,137,85,172,139,69,172,139,72,12,139,81,40,137,85,204,199,69,176,0,0,0,0,199,69,148,0,0,0,0,139,69,176,-1,-1,-1,-1,-1,1,106.0,0
0,0,0,0,0,0,0,0,125289,4194304,4096,4,0,258817,55808,1024,44032,0,1048576,4096,4096,4,1,0.8,2,4,2,2,4,2,0,1,0,1,1,0,0.517,3,4,1.004,0.0,0,0.0,0.0,4.892,3.647,3.247,6.375,85,139,236,129,236,96,1,0,0,83,86,100,161,48,0,0,0,137,133,112,255,255,255,139,141,112,255,255,255,139,81,12,137,85,172,139,69,172,139,72,12,139,81,40,137,85,204,199,69,176,0,0,0,0,199,69,148,0,0,0,0,139,69,176,-1,-1,-1,-1,-1,1,176.0,0
0,0,0,0,0,0,0,0,135896,4194304,4096,4,0,276225,62464,1024,36352,0,1048576,4096,4096,4,1,0.8,2,4,2,2,4,2,0,1,0,1,1,0,0.515,3,4,1.022,0.0,0,0.0,0.0,4.635,3.701,2.769,6.122,85,139,236,129,236,96,1,0,0,83,86,100,161,48,0,0,0,137,133,112,255,255,255,139,141,112,255,255,255,139,81,12,137,85,172,139,69,172,139,72,12,139,81,40,137,85,204,199,69,176,0,0,0,0,199,69,148,0,0,0,0,139,69,176,-1,-1,-1,-1,-1,1,140.0,0
0,0,0,0,0,0,0,0,0,4194304,4096,4,0,180993,38912,4096,22016,0,1048576,4096,4096,4,1,0.8,2,4,2,2,4,2,0,1,0,1,1,0,0.524,3,4,1.02,0.0,0,0.0,0.0,4.15,3.519,3.101,6.471,85,139,236,129,236,96,1,0,0,83,86,100,161,48,0,0,0,137,133,112,255,255,255,139,141,112,255,255,255,139,81,12,137,85,172,139,69,172,139,72,12,139,81,40,137,85,204,199,69,176,0,0,0,0,199,69,148,0,0,0,0,139,69,176,-1,-1,-1,-1,-1,1,124.0,0
0,0,0,0,0,0,0,1,639394,4194304,4096,5,0,2142977,206336,1024,1424384,0,1048576,4096,4096,4,1,0.8,2,4,2,2,4,2,0,1,0,1,1,0,0.505,3,4,1.001,0.0,0,0.0,0.0,6.211,3.711,2.517,6.659,85,139,236,129,236,96,1,0,0,83,86,100,161,48,0,0,0,137,133,112,255,255,255,139,141,112,255,255,255,139,81,12,137,85,172,139,69,172,139,72,12,139,81,40,137,85,204,199,69,176,0,0,0,0,199,69,148,0,0,0,0,139,69,176,-1,-1,-1,-1,-1,1,78.0,0
0,0,0,0,0,0,0,0,280941,4194304,4096,4,0,647937,77824,4096,159744,0,1048576,4096,4096,4,1,0.8,2,4,2,2,4,2,0,1,0,1,1,0,0.506,3,4,1.029,0.0,0,0.0,0.0,3.545,3.905,3.013,6.438,85,139,236,129,236,96,1,0,0,83,86,100,161,48,0,0,0,137,133,112,255,255,255,139,141,112,255,255,255,139,81,12,137,85,172,139,69,172,139,72,12,139,81,40,137,85,204,199,69,176,0,0,0,0,199,69,148,0,0,0,0,139,69,176,-1,-1,-1,-1,-1,1,120.0,0
0,0,0,0,0,0,0,1,504430,4194304,4096,5,0,1066753,206848,1024,253440,0,1048576,4096,4096,4,1,0.8,2,4,2,2,4,2,0,1,0,1,1,0,0.505,3,4,1.002,0.0,0,0.0,0.0,5.969,3.595,3.692,6.654,85,139,236,129,236,96,1,0,0,83,86,100,161,48,0,0,0,137,133,112,255,255,255,139,141,112,255,255,255,139,81,12,137,85,172,139,69,172,139,72,12,139,81,40,137,85,204,199,69,176,0,0,0,0,199,69,148,0,0,0,0,139,69,176,-1,-1,-1,-1,-1,1,214.0,0
0,0,0,0,0,0,0,0,94877,4194304,4096,4,0,129809,25600,1024,32256,3072,2097152,4096,4096,6,3,0.667,2,9,2,2,9,2,0,1,0,1,1,0,0.536,7,8,16.0,0.0,0,0.0,0.0,-1,2.501,2.595,6.332,85,139,236,129,236,96,1,0,0,83,86,100,161,48,0,0,0,137,133,112,255,255,255,139,141,112,255,255,255,139,81,12,137,85,172,139,69,172,139,72,12,139,81,40,137,85,204,199,69,176,0,0,0,0,199,69,148,0,0,0,0,139,69,176,-1,-1,-1,-1,-1,1,-1,0
0,0,0,0,0,0,0,0,0,4194304,4096,4,0,209665,45056,4096,32768,0,1048576,4096,4096,4,1,0.8,2,4,2,2,4,2,0,1,0,1,1,0,0.519,3,4,1.184,0.0,0,0.0,0.0,2.945,3.555,3.088,5.889,85,139,236,129,236,96,1,0,0,83,86,100,161,48,0,0,0,137,133,112,255,255,255,139,141,112,255,255,255,139,81,12,137,85,172,139,69,172,139,72,12,139,81,40,137,85,204,199,69,176,0,0,0,0,199,69,148,0,0,0,0,139,69,176,-1,-1,-1,-1,-1,1,60.0,0
0,0,0,0,0,0,0,1,3240184,4194304,4096,5,0,6397697,1161216,1024,2016256,0,1048576,4096,4096,4,1,0.8,2,4,2,2,4,2,0,1,0,1,1,0,0.501,3,4,1.0,0.0,0,0.0,0.0,6.712,4.124,4.23,6.431,85,139,236,129,236,96,1,0,0,83,86,100,161,48,0,0,0,137,133,112,255,255,255,139,141,112,255,255,255,139,81,12,137,85,172,139,69,172,139,72,12,139,81,40,137,85,204,199,69,176,0,0,0,0,199,69,148,0,0,0,0,139,69,176,-1,-1,-1,-1,-1,1,970.0,0
0,0,1,0,0,0,0,1,294187,4194304,4096,5,1,933633,162304,1024,283648,0,1048576,4096,4096,4,1,0.8,2,4,2,2,4,2,0,1,0,1,1,0,0.505,3,4,1.208,0.0,0,0.0,0.0,3.64,3.925,2.415,6.215,85,139,236,129,236,96,1,0,0,83,86,100,161,48,0,0,0,137,133,112,255,255,255,139,141,112,255,255,255,139,81,12,137,85,172,139,69,172,139,72,12,139,81,40,137,85,204,199,69,176,0,0,0,0,199,69,148,0,0,0,0,139,69,176,-1,-1,-1,-1,-1,1,14.0,0
0,0,0,0,0,0,0,0,185413,4194304,4096,4,0,439041,24576,4096,126976,0,1048576,4096,4096,4,1,0.8,2,4,2,2,4,2,0,1,0,1,1,0,0.509,3,4,1.515,0.0,0,0.0,0.0,2.4,3.494,2.907,6.027,85,139,236,129,236,96,1,0,0,83,86,100,161,48,0,0,0,137,133,112,255,255,255,139,141,112,255,255,255,139,81,12,137,85,172,139,69,172,139,72,12,139,81,40,137,85,204,199,69,176,0,0,0,0,199,69,148,0,0,0,0,139,69,176,-1,-1,-1,-1,-1,1,26.0,0
0,0,0,0,0,0,0,0,0,4194304,4096,4,0,283393,56320,4096,45568,0,1048576,4096,4096,4,1,0.8,2,4,2,2,4,2,0,1,0,1,1,0,0.515,3,4,1.016,0.0,0,0.0,0.0,4.151,3.565,3.105,6.319,85,139,236,129,236,96,1,0,0,83,86,100,161,48,0,0,0,137,133,112,255,255,255,139,141,112,255,255,255,139,81,12,137,85,172,139,69,172,139,72,12,139,81,40,137,85,204,199,69,176,0,0,0,0,199,69,148,0,0,0,0,139,69,176,-1,-1,-1,-1,-1,1,174.0,0
0,0,0,0,0,0,0,0,82031,4194304,4096,4,0,216833,46080,1024,32768,0,1048576,4096,4096,4,1,0.8,2,4,2,2,4,2,0,1,0,1,1,0,0.52,3,4,1.02,0.0,0,0.0,0.0,4.138,3.582,3.112,6.306,85,139,236,129,236,96,1,0,0,83,86,100,161,48,0,0,0,137,133,112,255,255,255,139,141,112,255,255,255,139,81,12,137,85,172,139,69,172,139,72,12,139,81,40,137,85,204,199,69,176,0,0,0,0,199,69,148,0,0,0,0,139,69,176,-1,-1,-1,-1,-1,1,156.0,0
0,0,1,0,1,0,0,0,57358,4194304,8192,4,0,94969,24576,4096,8192,0,1048576,4096,8192,2,1,0.667,2,2,2,2,2,2,0,1,0,1,1,0,0.545,1,2,2.667,0.0,0,0.0,-1,1.906,2.514,2.564,5.389,85,139,236,129,236,96,1,0,0,83,86,100,161,48,0,0,0,137,133,112,255,255,255,139,141,112,255,255,255,139,81,12,137,85,172,139,69,172,139,72,12,139,81,40,137,85,204,199,69,176,0,0,0,0,199,69,148,0,0,0,0,139,69,176,-1,-1,-1,-1,-1,1,14.0,0
0,0,0,0,0,0,0,1,529413,4194304,4096,5,0,1356545,323584,1024,148480,0,1048576,4096,4096,4,1,0.8,2,4,2,2,4,2,0,1,0,1,1,0,0.503,3,4,1.006,0.0,0,0.0,0.0,4.029,3.694,2.928,5.974,85,139,236,129,236,96,1,0,0,83,86,100,161,48,0,0,0,137,133,112,255,255,255,139,141,112,255,255,255,139,81,12,137,85,172,139,69,172,139,72,12,139,81,40,137,85,204,199,69,176,0,0,0,0,199,69,148,0,0,0,0,139,69,176,-1,-1,-1,-1,-1,1,316.0,0
0,0,0,0,0,0,0,0,224466,4194304,4096,4,0,480001,28672,4096,139264,0,1048576,4096,4096,4,1,0.8,2,4,2,2,4,2,0,1,0,1,1,0,0.508,3,4,1.032,0.0,0,0.0,0.0,3.922,3.765,2.937,6.027,85,139,236,129,236,96,1,0,0,83,86,100,161,48,0,0,0,137,133,112,255,255,255,139,141,112,255,255,255,139,81,12,137,85,172,139,69,172,139,72,12,139,81,40,137,85,204,199,69,176,0,0,0,0,199,69,148,0,0,0,0,139,69,176,-1,-1,-1,-1,-1,1,140.0,0
0,0,0,0,0,0,0,0,0,4194304,4096,4,0,283393,65536,4096,28672,0,1048576,4096,4096,4,1,0.8,2,4,2,2,4,2,0,1,0,1,1,0,0.513,3,4,4.303,0.0,0,0.0,0.0,0.988,3.51,2.885,5.92,85,139,236,129,236,96,1,0,0,83,86,100,161,48,0,0,0,137,133,112,255,255,255,139,141,112,255,255,255,139,81,12,137,85,172,139,69,172,139,72,12,139,81,40,137,85,204,199,69,176,0,0,0,0,199,69,148,0,0,0,0,139,69,176,-1,-1,-1,-1,-1,1,8.0,0
0,0,0,0,0,0,0,0,0,4063232,4096,4,0,270336,46080,4096,32768,0,1048576,4096,4096,0,1,0.0,1,1,1,1,1,1,0,1,1,1,1,0,0.132,0,1,0.132,0.132,0,-1,-1,-1,2.13,1.529,7.209,189,8,152,62,0,199,69,0,44,1,62,0,255,77,8,198,69,12,5,141,125,20,49,192,180,4,137,193,243,171,191,20,106,63,0,87,190,21,115,62,0,49,201,65,255,77,12,141,156,141,160,0,0,0,255,214,16,201,115,243,255,69,12,145,1.0,1.0,2.0,2.0,-1,1,130.0,0
1,0,1,0,0,0,0,1,0,3801088,4096,5,1,1196032,116224,4096,558592,0,1048576,4096,4096,0,1,0.0,1,1,1,1,1,1,0,1,1,1,1,0,0.23,0,1,0.23,0.23,0,-1,-1,-1,2.614,2.488,7.732,189,8,62,62,0,199,69,0,44,1,58,0,255,77,8,198,69,12,5,141,125,20,49,192,180,4,137,193,243,171,191,238,118,62,0,87,190,224,170,61,0,49,201,65,255,77,12,141,156,141,160,0,0,0,255,214,16,201,115,243,255,69,12,145,1.0,1.0,2.0,2.0,189.0,1,91.0,0
1,0,1,0,0,0,0,1,0,4128768,4096,5,1,188416,38400,4096,24064,0,1048576,4096,4096,0,1,0.0,1,1,1,1,1,1,0,1,1,1,1,0,0.119,0,1,0.119,0.119,0,-1,-1,-1,2.291,1.627,7.889,189,8,100,63,0,199,69,0,44,1,63,0,255,77,8,198,69,12,5,141,125,20,49,192,180,4,137,193,243,171,191,237,133,63,0,87,190,87,95,63,0,49,201,65,255,77,12,141,156,141,160,0,0,0,255,214,16,201,115,243,255,69,12,145,1.0,1.0,2.0,2.0,-1,1,13.0,0
1,0,1,0,0,0,0,1,0,16711680,4096,6,1,200704,9728,4096,102912,0,262144,8192,4096,0,1,0.0,1,1,1,1,1,1,0,1,1,1,1,0,0.524,0,1,0.524,0.524,0,-1,-1,-1,2.545,4.188,6.682,189,8,160,0,1,199,69,0,44,1,255,0,255,77,8,198,69,12,5,141,125,20,49,192,180,4,137,193,243,171,191,148,232,255,0,87,190,129,25,255,0,49,201,65,255,77,12,141,156,141,160,0,0,0,255,214,16,201,115,243,255,69,12,145,1.0,1.0,2.0,2.0,59.0,1,86.0,0
1,0,1,0,1,0,0,0,0,4063232,8192,4,0,262144,53248,8192,8192,0,1048576,4096,8192,0,1,0.0,1,1,1,1,1,1,0,1,1,1,1,0,0.07,0,1,0.07,0.07,0,-1,-1,-1,2.384,1.224,7.89,189,8,100,62,0,199,69,0,44,1,62,0,255,77,8,198,69,12,5,141,125,20,49,192,180,4,137,193,243,171,191,56,100,63,0,87,190,156,95,62,0,49,201,65,255,77,12,141,156,141,160,0,0,0,255,214,16,201,115,243,255,69,12,145,1.0,1.0,2.0,2.0,2.0,1,13.0,0
0,0,0,0,0,0,0,0,0,4063232,4096,4,0,524288,36864,4096,315392,0,1048576,4096,4096,0,1,0.0,1,1,1,1,1,1,0,1,1,1,1,0,0.095,0,1,0.095,0.095,0,-1,-1,-1,2.342,1.24,7.89,189,8,208,62,0,199,69,0,44,1,62,0,255,77,8,198,69,12,5,141,125,20,49,192,180,4,137,193,243,171,191,17,129,63,0,87,190,228,196,62,0,49,201,65,255,77,12,141,156,141,160,0,0,0,255,214,16,201,115,243,255,69,12,145,1.0,1.0,2.0,2.0,133.0,1,53.0,0
0,0,0,0,0,0,0,0,0,4128768,4096,4,0,266240,28672,4096,139264,0,1048576,4096,4096,0,1,0.0,1,1,1,1,1,1,0,1,1,1,1,0,0.141,0,1,0.141,0.141,0,-1,-1,-1,2.29,1.684,7.57,189,8,160,63,0,199,69,0,44,1,63,0,255,77,8,198,69,12,5,141,125,20,49,192,180,4,137,193,243,171,191,134,160,63,0,87,190,192,131,63,0,49,201,65,255,77,12,141,156,141,160,0,0,0,255,214,16,201,115,243,255,69,12,145,1.0,1.0,2.0,2.0,244.0,1,127.0,0
0,0,0,0,0,0,0,1,0,3801088,4096,5,0,1470464,199168,4096,244224,0,1048576,4096,4096,0,1,0.0,1,1,1,1,1,1,0,1,1,1,1,0,0.118,0,1,0.118,0.118,0,-1,-1,-1,2.586,1.453,7.932,189,8,176,60,0,199,69,0,44,1,58,0,255,77,8,198,69,12,5,141,125,20,49,192,180,4,137,193,243,171,191,16,85,61,0,87,190,63,154,60,0,49,201,65,255,77,12,141,156,141,160,0,0,0,255,214,16,201,115,243,255,69,12,145,1.0,1.0,2.0,2.0,-1,1,148.0,0
0,0,1,0,0,0,0,1,0,4063232,4096,5,1,307200,55296,4096,53760,0,1048576,4096,4096,0,1,0.0,1,1,1,1,1,1,0,1,1,1,1,0,0.123,0,1,0.123,0.123,0,-1,-1,-1,2.348,1.607,7.935,189,8,160,62,0,199,69,0,44,1,62,0,255,77,8,198,69,12,5,141,125,20,49,192,180,4,137,193,243,171,191,218,67,63,0,87,190,103,155,62,0,49,201,65,255,77,12,141,156,141,160,0,0,0,255,214,16,201,115,243,255,69,12,145,1.0,1.0,2.0,2.0,-1,1,13.0,0
0,0,0,0,0,0,0,0,0,4128768,4096,4,0,237568,20480,4096,122880,0,1048576,4096,4096,0,1,0.0,1,1,1,1,1,1,0,1,1,1,1,0,0.105,0,1,0.105,0.105,0,-1,-1,-1,2.695,1.45,7.908,189,8,110,63,0,199,69,0,212,0,63,0,255,77,8,198,69,12,5,141,125,20,49,192,180,4,137,193,243,171,191,161,191,63,0,87,190,59,107,63,0,49,201,65,255,77,12,141,156,141,160,0,0,0,255,214,16,201,115,243,255,69,12,145,1.0,1.0,2.0,2.0,-1,1,-1,0
1,0,1,0,1,0,0,0,0,4128768,8192,4,0,131072,20480,8192,8192,0,1048576,4096,8192,0,1,0.0,1,1,1,1,1,1,0,1,1,1,1,0,0.013,0,1,0.013,0.013,0,-1,-1,-1,2.347,0.916,5.406,189,8,38,63,0,199,69,0,44,1,63,0,255,77,8,198,69,12,5,141,125,20,49,192,180,4,137,193,243,171,191,7,218,63,0,87,190,219,33,63,0,49,201,65,255,77,12,141,156,141,160,0,0,0,255,214,16,201,115,243,255,69,12,145,1.0,1.0,2.0,2.0,2.0,1,13.0,0
0,0,0,0,0,0,0,0,0,3997696,4096,4,0,512000,77824,4096,159744,0,1048576,4096,4096,0,1,0.0,1,1,1,1,1,1,0,1,1,1,1,0,0.12,0,1,0.12,0.12,0,-1,-1,-1,2.257,1.457,7.71,189,8,254,61,0,199,69,0,44,1,61,0,255,77,8,198,69,12,5,141,125,20,49,192,180,4,137,193,243,171,191,131,242,62,0,87,190,36,227,61,0,49,201,65,255,77,12,141,156,141,160,0,0,0,255,214,16,201,115,243,255,69,12,145,1.0,1.0,2.0,2.0,-1,1,108.0,0
0,0,1,0,0,0,0,1,0,4063232,4096,5,1,344064,69120,4096,65024,0,1048576,4096,4096,0,1,0.0,1,1,1,1,1,1,0,1,1,1,1,0,0.131,0,1,0.131,0.131,0,-1,-1,-1,2.351,1.692,7.958,189,8,188,62,0,199,69,0,44,1,62,0,255,77,8,198,69,12,5,141,125,20,49,192,180,4,137,193,243,171,191,159,20,63,0,87,190,232,184,62,0,49,201,65,255,77,12,141,156,141,160,0,0,0,255,214,16,201,115,243,255,69,12,145,1.0,1.0,2.0,2.0,-1,1,13.0,0
1,0,1,0,0,0,0,1,0,4128768,4096,6,3,122880,16896,4096,9216,0,262144,8192,4096,0,1,0.0,1,1,1,1,1,1,0,1,1,1,1,0,0.061,0,1,0.061,0.061,0,-1,-1,-1,2.455,1.106,7.616,189,8,44,63,0,199,69,0,44,1,63,0,255,77,8,198,69,12,5,141,125,20,49,192,180,4,137,193,243,171,191,101,207,63,0,87,190,188,37,63,0,49,201,65,255,77,12,141,156,141,160,0,0,0,255,214,16,201,115,243,255,69,12,145,1.0,1.0,2.0,2.0,-1,1,13.0,0
1,0,1,0,0,0,0,1,0,4128768,4096,5,1,94208,3072,4096,6144,0,1048576,4096,4096,0,1,0.0,1,1,1,1,1,1,0,1,1,1,1,0,0.029,0,1,0.029,0.029,0,-1,-1,-1,2.323,0.778,5.392,189,8,26,63,0,199,69,0,44,1,63,0,255,77,8,198,69,12,5,141,125,20,49,192,180,4,137,193,243,171,191,201,253,63,0,87,190,241,16,63,0,49,201,65,255,77,12,141,156,141,160,0,0,0,255,214,16,201,115,243,255,69,12,145,1.0,1.0,2.0,2.0,-1,1,13.0,0
1,0,1,0,0,0,0,1,0,4128768,4096,5,0,110592,3584,4096,26112,0,1048576,4096,4096,0,1,0.0,1,1,1,1,1,1,0,1,1,1,1,0,0.19,0,1,0.19,0.19,0,-1,-1,-1,2.398,1.332,3.511,189,8,94,63,0,199,69,0,44,1,63,0,255,77,8,198,69,12,5,141,125,20,49,192,180,4,137,193,243,171,191,94,251,63,0,87,190,241,16,63,0,49,201,65,255,77,12,141,156,141,160,0,0,0,255,214,16,201,115,243,255,69,12,145,1.0,1.0,2.0,2.0,0.0,0,42.0,0
1,0,1,0,1,0,0,1,0,4128768,8192,4,0,131072,8192,8192,27648,0,1048576,4096,8192,0,1,0.0,1,1,1,1,1,1,0,1,1,1,1,0,0.235,0,1,0.235,0.235,0,-1,-1,-1,2.226,2.241,5.799,189,8,138,63,0,199,69,0,44,1,63,0,255,77,8,198,69,12,5,141,125,20,49,192,180,4,137,193,243,171,191,225,254,63,0,87,190,241,32,63,0,49,201,65,255,77,12,141,156,141,160,0,0,0,255,214,16,201,115,243,255,69,12,145,1.0,1.0,2.0,2.0,2.0,1,57.0,0
1,0,1,0,0,0,0,1,0,3932160,4096,5,1,1249280,92672,4096,799744,0,1048576,4096,4096,0,1,0.0,1,1,1,1,1,1,0,1,1,1,1,0,0.114,0,1,0.114,0.114,0,-1,-1,-1,2.727,1.439,7.964,189,8,58,62,0,199,69,0,44,1,60,0,255,77,8,198,69,12,5,141,125,20,49,192,180,4,137,193,243,171,191,34,190,62,0,87,190,213,52,62,0,49,201,65,255,77,12,141,156,141,160,0,0,0,255,214,16,201,115,243,255,69,12,145,1.0,1.0,2.0,2.0,121.0,1,21.0,0
1,0,1,0,0,0,0,1,0,4063232,4096,5,1,360448,64512,4096,95744,0,1048576,4096,4096,0,1,0.0,1,1,1,1,1,1,0,1,1,1,1,0,0.125,0,1,0.125,0.125,0,-1,-1,-1,2.447,1.585,7.878,189,8,190,62,0,199,69,0,44,1,62,0,255,77,8,198,69,12,5,141,125,20,49,192,180,4,137,193,243,171,191,207,34,63,0,87,190,99,180,62,0,49,201,65,255,77,12,141,156,141,160,0,0,0,255,214,16,201,115,243,255,69,12,145,1.0,1.0,2.0,2.0,-1,1,29.0,0
0,0,0,0,0,0,0,1,0,4128768,4096,5,0,122880,19968,4096,5120,0,1048576,8192,4096,0,1,0.0,1,1,1,1,1,1,0,1,1,1,1,0,0.082,0,1,0.082,0.082,0,-1,-1,-1,2.382,1.315,7.67,189,8,54,63,0,199,69,0,44,1,63,0,255,77,8,198,69,12,5,141,125,20,49,192,180,4,137,193,243,171,191,100,197,63,0,87,190,47,47,63,0,49,201,65,255,77,12,141,156,141,160,0,0,0,255,214,16,201,115,243,255,69,12,145,1.0,1.0,2.0,2.0,116.0,1,33.0,0
1,0,1,0,0,1,0,1,0,3604480,143360,5,1,1515520,398336,4096,143360,0,1048576,4096,4096,0,1,0.0,1,1,1,1,1,1,0,1,1,1,1,0,0.145,0,1,0.145,0.145,0,-1,-1,-1,2.586,1.743,7.931,189,8,104,58,0,199,69,0,44,1,55,0,255,77,8,198,69,12,5,141,125,20,49,192,180,4,137,193,243,171,191,105,166,58,0,87,190,218,84,58,0,49,201,65,255,77,12,141,156,141,160,0,0,0,255,214,16,201,115,243,255,69,12,145,1.0,1.0,2.0,2.0,-1,1,39.0,0
1,0,1,0,0,0,0,1,0,4128768,4096,5,1,106496,5120,4096,8704,0,1048576,4096,4096,0,1,0.0,1,1,1,1,1,1,0,1,1,1,1,0,0.025,0,1,0.025,0.025,0,-1,-1,-1,2.483,0.732,6.285,189,8,26,63,0,199,69,0,44,1,63,0,255,77,8,198,69,12,5,141,125,20,49,192,180,4,137,193,243,171,191,82,244,63,0,87,190,204,19,63,0,49,201,65,255,77,12,141,156,141,160,0,0,0,255,214,16,201,115,243,255,69,12,145,1.0,1.0,2.0,2.0,-1,1,8.0,0
1,0,1,0,1,0,0,1,0,4128768,8192,4,0,147456,26624,8192,2560,0,1048576,4096,8192,0,1,0.0,1,1,1,1,1,1,0,1,1,1,1,0,0.076,0,1,0.076,0.076,0,-1,-1,-1,2.285,1.53,7.824,189,8,72,63,0,199,69,0,44,1,63,0,255,77,8,198,69,12,5,141,125,20,49,192,180,4,137,193,243,171,191,93,182,63,0,87,190,204,67,63,0,49,201,65,255,77,12,141,156,141,160,0,0,0,255,214,16,201,115,243,255,69,12,145,1.0,1.0,2.0,2.0,2.0,1,13.0,0
1,0,1,0,0,0,0,1,0,1254948864,4096,6,1,634880,142848,4096,158720,0,1048576,1036288,4096,0,1,0.0,1,1,1,1,1,1,0,1,1,1,1,0,0.155,0,1,0.155,0.155,0,-1,-1,-1,2.902,1.573,6.995,189,8,140,206,74,199,69,0,44,1,205,74,255,77,8,198,69,12,5,141,125,20,49,192,180,4,137,193,243,171,191,106,38,206,74,87,190,226,9,206,74,49,201,65,255,77,12,141,156,141,160,0,0,0,255,214,16,201,115,243,255,69,12,145,1.0,1.0,2.0,2.0,233.0,1,66.0,0
0,0,0,0,0,0,0,0,0,4063232,4096,4,0,286720,65536,4096,28672,0,1048576,4096,4096,0,1,0.0,1,1,1,1,1,1,0,1,1,1,1,0,0.103,0,1,0.103,0.103,0,-1,-1,-1,2.035,1.41,7.949,189,8,128,62,0,199,69,0,44,1,62,0,255,77,8,198,69,12,5,141,125,20,49,192,180,4,137,193,243,171,191,125,61,63,0,87,190,33,126,62,0,49,201,65,255,77,12,141,156,141,160,0,0,0,255,214,16,201,115,243,255,69,12,145,1.0,1.0,2.0,2.0,-1,1,7.0,0
1,0,1,0,0,0,0,1,0,3866624,4096,5,1,1232896,116224,4096,667136,0,1048576,4096,4096,0,1,0.0,1,1,1,1,1,1,0,1,1,1,1,0,0.142,0,1,0.142,0.142,0,-1,-1,-1,2.587,1.733,7.966,189,8,182,61,0,199,69,0,44,1,59,0,255,77,8,198,69,12,5,141,125,20,49,192,180,4,137,193,243,171,191,40,110,62,0,87,190,113,175,61,0,49,201,65,255,77,12,141,156,141,160,0,0,0,255,214,16,201,115,243,255,69,12,145,1.0,1.0,2.0,2.0,176.0,1,21.0,0
1,0,1,0,0,0,0,1,0,16711680,4096,6,1,172032,34304,4096,27136,0,262144,8192,4096,0,1,0.0,1,1,1,1,1,1,0,1,1,1,1,0,0.08,0,1,0.08,0.08,0,-1,-1,-1,2.541,1.223,7.789,189,8,68,255,0,199,69,0,44,1,255,0,255,77,8,198,69,12,5,141,125,20,49,192,180,4,137,193,243,171,191,227,150,255,0,87,190,44,62,255,0,49,201,65,255,77,12,141,156,141,160,0,0,0,255,214,16,201,115,243,255,69,12,145,1.0,1.0,2.0,2.0,155.0,1,18.0,0
1,0,1,0,0,0,0,1,0,3997696,4096,5,1,585728,93696,4096,195584,0,1048576,4096,4096,0,1,0.0,1,1,1,1,1,1,0,1,1,1,1,0,0.162,0,1,0.162,0.162,0,-1,-1,-1,2.679,1.97,7.964,189,8,126,62,0,199,69,0,44,1,61,0,255,77,8,198,69,12,5,141,125,20,49,192,180,4,137,193,243,171,191,106,191,62,0,87,190,155,122,62,0,49,201,65,255,77,12,141,156,141,160,0,0,0,255,214,16,201,115,243,255,69,12,145,1.0,1.0,2.0,2.0,-1,1,18.0,0
1,0,1,0,0,0,0,1,0,4128768,4096,5,0,110592,8192,4096,11776,0,1048576,4096,4096,0,1,0.0,1,1,1,1,1,1,0,1,1,1,1,0,0.04,0,1,0.04,0.04,0,-1,-1,-1,2.358,0.915,7.402,189,8,32,63,0,199,69,0,44,1,63,0,255,77,8,198,69,12,5,141,125,20,49,192,180,4,137,193,243,171,191,27,226,63,0,87,190,68,27,63,0,49,201,65,255,77,12,141,156,141,160,0,0,0,255,214,16,201,115,243,255,69,12,145,1.0,1.0,2.0,2.0,-1,1,13.0,0
0,0,0,0,0,0,0,0,0,4128768,4096,4,0,155648,24576,4096,36864,0,1048576,4096,4096,0,1,0.0,1,1,1,1,1,1,0,1,1,1,1,0,0.152,0,1,0.152,0.152,0,-1,-1,-1,2.019,1.988,7.887,189,8,106,63,0,199,69,0,44,1,63,0,255,77,8,198,69,12,5,141,125,20,49,192,180,4,137,193,243,171,191,214,177,63,0,87,190,103,102,63,0,49,201,65,255,77,12,141,156,141,160,0,0,0,255,214,16,201,115,243,255,69,12,145,1.0,1.0,2.0,2.0,-1,1,21.0,0
1,0,1,0,0,0,0,1,0,16646144,4096,6,1,331776,88576,4096,19968,0,262144,8192,4096,0,1,0.0,1,1,1,1,1,1,0,1,1,1,1,0,0.109,0,1,0.109,0.109,0,-1,-1,-1,2.561,1.464,7.953,189,8,154,254,0,199,69,0,44,1,254,0,255,77,8,198,69,12,5,141,125,20,49,192,180,4,137,193,243,171,191,60,214,254,0,87,190,206,152,254,0,49,201,65,255,77,12,141,156,141,160,0,0,0,255,214,16,201,115,243,255,69,12,145,1.0,1.0,2.0,2.0,98.0,1,7.0,0
1,0,1,0,0,0,0,1,0,16711680,4096,6,1,159744,36864,4096,13312,0,262144,8192,4096,0,1,0.0,1,1,1,1,1,1,0,1,1,1,1,0,0.114,0,1,0.114,0.114,0,-1,-1,-1,2.5,1.595,7.842,189,8,84,255,0,199,69,0,44,1,255,0,255,77,8,198,69,12,5,141,125,20,49,192,180,4,137,193,243,171,191,224,136,255,0,87,190,209,77,255,0,49,201,65,255,77,12,141,156,141,160,0,0,0,255,214,16,201,115,243,255,69,12,145,1.0,1.0,2.0,2.0,70.0,1,18.0,0
1,0,1,0,0,0,0,1,0,3932160,4096,6,0,655360,141824,4096,106496,0,1048576,4096,4096,0,1,0.0,1,1,1,1,1,1,0,1,1,1,1,0,0.124,0,1,0.124,0.124,0,-1,-1,-1,2.702,1.564,7.956,189,8,74,61,0,199,69,0,44,1,60,0,255,77,8,198,69,12,5,141,125,20,49,192,180,4,137,193,243,171,191,192,25,62,0,87,190,99,69,61,0,49,201,65,255,77,12,141,156,141,160,0,0,0,255,214,16,201,115,243,255,69,12,145,1.0,1.0,2.0,2.0,-1,1,13.0,0
0,0,1,0,0,0,0,1,0,4128768,4096,5,1,102400,6144,4096,7168,0,1048576,4096,4096,0,1,0.0,1,1,1,1,1,1,0,1,1,1,1,0,0.027,0,1,0.027,0.027,0,-1,-1,-1,2.429,0.803,6.865,189,8,26,63,0,199,69,0,44,1,63,0,255,77,8,198,69,12,5,141,125,20,49,192,180,4,137,193,243,171,191,185,243,63,0,87,190,7,22,63,0,49,201,65,255,77,12,141,156,141,160,0,0,0,255,214,16,201,115,243,255,69,12,145,1.0,1.0,2.0,2.0,-1,1,8.0,0
1,0,1,0,0,0,0,1,0,3866624,4096,6,0,860160,220672,4096,34304,0,262144,8192,4096,0,1,0.0,1,1,1,1,1,1,0,1,1,1,1,0,0.109,0,1,0.109,0.109,0,-1,-1,-1,2.621,1.387,7.954,189,8,122,60,0,199,69,0,44,1,59,0,255,77,8,198,69,12,5,141,125,20,49,192,180,4,137,193,243,171,191,159,245,60,0,87,190,101,116,60,0,49,201,65,255,77,12,141,156,141,160,0,0,0,255,214,16,201,115,243,255,69,12,145,1.0,1.0,2.0,2.0,108.0,1,24.0,0
0,0,0,0,0,0,0,0,0,4063232,4096,4,0,311296,61440,4096,50176,0,1048576,4096,4096,0,1,0.0,1,1,1,1,1,1,0,1,1,1,1,0,0.155,0,1,0.155,0.155,0,-1,-1,-1,1.997,1.858,7.761,189,8,202,62,0,199,69,0,44,1,62,0,255,77,8,198,69,12,5,141,125,20,49,192,180,4,137,193,243,171,191,10,51,63,0,87,190,64,182,62,0,49,201,65,255,77,12,141,156,141,160,0,0,0,255,214,16,201,115,243,255,69,12,145,1.0,1.0,2.0,2.0,-1,1,148.0,0
0,0,1,0,0,0,0,1,0,4063232,4096,5,1,262144,43520,4096,31232,0,1048576,4096,4096,0,1,0.0,1,1,1,1,1,1,0,1,1,1,1,0,0.112,0,1,0.112,0.112,0,-1,-1,-1,2.431,1.502,7.904,189,8,128,62,0,199,69,0,44,1,62,0,255,77,8,198,69,12,5,141,125,20,49,192,180,4,137,193,243,171,191,40,109,63,0,87,190,147,117,62,0,49,201,65,255,77,12,141,156,141,160,0,0,0,255,214,16,201,115,243,255,69,12,145,1.0,1.0,2.0,2.0,-1,1,10.0,0
1,0,1,0,1,0,0,1,0,4128768,8192,4,0,147456,27648,8192,6144,0,1048576,4096,8192,0,1,0.0,1,1,1,1,1,1,0,1,1,1,1,0,0.125,0,1,0.125,0.125,0,-1,-1,-1,2.291,1.966,7.651,189,8,98,63,0,199,69,0,44,1,63,0,255,77,8,198,69,12,5,141,125,20,49,192,180,4,137,193,243,171,191,210,176,63,0,87,190,54,79,63,0,49,201,65,255,77,12,141,156,141,160,0,0,0,255,214,16,201,115,243,255,69,12,145,1.0,1.0,2.0,2.0,2.0,1,25.0,0
0,0,0,0,0,0,0,0,0,4063232,4096,4,0,307200,62464,4096,36352,0,1048576,4096,4096,0,1,0.0,1,1,1,1,1,1,0,1,1,1,1,0,0.141,0,1,0.141,0.141,0,-1,-1,-1,2.299,1.65,7.514,189,8,182,62,0,199,69,0,44,1,62,0,255,77,8,198,69,12,5,141,125,20,49,192,180,4,137,193,243,171,191,157,47,63,0,87,190,233,148,62,0,49,201,65,255,77,12,141,156,141,160,0,0,0,255,214,16,201,115,243,255,69,12,145,1.0,1.0,2.0,2.0,-1,1,117.0,0
0,0,0,0,0,0,0,0,0,16711680,4096,5,0,135168,23552,4096,16384,0,262144,4096,4096,0,1,0.0,1,1,1,1,1,1,0,1,1,1,1,0,0.079,0,1,0.079,0.079,0,-1,-1,-1,2.501,1.298,7.866,189,8,56,255,0,199,69,0,212,0,255,0,255,77,8,198,69,12,5,141,125,20,49,192,180,4,137,193,243,171,191,12,182,255,0,87,190,50,54,255,0,49,201,65,255,77,12,141,156,141,160,0,0,0,255,214,16,201,115,243,255,69,12,145,1.0,1.0,2.0,2.0,-1,1,-1,0
1,0,1,0,0,0,0,1,0,4063232,4096,5,1,344064,68096,4096,66048,0,1048576,4096,4096,0,1,0.0,1,1,1,1,1,1,0,1,1,1,1,0,0.127,0,1,0.127,0.127,0,-1,-1,-1,2.469,1.643,7.947,189,8,184,62,0,199,69,0,44,1,62,0,255,77,8,198,69,12,5,141,125,20,49,192,180,4,137,193,243,171,191,240,24,63,0,87,190,231,179,62,0,49,201,65,255,77,12,141,156,141,160,0,0,0,255,214,16,201,115,243,255,69,12,145,1.0,1.0,2.0,2.0,-1,1,13.0,0
0,0,1,0,1,0,0,0,0,4128768,8192,4,0,114688,12288,8192,8192,0,1048576,4096,8192,0,1,0.0,1,1,1,1,1,1,0,1,1,1,1,0,0.01,0,1,0.01,0.01,0,-1,-1,-1,2.233,0.955,5.541,189,8,36,63,0,199,69,0,44,1,63,0,255,77,8,198,69,12,5,141,125,20,49,192,180,4,137,193,243,171,191,152,241,63,0,87,190,241,32,63,0,49,201,65,255,77,12,141,156,141,160,0,0,0,255,214,16,201,115,243,255,69,12,145,1.0,1.0,2.0,2.0,2.0,1,13.0,0
0,0,1,0,0,0,0,1,0,268369920,4096,5,0,167936,44032,4096,4608,0,1048576,8192,4096,0,1,0.0,1,1,1,1,1,1,0,1,1,1,1,0,0.113,0,1,0.113,0.113,0,-1,-1,-1,2.363,1.582,7.888,189,8,88,255,15,199,69,0,44,1,255,15,255,77,8,198,69,12,5,141,125,20,49,192,180,4,137,193,243,171,191,187,112,255,15,87,190,82,82,255,15,49,201,65,255,77,12,141,156,141,160,0,0,0,255,214,16,201,115,243,255,69,12,145,1.0,1.0,2.0,2.0,97.0,1,24.0,0
1,0,1,0,1,0,0,1,0,4128768,8192,4,0,114688,4096,8192,17408,0,1048576,4096,8192,0,1,0.0,1,1,1,1,1,1,0,1,1,1,1,0,0.163,0,1,0.163,0.163,0,-1,-1,-1,2.359,1.61,5.607,189,8,98,63,0,199,69,0,44,1,63,0,255,77,8,198,69,12,5,141,125,20,49,192,180,4,137,193,243,171,191,70,13,64,0,87,190,241,32,63,0,49,201,65,255,77,12,141,156,141,160,0,0,0,255,214,16,201,115,243,255,69,12,145,1.0,1.0,2.0,2.0,2.0,1,33.0,0
1,0,1,0,1,0,0,0,0,4128768,4096,4,0,167936,16384,4096,22016,36352,2097152,4096,4096,0,1,0.0,1,1,1,1,1,1,0,1,1,1,1,0,0.135,0,1,0.135,0.135,0,-1,-1,-1,2.186,1.246,5.196,189,8,102,63,0,199,69,0,44,1,63,0,255,77,8,198,69,12,5,141,125,20,49,192,180,4,137,193,243,171,191,30,211,63,0,87,190,123,36,63,0,49,201,65,255,77,12,141,156,141,160,0,0,0,255,214,16,201,115,243,255,69,12,145,1.0,1.0,2.0,2.0,-1,1,69.0,0
0,0,0,0,0,0,0,1,0,3801088,4096,5,0,1142784,206848,4096,253440,0,1048576,4096,4096,0,1,0.0,1,1,1,1,1,1,0,1,1,1,1,0,0.161,0,1,0.161,0.161,0,-1,-1,-1,2.563,1.909,7.931,189,8,220,60,0,199,69,0,44,1,58,0,255,77,8,198,69,12,5,141,125,20,49,192,180,4,137,193,243,171,191,38,43,61,0,87,190,156,192,60,0,49,201,65,255,77,12,141,156,141,160,0,0,0,255,214,16,201,115,243,255,69,12,145,1.0,1.0,2.0,2.0,-1,1,175.0,0
0,0,0,0,0,0,0,0,0,4063232,4096,4,0,278528,49152,4096,45056,0,1048576,4096,4096,0,1,0.0,1,1,1,1,1,1,0,1,1,1,1,0,0.124,0,1,0.124,0.124,0,-1,-1,-1,2.354,1.588,7.795,189,8,148,62,0,199,69,0,44,1,62,0,255,77,8,198,69,12,5,141,125,20,49,192,180,4,137,193,243,171,191,221,89,63,0,87,190,213,131,62,0,49,201,65,255,77,12,141,156,141,160,0,0,0,255,214,16,201,115,243,255,69,12,145,1.0,1.0,2.0,2.0,-1,1,40.0,0
1,0,1,0,0,0,0,1,0,4063232,4096,6,3,258048,48640,4096,23040,0,262144,8192,4096,0,1,0.0,1,1,1,1,1,1,0,1,1,1,1,0,0.087,0,1,0.087,0.087,0,-1,-1,-1,2.45,1.251,7.91,189,8,102,62,0,199,69,0,44,1,62,0,255,77,8,198,69,12,5,141,125,20,49,192,180,4,137,193,243,171,191,248,92,63,0,87,190,6,96,62,0,49,201,65,255,77,12,141,156,141,160,0,0,0,255,214,16,201,115,243,255,69,12,145,1.0,1.0,2.0,2.0,-1,1,13.0,0
1,0,1,0,0,0,0,1,0,16711680,4096,6,1,126976,19968,4096,13824,0,262144,8192,4096,0,1,0.0,1,1,1,1,1,1,0,1,1,1,1,0,0.063,0,1,0.063,0.063,0,-1,-1,-1,2.525,1.106,7.639,189,8,46,255,0,199,69,0,44,1,255,0,255,77,8,198,69,12,5,141,125,20,49,192,180,4,137,193,243,171,191,75,199,255,0,87,190,88,40,255,0,49,201,65,255,77,12,141,156,141,160,0,0,0,255,214,16,201,115,243,255,69,12,145,1.0,1.0,2.0,2.0,88.0,1,18.0,0
1,0,1,0,0,1,0,1,0,3604480,151552,5,1,1536000,403968,4096,150528,0,1048576,4096,4096,0,1,0.0,1,1,1,1,1,1,0,1,1,1,1,0,0.146,0,1,0.146,0.146,0,-1,-1,-1,2.604,1.755,7.933,189,8,120,58,0,199,69,0,44,1,55,0,255,77,8,198,69,12,5,141,125,20,49,192,180,4,137,193,243,171,191,94,149,58,0,87,190,53,101,58,0,49,201,65,255,77,12,141,156,141,160,0,0,0,255,214,16,201,115,243,255,69,12,145,1.0,1.0,2.0,2.0,-1,1,39.0,0
1,0,1,0,0,0,0,1,0,4063232,4096,5,1,364544,75264,4096,72192,0,1048576,4096,4096,0,1,0.0,1,1,1,1,1,1,0,1,1,1,1,0,0.137,0,1,0.137,0.137,0,-1,-1,-1,2.456,1.743,7.951,189,8,208,62,0,199,69,0,44,1,62,0,255,77,8,198,69,12,5,141,125,20,49,192,180,4,137,193,243,171,191,149,252,62,0,87,190,241,203,62,0,49,201,65,255,77,12,141,156,141,160,0,0,0,255,214,16,201,115,243,255,69,12,145,1.0,1.0,2.0,2.0,-1,1,13.0,0
1,0,1,0,0,0,0,1,0,2555904,4096,5,1,5177344,763904,4096,1943552,0,1048576,4096,4096,0,1,0.0,1,1,1,1,1,1,0,1,1,1,1,0,0.193,0,1,0.193,0.193,0,-1,-1,-1,2.784,2.156,7.823,189,8,72,54,0,199,69,0,44,1,39,0,255,77,8,198,69,12,5,141,125,20,49,192,180,4,137,193,243,171,191,71,224,53,0,87,190,75,220,52,0,49,201,65,255,77,12,141,156,141,160,0,0,0,255,214,16,201,115,243,255,69,12,145,1.0,1.0,2.0,2.0,539.0,1,528.0,0
1,0,1,0,0,0,0,1,0,4128768,4096,5,1,167936,29184,4096,27136,0,1048576,4096,4096,0,1,0.0,1,1,1,1,1,1,0,1,1,1,1,0,0.131,0,1,0.131,0.131,0,-1,-1,-1,2.473,1.628,7.156,189,8,100,63,0,199,69,0,44,1,63,0,255,77,8,198,69,12,5,141,125,20,49,192,180,4,137,193,243,171,191,12,165,63,0,87,190,115,78,63,0,49,201,65,255,77,12,141,156,141,160,0,0,0,255,214,16,201,115,243,255,69,12,145,1.0,1.0,2.0,2.0,-1,1,25.0,0
1,0,1,0,0,0,0,1,0,16646144,4096,6,1,266240,60928,4096,10240,0,262144,8192,4096,0,1,0.0,1,1,1,1,1,1,0,1,1,1,1,0,0.083,0,1,0.083,0.083,0,-1,-1,-1,2.554,1.189,7.885,189,8,100,254,0,199,69,0,44,1,254,0,255,77,8,198,69,12,5,141,125,20,49,192,180,4,137,193,243,171,191,34,65,255,0,87,190,7,94,254,0,49,201,65,255,77,12,141,156,141,160,0,0,0,255,214,16,201,115,243,255,69,12,145,1.0,1.0,2.0,2.0,103.0,1,13.0,0
1,0,1,0,0,0,0,1,0,16449536,4096,6,1,937984,247808,4096,116736,0,262144,8192,4096,0,1,0.0,1,1,1,1,1,1,0,1,1,1,1,0,0.085,0,1,0.085,0.085,0,-1,-1,-1,2.694,1.132,7.962,189,8,70,252,0,199,69,0,44,1,251,0,255,77,8,198,69,12,5,141,125,20,49,192,180,4,137,193,243,171,191,206,127,252,0,87,190,17,65,252,0,49,201,65,255,77,12,141,156,141,160,0,0,0,255,214,16,201,115,243,255,69,12,145,1.0,1.0,2.0,2.0,188.0,1,18.0,0
1,0,1,0,1,0,0,0,0,4128768,4096,4,0,167936,16384,4096,22016,36352,2097152,4096,4096,0,1,0.0,1,1,1,1,1,1,0,1,1,1,1,0,0.135,0,1,0.135,0.135,0,-1,-1,-1,2.258,1.249,5.21,189,8,102,63,0,199,69,0,44,1,63,0,255,77,8,198,69,12,5,141,125,20,49,192,180,4,137,193,243,171,191,30,211,63,0,87,190,124,36,63,0,49,201,65,255,77,12,141,156,141,160,0,0,0,255,214,16,201,115,243,255,69,12,145,1.0,1.0,2.0,2.0,-1,1,69.0,0
1,0,1,0,0,0,0,1,0,16646144,4096,6,1,368640,43008,4096,140288,0,262144,69632,4096,0,1,0.0,1,1,1,1,1,1,0,1,1,1,1,0,0.369,0,1,0.369,0.369,0,-1,-1,-1,2.652,3.529,7.44,189,8,28,0,1,199,69,0,44,1,254,0,255,77,8,198,69,12,5,141,125,20,49,192,180,4,137,193,243,171,191,26,116,255,0,87,190,171,130,254,0,49,201,65,255,77,12,141,156,141,160,0,0,0,255,214,16,201,115,243,255,69,12,145,1.0,1.0,2.0,2.0,256.0,1,83.0,0
1,0,1,0,1,0,0,0,0,4128768,4096,4,0,167936,16384,4096,22016,36352,2097152,4096,4096,0,1,0.0,1,1,1,1,1,1,0,1,1,1,1,0,0.135,0,1,0.135,0.135,0,-1,-1,-1,2.258,1.249,5.207,189,8,102,63,0,199,69,0,44,1,63,0,255,77,8,198,69,12,5,141,125,20,49,192,180,4,137,193,243,171,191,30,211,63,0,87,190,124,36,63,0,49,201,65,255,77,12,141,156,141,160,0,0,0,255,214,16,201,115,243,255,69,12,145,1.0,1.0,2.0,2.0,-1,1,69.0,0
0,0,0,0,0,0,0,0,0,3997696,4096,4,0,548864,94208,4096,163840,0,1048576,4096,4096,0,1,0.0,1,1,1,1,1,1,0,1,1,1,1,0,0.144,0,1,0.144,0.144,0,-1,-1,-1,2.414,1.624,7.445,189,8,66,62,0,199,69,0,44,1,61,0,255,77,8,198,69,12,5,141,125,20,49,192,180,4,137,193,243,171,191,163,182,62,0,87,190,136,10,62,0,49,201,65,255,77,12,141,156,141,160,0,0,0,255,214,16,201,115,243,255,69,12,145,1.0,1.0,2.0,2.0,-1,1,138.0,0
0,0,0,0,0,0,0,0,0,3932160,4096,4,0,643072,155648,4096,82432,0,1048576,4096,4096,0,1,0.0,1,1,1,1,1,1,0,1,1,1,1,0,0.142,0,1,0.142,0.142,0,-1,-1,-1,2.224,1.609,7.491,189,8,112,61,0,199,69,0,44,1,60,0,255,77,8,198,69,12,5,141,125,20,49,192,180,4,137,193,243,171,191,101,22,62,0,87,190,168,42,61,0,49,201,65,255,77,12,141,156,141,160,0,0,0,255,214,16,201,115,243,255,69,12,145,1.0,1.0,2.0,2.0,-1,1,198.0,0
1,0,1,0,0,0,0,1,0,4128768,4096,5,0,110592,3584,4096,26112,0,1048576,4096,4096,0,1,0.0,1,1,1,1,1,1,0,1,1,1,1,0,0.19,0,1,0.19,0.19,0,-1,-1,-1,2.398,1.62,4.929,189,8,94,63,0,199,69,0,44,1,63,0,255,77,8,198,69,12,5,141,125,20,49,192,180,4,137,193,243,171,191,60,251,63,0,87,190,241,16,63,0,49,201,65,255,77,12,141,156,141,160,0,0,0,255,214,16,201,115,243,255,69,12,145,1.0,1.0,2.0,2.0,18.0,1,42.0,0
1,0,1,0,0,0,0,1,0,4063232,4096,5,0,327680,66048,4096,43008,0,1048576,4096,4096,0,1,0.0,1,1,1,1,1,1,0,1,1,1,1,0,0.141,0,1,0.141,0.141,0,-1,-1,-1,2.532,1.704,7.647,189,8,192,62,0,199,69,0,44,1,62,0,255,77,8,198,69,12,5,141,125,20,49,192,180,4,137,193,243,171,191,183,23,63,0,87,190,66,164,62,0,49,201,65,255,77,12,141,156,141,160,0,0,0,255,214,16,201,115,243,255,69,12,145,1.0,1.0,2.0,2.0,-1,1,73.0,0
1,0,1,0,0,0,0,1,0,3866624,4096,5,1,1052672,90112,4096,542720,0,1048576,4096,4096,0,1,0.0,1,1,1,1,1,1,0,1,1,1,1,0,0.214,0,1,0.214,0.214,0,-1,-1,-1,2.641,2.466,7.965,189,8,124,62,0,199,69,0,44,1,59,0,255,77,8,198,69,12,5,141,125,20,49,192,180,4,137,193,243,171,191,165,202,62,0,87,190,53,119,62,0,49,201,65,255,77,12,141,156,141,160,0,0,0,255,214,16,201,115,243,255,69,12,145,1.0,1.0,2.0,2.0,156.0,1,26.0,0
1,0,1,0,0,0,0,1,0,4063232,4096,5,1,344064,67584,4096,66048,0,1048576,4096,4096,0,1,0.0,1,1,1,1,1,1,0,1,1,1,1,0,0.126,0,1,0.126,0.126,0,-1,-1,-1,2.462,1.627,7.944,189,8,182,62,0,199,69,0,44,1,62,0,255,77,8,198,69,12,5,141,125,20,49,192,180,4,137,193,243,171,191,112,26,63,0,87,190,159,177,62,0,49,201,65,255,77,12,141,156,141,160,0,0,0,255,214,16,201,115,243,255,69,12,145,1.0,1.0,2.0,2.0,-1,1,13.0,0
1,0,1,0,1,0,0,0,0,4128768,4096,4,0,167936,16384,4096,22016,36352,2097152,4096,4096,0,1,0.0,1,1,1,1,1,1,0,1,1,1,1,0,0.135,0,1,0.135,0.135,0,-1,-1,-1,2.207,1.248,5.203,189,8,102,63,0,199,69,0,44,1,63,0,255,77,8,198,69,12,5,141,125,20,49,192,180,4,137,193,243,171,191,30,211,63,0,87,190,123,36,63,0,49,201,65,255,77,12,141,156,141,160,0,0,0,255,214,16,201,115,243,255,69,12,145,1.0,1.0,2.0,2.0,-1,1,69.0,0
0,0,0,0,0,0,0,1,0,4128768,4096,5,0,106496,10240,4096,7168,0,1048576,4096,4096,0,1,0.0,1,1,1,1,1,1,0,1,1,1,1,0,0.045,0,1,0.045,0.045,0,-1,-1,-1,2.245,0.966,7.357,189,8,34,63,0,199,69,0,44,1,63,0,255,77,8,198,69,12,5,141,125,20,49,192,180,4,137,193,243,171,191,152,228,63,0,87,190,220,28,63,0,49,201,65,255,77,12,141,156,141,160,0,0,0,255,214,16,201,115,243,255,69,12,145,1.0,1.0,2.0,2.0,-1,1,8.0,0
0,0,0,0,0,0,0,0,0,4128768,4096,4,0,155648,24576,4096,32768,0,1048576,4096,4096,0,1,0.0,1,1,1,1,1,1,0,1,1,1,1,0,0.156,0,1,0.156,0.156,0,-1,-1,-1,2.106,2.045,7.93,189,8,108,63,0,199,69,0,44,1,63,0,255,77,8,198,69,12,5,141,125,20,49,192,180,4,137,193,243,171,191,165,177,63,0,87,190,75,104,63,0,49,201,65,255,77,12,141,156,141,160,0,0,0,255,214,16,201,115,243,255,69,12,145,1.0,1.0,2.0,2.0,-1,1,27.0,0
1,0,1,0,0,0,0,1,0,4063232,4096,6,3,278528,55808,4096,24576,0,262144,8192,4096,0,1,0.0,1,1,1,1,1,1,0,1,1,1,1,0,0.092,0,1,0.092,0.092,0,-1,-1,-1,2.463,1.3,7.926,189,8,114,62,0,199,69,0,44,1,62,0,255,77,8,198,69,12,5,141,125,20,49,192,180,4,137,193,243,171,191,164,67,63,0,87,190,49,108,62,0,49,201,65,255,77,12,141,156,141,160,0,0,0,255,214,16,201,115,243,255,69,12,145,1.0,1.0,2.0,2.0,-1,1,13.0,0
0,0,0,0,0,0,0,0,0,4063232,4096,4,0,389120,73216,4096,48640,0,1048576,4096,4096,0,1,0.0,1,1,1,1,1,1,0,1,1,1,1,0,0.136,0,1,0.136,0.136,0,-1,-1,-1,2.339,1.642,7.693,189,8,220,62,0,199,69,0,44,1,62,0,255,77,8,198,69,12,5,141,125,20,49,192,180,4,137,193,243,171,191,3,14,63,0,87,190,77,185,62,0,49,201,65,255,77,12,141,156,141,160,0,0,0,255,214,16,201,115,243,255,69,12,145,1.0,1.0,2.0,2.0,-1,1,123.0,0
1,0,1,0,1,0,0,1,0,4128768,8192,4,0,131072,8192,8192,27648,0,1048576,4096,8192,0,1,0.0,1,1,1,1,1,1,0,1,1,1,1,0,0.235,0,1,0.235,0.235,0,-1,-1,-1,2.232,2.254,5.838,189,8,138,63,0,199,69,0,44,1,63,0,255,77,8,198,69,12,5,141,125,20,49,192,180,4,137,193,243,171,191,166,254,63,0,87,190,241,32,63,0,49,201,65,255,77,12,141,156,141,160,0,0,0,255,214,16,201,115,243,255,69,12,145,1.0,1.0,2.0,2.0,2.0,1,57.0,0
0,0,0,0,0,0,0,0,0,4128768,4096,4,0,319488,23040,4096,28160,190976,2097152,4096,4096,0,1,0.0,1,1,1,1,1,1,0,1,1,1,1,0,0.025,0,1,0.025,0.025,0,-1,-1,-1,2.635,0.498,7.76,189,8,46,63,0,199,69,0,212,0,63,0,255,77,8,198,69,12,5,141,125,20,49,192,180,4,137,193,243,171,191,109,191,63,0,87,190,178,43,63,0,49,201,65,255,77,12,141,156,141,160,0,0,0,255,214,16,201,115,243,255,69,12,145,1.0,1.0,2.0,2.0,-1,1,-1,0
0,0,0,0,0,0,0,0,0,2490368,4096,4,0,4554752,1332224,4096,321536,0,1048576,4096,4096,0,1,0.0,1,1,1,1,1,1,0,1,1,1,1,0,0.112,0,1,0.112,0.112,0,-1,-1,-1,2.356,1.356,7.866,189,8,212,45,0,199,69,0,44,1,38,0,255,77,8,198,69,12,5,141,125,20,49,192,180,4,137,193,243,171,191,91,16,46,0,87,190,255,89,45,0,49,201,65,255,77,12,141,156,141,160,0,0,0,255,214,16,201,115,243,255,69,12,145,1.0,1.0,2.0,2.0,-1,1,96.0,0
1,0,1,0,0,0,0,1,0,16711680,4096,6,1,118784,17920,4096,6144,0,262144,8192,4096,0,1,0.0,1,1,1,1,1,1,0,1,1,1,1,0,0.063,0,1,0.063,0.063,0,-1,-1,-1,2.489,1.152,7.752,189,8,44,255,0,199,69,0,44,1,255,0,255,77,8,198,69,12,5,141,125,20,49,192,180,4,137,193,243,171,191,76,203,255,0,87,190,84,39,255,0,49,201,65,255,77,12,141,156,141,160,0,0,0,255,214,16,201,115,243,255,69,12,145,1.0,1.0,2.0,2.0,80.0,1,18.0,0
0,0,0,0,0,0,0,0,0,4063232,4096,4,0,241664,49152,4096,12288,0,1048576,4096,4096,0,1,0.0,1,1,1,1,1,1,0,1,1,1,1,0,0.095,0,1,0.095,0.095,0,-1,-1,-1,2.49,1.361,7.955,189,8,104,62,0,199,69,0,212,0,62,0,255,77,8,198,69,12,5,141,125,20,49,192,180,4,137,193,243,171,191,149,96,63,0,87,190,23,103,62,0,49,201,65,255,77,12,141,156,141,160,0,0,0,255,214,16,201,115,243,255,69,12,145,1.0,1.0,2.0,2.0,-1,1,-1,0
0,0,1,0,0,0,0,1,0,3997696,4096,5,1,483328,99840,4096,81920,0,1048576,4096,4096,0,1,0.0,1,1,1,1,1,1,0,1,1,1,1,0,0.119,0,1,0.119,0.119,0,-1,-1,-1,2.488,1.543,7.959,189,8,238,61,0,199,69,0,44,1,61,0,255,77,8,198,69,12,5,141,125,20,49,192,180,4,137,193,243,171,191,131,179,62,0,87,190,244,234,61,0,49,201,65,255,77,12,141,156,141,160,0,0,0,255,214,16,201,115,243,255,69,12,145,1.0,1.0,2.0,2.0,-1,1,13.0,0
0,0,1,0,1,0,0,0,0,4128768,8192,4,0,106496,7168,8192,2048,0,1048576,4096,8192,0,1,0.0,1,1,1,1,1,1,0,1,1,1,1,0,0.011,0,1,0.011,0.011,0,-1,-1,-1,2.202,0.879,5.485,189,8,36,63,0,199,69,0,44,1,63,0,255,77,8,198,69,12,5,141,125,20,49,192,180,4,137,193,243,171,191,221,1,64,0,87,190,241,32,63,0,49,201,65,255,77,12,141,156,141,160,0,0,0,255,214,16,201,115,243,255,69,12,145,1.0,1.0,2.0,2.0,2.0,1,13.0,0
1,0,1,0,0,0,0,1,0,4128768,4096,5,0,110592,3072,4096,26112,0,1048576,4096,4096,0,1,0.0,1,1,1,1,1,1,0,1,1,1,1,0,0.191,0,1,0.191,0.191,0,-1,-1,-1,2.392,1.425,4.049,189,8,94,63,0,199,69,0,44,1,63,0,255,77,8,198,69,12,5,141,125,20,49,192,180,4,137,193,243,171,191,219,252,63,0,87,190,241,16,63,0,49,201,65,255,77,12,141,156,141,160,0,0,0,255,214,16,201,115,243,255,69,12,145,1.0,1.0,2.0,2.0,21.0,1,42.0,0
1,0,1,0,0,0,0,1,0,16711680,4096,6,1,102400,9216,4096,3584,0,262144,8192,4096,0,1,0.0,1,1,1,1,1,1,0,1,1,1,1,0,0.021,0,1,0.021,0.021,0,-1,-1,-1,2.388,0.721,6.397,189,8,24,255,0,199,69,0,44,1,255,0,255,77,8,198,69,12,5,141,125,20,49,192,180,4,137,193,243,171,191,117,236,255,0,87,190,56,21,255,0,49,201,65,255,77,12,141,156,141,160,0,0,0,255,214,16,201,115,243,255,69,12,145,1.0,1.0,2.0,2.0,50.0,1,7.0,0
0,0,0,0,0,0,0,0,0,4063232,4096,4,0,311296,65536,4096,43008,0,1048576,4096,4096,0,1,0.0,1,1,1,1,1,1,0,1,1,1,1,0,0.138,0,1,0.138,0.138,0,-1,-1,-1,2.272,1.629,7.559,189,8,180,62,0,199,69,0,44,1,62,0,255,77,8,198,69,12,5,141,125,20,49,192,180,4,137,193,243,171,191,213,41,63,0,87,190,222,148,62,0,49,201,65,255,77,12,141,156,141,160,0,0,0,255,214,16,201,115,243,255,69,12,145,1.0,1.0,2.0,2.0,-1,1,149.0,0
1,0,1,0,0,0,0,1,0,16711680,4096,6,1,114688,14848,4096,10752,0,262144,8192,4096,0,1,0.0,1,1,1,1,1,1,0,1,1,1,1,0,0.056,0,1,0.056,0.056,0,-1,-1,-1,2.49,1.069,7.587,189,8,40,255,0,199,69,0,44,1,255,0,255,77,8,198,69,12,5,141,125,20,49,192,180,4,137,193,243,171,191,55,215,255,0,87,190,185,34,255,0,49,201,65,255,77,12,141,156,141,160,0,0,0,255,214,16,201,115,243,255,69,12,145,1.0,1.0,2.0,2.0,83.0,1,18.0,0
0,0,0,0,0,0,0,1,0,486473728,4096,5,0,110592,2560,4096,23552,0,2000000,4096,4096,0,1,0.0,1,1,1,1,1,1,0,1,1,1,1,0,0.209,0,1,0.209,0.209,0,-1,-1,-1,2.26,1.428,4.386,189,8,100,255,28,199,69,0,44,1,255,28,255,77,8,198,69,12,5,141,125,20,49,192,180,4,137,193,243,171,191,8,0,0,29,87,190,241,16,255,28,49,201,65,255,77,12,141,156,141,160,0,0,0,255,214,16,201,115,243,255,69,12,145,1.0,1.0,2.0,2.0,14.0,0,44.0,0
1,0,1,0,0,0,0,1,0,4063232,4096,5,1,331776,60928,4096,68608,0,1048576,4096,4096,0,1,0.0,1,1,1,1,1,1,0,1,1,1,1,0,0.128,0,1,0.128,0.128,0,-1,-1,-1,2.342,1.659,7.95,189,8,178,62,0,199,69,0,44,1,62,0,255,77,8,198,69,12,5,141,125,20,49,192,180,4,137,193,243,171,191,139,47,63,0,87,190,167,172,62,0,49,201,65,255,77,12,141,156,141,160,0,0,0,255,214,16,201,115,243,255,69,12,145,1.0,1.0,2.0,2.0,-1,1,21.0,0
1,0,1,0,0,0,0,1,0,16711680,4096,6,1,118784,18944,4096,8192,0,262144,8192,4096,0,1,0.0,1,1,1,1,1,1,0,1,1,1,1,0,0.063,0,1,0.063,0.063,0,-1,-1,-1,2.497,1.116,7.498,189,8,44,255,0,199,69,0,44,1,255,0,255,77,8,198,69,12,5,141,125,20,49,192,180,4,137,193,243,171,191,254,201,255,0,87,190,141,37,255,0,49,201,65,255,77,12,141,156,141,160,0,0,0,255,214,16,201,115,243,255,69,12,145,1.0,1.0,2.0,2.0,97.0,1,18.0,0
0,0,1,0,0,0,0,1,0,4063232,4096,5,1,364544,78336,4096,64512,0,1048576,4096,4096,0,1,0.0,1,1,1,1,1,1,0,1,1,1,1,0,0.135,0,1,0.135,0.135,0,-1,-1,-1,2.421,1.716,7.947,189,8,204,62,0,199,69,0,44,1,62,0,255,77,8,198,69,12,5,141,125,20,49,192,180,4,137,193,243,171,191,187,244,62,0,87,190,107,199,62,0,49,201,65,255,77,12,141,156,141,160,0,0,0,255,214,16,201,115,243,255,69,12,145,1.0,1.0,2.0,2.0,-1,1,13.0,0
1,0,1,0,0,0,0,1,0,16711680,4096,6,1,102400,9216,4096,3584,0,262144,8192,4096,0,1,0.0,1,1,1,1,1,1,0,1,1,1,1,0,0.032,0,1,0.032,0.032,0,-1,-1,-1,2.51,0.814,6.464,189,8,28,255,0,199,69,0,44,1,255,0,255,77,8,198,69,12,5,141,125,20,49,192,180,4,137,193,243,171,191,202,231,255,0,87,190,196,21,255,0,49,201,65,255,77,12,141,156,141,160,0,0,0,255,214,16,201,115,243,255,69,12,145,1.0,1.0,2.0,2.0,88.0,1,18.0,0
0,0,1,0,0,0,0,1,0,3997696,4096,5,1,540672,138240,4096,69632,0,1048576,4096,4096,0,1,0.0,1,1,1,1,1,1,0,1,1,1,1,0,0.124,0,1,0.124,0.124,0,-1,-1,-1,2.518,1.578,7.959,189,8,18,62,0,199,69,0,44,1,61,0,255,77,8,198,69,12,5,141,125,20,49,192,180,4,137,193,243,171,191,135,48,62,0,87,190,130,14,62,0,49,201,65,255,77,12,141,156,141,160,0,0,0,255,214,16,201,115,243,255,69,12,145,1.0,1.0,2.0,2.0,-1,1,13.0,0
1,0,1,0,0,0,0,1,0,16711680,4096,6,1,126976,24576,4096,5120,0,262144,8192,4096,0,1,0.0,1,1,1,1,1,1,0,1,1,1,1,0,0.076,0,1,0.076,0.076,0,-1,-1,-1,2.494,1.248,7.71,189,8,52,255,0,199,69,0,44,1,255,0,255,77,8,198,69,12,5,141,125,20,49,192,180,4,137,193,243,171,191,108,186,255,0,87,190,76,46,255,0,49,201,65,255,77,12,141,156,141,160,0,0,0,255,214,16,201,115,243,255,69,12,145,1.0,1.0,2.0,2.0,94.0,1,18.0,0
0,0,0,0,0,0,0,0,0,4063232,4096,4,0,319488,67584,4096,43520,0,1048576,4096,4096,0,1,0.0,1,1,1,1,1,1,0,1,1,1,1,0,0.145,0,1,0.145,0.145,0,-1,-1,-1,2.321,1.721,7.612,189,8,194,62,0,199,69,0,44,1,62,0,255,77,8,198,69,12,5,141,125,20,49,192,180,4,137,193,243,171,191,94,33,63,0,87,190,230,156,62,0,49,201,65,255,77,12,141,156,141,160,0,0,0,255,214,16,201,115,243,255,69,12,145,1.0,1.0,2.0,2.0,-1,1,150.0,0
0,0,0,0,0,0,0,0,0,4063232,4096,4,0,593920,52224,4096,14848,332800,2097152,4096,4096,0,1,0.0,1,1,1,1,1,1,0,1,1,1,1,0,0.046,0,1,0.046,0.046,0,-1,-1,-1,2.122,0.668,7.633,189,8,122,62,0,199,69,0,44,1,62,0,255,77,8,198,69,12,5,141,125,20,49,192,180,4,137,193,243,171,191,241,83,63,0,87,190,251,110,62,0,49,201,65,255,77,12,141,156,141,160,0,0,0,255,214,16,201,115,243,255,69,12,145,1.0,1.0,2.0,2.0,-1,1,19.0,0
0,0,0,0,1,0,0,0,0,4128768,4096,4,0,98304,3072,4096,15872,0,1048576,4096,4096,0,1,0.0,1,1,1,1,1,1,0,1,1,1,1,0,0.111,0,1,0.111,0.111,0,-1,-1,-1,2.019,1.16,5.1,189,8,56,63,0,199,69,0,44,1,63,0,255,77,8,198,69,12,5,141,125,20,49,192,180,4,137,193,243,171,191,214,255,63,0,87,190,241,16,63,0,49,201,65,255,77,12,141,156,141,160,0,0,0,255,214,16,201,115,243,255,69,12,145,1.0,1.0,2.0,2.0,40.0,1,35.0,0
1,0,1,0,0,0,0,1,0,16711680,4096,6,1,159744,4096,4096,72192,0,262144,8192,4096,0,1,0.0,1,1,1,1,1,1,0,1,1,1,1,0,0.45,0,1,0.45,0.45,0,-1,-1,-1,2.47,4.015,7.181,189,8,30,0,1,199,69,0,44,1,255,0,255,77,8,198,69,12,5,141,125,20,49,192,180,4,137,193,243,171,191,67,252,255,0,87,190,241,16,255,0,49,201,65,255,77,12,141,156,141,160,0,0,0,255,214,16,201,115,243,255,69,12,145,1.0,1.0,2.0,2.0,41.0,1,66.0,0
1,0,1,0,0,0,0,1,0,4128768,4096,5,1,167936,18432,4096,48128,0,1048576,4096,4096,0,1,0.0,1,1,1,1,1,1,0,1,1,1,1,0,0.207,0,1,0.207,0.207,0,-1,-1,-1,2.545,2.015,6.55,189,8,148,63,0,199,69,0,44,1,63,0,255,77,8,198,69,12,5,141,125,20,49,192,180,4,137,193,243,171,191,170,194,63,0,87,190,212,46,63,0,49,201,65,255,77,12,141,156,141,160,0,0,0,255,214,16,201,115,243,255,69,12,145,1.0,1.0,2.0,2.0,27.0,1,120.0,0
1,0,1,0,0,0,0,1,0,3997696,4096,5,1,499712,80384,4096,135680,0,1048576,4096,4096,0,1,0.0,1,1,1,1,1,1,0,1,1,1,1,0,0.159,0,1,0.159,0.159,0,-1,-1,-1,2.599,1.943,7.96,189,8,66,62,0,199,69,0,44,1,61,0,255,77,8,198,69,12,5,141,125,20,49,192,180,4,137,193,243,171,191,167,237,62,0,87,190,118,61,62,0,49,201,65,255,77,12,141,156,141,160,0,0,0,255,214,16,201,115,243,255,69,12,145,1.0,1.0,2.0,2.0,-1,1,21.0,0
0,0,1,0,0,0,0,1,0,3997696,4096,5,1,536576,137216,4096,66560,0,1048576,4096,4096,0,1,0.0,1,1,1,1,1,1,0,1,1,1,1,0,0.122,0,1,0.122,0.122,0,-1,-1,-1,2.527,1.564,7.96,189,8,12,62,0,199,69,0,44,1,61,0,255,77,8,198,69,12,5,141,125,20,49,192,180,4,137,193,243,171,191,109,53,62,0,87,190,18,9,62,0,49,201,65,255,77,12,141,156,141,160,0,0,0,255,214,16,201,115,243,255,69,12,145,1.0,1.0,2.0,2.0,-1,1,13.0,0
1,0,1,0,0,0,0,1,0,3932160,4096,5,1,864256,99840,4096,400896,0,1048576,4096,4096,0,1,0.0,1,1,1,1,1,1,0,1,1,1,1,0,0.136,0,1,0.136,0.136,0,-1,-1,-1,2.73,1.681,7.965,189,8,216,61,0,199,69,0,44,1,60,0,255,77,8,198,69,12,5,141,125,20,49,192,180,4,137,193,243,171,191,230,168,62,0,87,190,120,211,61,0,49,201,65,255,77,12,141,156,141,160,0,0,0,255,214,16,201,115,243,255,69,12,145,1.0,1.0,2.0,2.0,166.0,1,23.0,0
0,0,0,0,0,0,0,0,0,4128768,4096,4,0,196608,24576,4096,77824,0,1048576,4096,4096,0,1,0.0,1,1,1,1,1,1,0,1,1,1,1,0,0.136,0,1,0.136,0.136,0,-1,-1,-1,2.155,1.747,7.75,189,8,118,63,0,199,69,0,44,1,63,0,255,77,8,198,69,12,5,141,125,20,49,192,180,4,137,193,243,171,191,79,179,63,0,87,190,17,106,63,0,49,201,65,255,77,12,141,156,141,160,0,0,0,255,214,16,201,115,243,255,69,12,145,1.0,1.0,2.0,2.0,0.0,1,48.0,0
1,0,1,0,0,0,0,1,0,3997696,4096,5,1,450560,82432,4096,77824,0,1048576,4096,4096,0,1,0.0,1,1,1,1,1,1,0,1,1,1,1,0,0.125,0,1,0.125,0.125,0,-1,-1,-1,2.507,1.599,7.955,189,8,232,61,0,199,69,0,44,1,61,0,255,77,8,198,69,12,5,141,125,20,49,192,180,4,137,193,243,171,191,181,227,62,0,87,190,201,227,61,0,49,201,65,255,77,12,141,156,141,160,0,0,0,255,214,16,201,115,243,255,69,12,145,1.0,1.0,2.0,2.0,-1,1,13.0,0
1,0,1,0,0,0,0,1,0,16711680,4096,6,1,106496,11776,4096,4608,0,262144,8192,4096,0,1,0.0,1,1,1,1,1,1,0,1,1,1,1,0,0.036,0,1,0.036,0.036,0,-1,-1,-1,2.504,0.873,6.961,189,8,30,255,0,199,69,0,44,1,255,0,255,77,8,198,69,12,5,141,125,20,49,192,180,4,137,193,243,171,191,36,222,255,0,87,190,148,23,255,0,49,201,65,255,77,12,141,156,141,160,0,0,0,255,214,16,201,115,243,255,69,12,145,1.0,1.0,2.0,2.0,104.0,1,18.0,0
0,0,0,0,0,0,0,0,0,4128768,4096,4,0,176128,37888,4096,15872,3072,2097152,4096,4096,0,1,0.0,1,1,1,1,1,1,0,1,1,1,1,0,0.105,0,1,0.105,0.105,0,-1,-1,-1,2.717,1.511,7.929,189,8,86,63,0,199,69,0,212,0,63,0,255,77,8,198,69,12,5,141,125,20,49,192,180,4,137,193,243,171,191,253,137,63,0,87,190,90,84,63,0,49,201,65,255,77,12,141,156,141,160,0,0,0,255,214,16,201,115,243,255,69,12,145,1.0,1.0,2.0,2.0,-1,1,-1,0
1,0,1,0,0,0,0,1,0,16580608,4096,6,1,888832,99328,4096,487424,0,262144,8192,4096,0,1,0.0,1,1,1,1,1,1,0,1,1,1,1,0,0.596,0,1,0.596,0.596,0,-1,-1,-1,2.704,4.309,6.388,189,8,24,5,1,199,69,0,44,1,253,0,255,77,8,198,69,12,5,141,125,20,49,192,180,4,137,193,243,171,191,93,163,254,0,87,190,108,54,254,0,49,201,65,255,77,12,141,156,141,160,0,0,0,255,214,16,201,115,243,255,69,12,145,1.0,1.0,2.0,2.0,218.0,1,225.0,0
0,0,0,0,0,0,0,0,0,4063232,4096,4,0,294912,55808,4096,44032,0,1048576,4096,4096,0,1,0.0,1,1,1,1,1,1,0,1,1,1,1,0,0.155,0,1,0.155,0.155,0,-1,-1,-1,2.242,1.723,7.255,189,8,192,62,0,199,69,0,44,1,62,0,255,77,8,198,69,12,5,141,125,20,49,192,180,4,137,193,243,171,191,52,72,63,0,87,190,209,134,62,0,49,201,65,255,77,12,141,156,141,160,0,0,0,255,214,16,201,115,243,255,69,12,145,1.0,1.0,2.0,2.0,-1,1,150.0,0
0,0,0,0,0,0,0,0,0,4128768,4096,4,0,311296,23040,4096,120832,1024,1048576,4096,4096,0,1,0.0,1,1,1,1,1,1,0,1,1,1,1,0,0.131,0,1,0.131,0.131,0,-1,-1,-1,2.092,1.328,6.434,189,8,172,63,0,199,69,0,44,1,63,0,255,77,8,198,69,12,5,141,125,20,49,192,180,4,137,193,243,171,191,89,181,63,0,87,190,58,65,63,0,49,201,65,255,77,12,141,156,141,160,0,0,0,255,214,16,201,115,243,255,69,12,145,1.0,1.0,2.0,2.0,42.0,1,85.0,0
1,0,1,0,0,1,0,1,0,3866624,86016,5,1,794624,188416,4096,77312,0,1048576,4096,4096,0,1,0.0,1,1,1,1,1,1,0,1,1,1,1,0,0.139,0,1,0.139,0.139,0,-1,-1,-1,2.532,1.672,7.86,189,8,188,60,0,199,69,0,44,1,59,0,255,77,8,198,69,12,5,141,125,20,49,192,180,4,137,193,243,171,191,73,111,61,0,87,190,173,160,60,0,49,201,65,255,77,12,141,156,141,160,0,0,0,255,214,16,201,115,243,255,69,12,145,1.0,1.0,2.0,2.0,-1,1,71.0,0
1,0,1,0,0,0,0,1,0,2883584,4096,5,1,4694016,586240,4096,2263040,0,1048576,4096,4096,0,1,0.0,1,1,1,1,1,1,0,1,1,1,1,0,0.157,0,1,0.157,0.157,0,-1,-1,-1,2.777,1.872,7.968,189,8,70,55,0,199,69,0,44,1,44,0,255,77,8,198,69,12,5,141,125,20,49,192,180,4,137,193,243,171,191,214,29,56,0,87,190,38,64,55,0,49,201,65,255,77,12,141,156,141,160,0,0,0,255,214,16,201,115,243,255,69,12,145,1.0,1.0,2.0,2.0,279.0,1,41.0,0
1,0,1,0,0,0,0,1,0,3276800,4096,5,1,5541888,301056,4096,4031488,0,1048576,4096,4096,0,1,0.0,1,1,1,1,1,1,0,1,1,1,1,0,0.112,0,1,0.112,0.112,0,-1,-1,-1,2.755,1.387,7.945,189,8,140,59,0,199,69,0,44,1,50,0,255,77,8,198,69,12,5,141,125,20,49,192,180,4,137,193,243,171,191,22,219,59,0,87,190,37,77,59,0,49,201,65,255,77,12,141,156,141,160,0,0,0,255,214,16,201,115,243,255,69,12,145,1.0,1.0,2.0,2.0,341.0,1,259.0,0
0,0,1,0,1,0,0,0,0,4128768,8192,4,0,139264,24576,8192,8192,0,1048576,4096,8192,0,1,0.0,1,1,1,1,1,1,0,1,1,1,1,0,0.049,0,1,0.049,0.049,0,-1,-1,-1,2.283,1.281,7.568,189,8,56,63,0,199,69,0,44,1,63,0,255,77,8,198,69,12,5,141,125,20,49,192,180,4,137,193,243,171,191,19,202,63,0,87,190,175,51,63,0,49,201,65,255,77,12,141,156,141,160,0,0,0,255,214,16,201,115,243,255,69,12,145,1.0,1.0,2.0,2.0,2.0,1,13.0,0
0,0,1,0,0,0,0,1,0,3997696,4096,5,1,471040,97280,4096,73728,0,1048576,4096,4096,0,1,0.0,1,1,1,1,1,1,0,1,1,1,1,0,0.126,0,1,0.126,0.126,0,-1,-1,-1,2.502,1.606,7.955,189,8,244,61,0,199,69,0,44,1,61,0,255,77,8,198,69,12,5,141,125,20,49,192,180,4,137,193,243,171,191,131,176,62,0,87,190,90,240,61,0,49,201,65,255,77,12,141,156,141,160,0,0,0,255,214,16,201,115,243,255,69,12,145,1.0,1.0,2.0,2.0,-1,1,13.0,0
0,0,0,0,0,0,0,1,0,268369920,4096,5,0,126976,18944,4096,4096,0,1048576,8192,4096,0,1,0.0,1,1,1,1,1,1,0,1,1,1,1,0,0.055,0,1,0.055,0.055,0,-1,-1,-1,2.355,1.028,7.652,189,8,42,255,15,199,69,0,44,1,255,15,255,77,8,198,69,12,5,141,125,20,49,192,180,4,137,193,243,171,191,49,203,255,15,87,190,154,36,255,15,49,201,65,255,77,12,141,156,141,160,0,0,0,255,214,16,201,115,243,255,69,12,145,1.0,1.0,2.0,2.0,101.0,1,13.0,0
1,0,1,0,0,0,0,1,0,16711680,4096,6,1,122880,16896,4096,10240,0,262144,8192,4096,0,1,0.0,1,1,1,1,1,1,0,1,1,1,1,0,0.062,0,1,0.062,0.062,0,-1,-1,-1,2.483,1.122,7.666,189,8,44,255,0,199,69,0,44,1,255,0,255,77,8,198,69,12,5,141,125,20,49,192,180,4,137,193,243,171,191,222,208,255,0,87,190,196,38,255,0,49,201,65,255,77,12,141,156,141,160,0,0,0,255,214,16,201,115,243,255,69,12,145,1.0,1.0,2.0,2.0,92.0,1,18.0,0
1,0,1,0,0,0,0,1,0,4128768,4096,5,0,110592,3072,4096,26112,0,1048576,4096,4096,0,1,0.0,1,1,1,1,1,1,0,1,1,1,1,0,0.191,0,1,0.191,0.191,0,-1,-1,-1,2.412,1.277,3.34,189,8,94,63,0,199,69,0,44,1,63,0,255,77,8,198,69,12,5,141,125,20,49,192,180,4,137,193,243,171,191,225,252,63,0,87,190,241,16,63,0,49,201,65,255,77,12,141,156,141,160,0,0,0,255,214,16,201,115,243,255,69,12,145,1.0,1.0,2.0,2.0,0.0,0,42.0,0
0,0,0,0,0,0,0,0,0,3997696,4096,4,0,471040,69632,4096,126976,0,1048576,4096,4096,0,1,0.0,1,1,1,1,1,1,0,1,1,1,1,0,0.146,0,1,0.146,0.146,0,-1,-1,-1,2.345,1.816,7.961,189,8,24,62,0,199,69,0,44,1,61,0,255,77,8,198,69,12,5,141,125,20,49,192,180,4,137,193,243,171,191,245,26,63,0,87,190,121,21,62,0,49,201,65,255,77,12,141,156,141,160,0,0,0,255,214,16,201,115,243,255,69,12,145,1.0,1.0,2.0,2.0,-1,1,18.0,0
1,0,1,0,0,0,0,1,0,4128768,4096,5,1,172032,29696,4096,28160,0,1048576,4096,4096,0,1,0.0,1,1,1,1,1,1,0,1,1,1,1,0,0.14,0,1,0.14,0.14,0,-1,-1,-1,2.378,1.697,7.157,189,8,106,63,0,199,69,0,44,1,63,0,255,77,8,198,69,12,5,141,125,20,49,192,180,4,137,193,243,171,191,167,162,63,0,87,190,19,83,63,0,49,201,65,255,77,12,141,156,141,160,0,0,0,255,214,16,201,115,243,255,69,12,145,1.0,1.0,2.0,2.0,-1,1,25.0,0
1,0,1,0,0,1,0,1,0,3801088,106496,5,1,991232,244736,4096,100864,0,1048576,4096,4096,0,1,0.0,1,1,1,1,1,1,0,1,1,1,1,0,0.15,0,1,0.15,0.15,0,-1,-1,-1,2.528,1.795,7.912,189,8,80,60,0,199,69,0,44,1,58,0,255,77,8,198,69,12,5,141,125,20,49,192,180,4,137,193,243,171,191,253,166,60,0,87,190,91,55,60,0,49,201,65,255,77,12,141,156,141,160,0,0,0,255,214,16,201,115,243,255,69,12,145,1.0,1.0,2.0,2.0,-1,1,59.0,0
0,0,1,0,0,0,0,1,0,3932160,4096,5,1,864256,162304,4096,283648,0,1048576,4096,4096,0,1,0.0,1,1,1,1,1,1,0,1,1,1,1,0,0.091,0,1,0.091,0.091,0,-1,-1,-1,2.571,1.194,7.959,189,8,64,61,0,199,69,0,44,1,60,0,255,77,8,198,69,12,5,141,125,20,49,192,180,4,137,193,243,171,191,149,215,61,0,87,190,74,60,61,0,49,201,65,255,77,12,141,156,141,160,0,0,0,255,214,16,201,115,243,255,69,12,145,1.0,1.0,2.0,2.0,-1,1,13.0,0
0,0,0,0,0,0,0,0,0,4128768,4096,4,0,122880,12288,4096,28672,0,1048576,4096,4096,0,1,0.0,1,1,1,1,1,1,0,1,1,1,1,0,0.091,0,1,0.091,0.091,0,-1,-1,-1,2.054,1.249,6.414,189,8,58,63,0,199,69,0,44,1,63,0,255,77,8,198,69,12,5,141,125,20,49,192,180,4,137,193,243,171,191,241,224,63,0,87,190,82,34,63,0,49,201,65,255,77,12,141,156,141,160,0,0,0,255,214,16,201,115,243,255,69,12,145,1.0,1.0,2.0,2.0,-1,1,37.0,0
1,0,1,0,0,0,0,1,0,16711680,4096,6,1,118784,16384,4096,9728,0,262144,8192,4096,0,1,0.0,1,1,1,1,1,1,0,1,1,1,1,0,0.06,0,1,0.06,0.06,0,-1,-1,-1,2.483,1.126,7.749,189,8,42,255,0,199,69,0,44,1,255,0,255,77,8,198,69,12,5,141,125,20,49,192,180,4,137,193,243,171,191,5,210,255,0,87,190,141,37,255,0,49,201,65,255,77,12,141,156,141,160,0,0,0,255,214,16,201,115,243,255,69,12,145,1.0,1.0,2.0,2.0,92.0,1,18.0,0
1,0,1,0,1,0,0,1,0,4128768,4096,5,0,4345856,18432,4096,4231680,0,16384,16384,4096,0,1,0.0,1,1,1,1,1,1,0,1,1,1,1,0,0.002,0,1,0.002,0.002,0,-1,-1,-1,2.369,0.056,7.82,189,8,56,63,0,199,69,0,44,1,63,0,255,77,8,198,69,12,5,141,125,20,49,192,180,4,137,193,243,171,191,161,198,63,0,87,190,177,50,63,0,49,201,65,255,77,12,141,156,141,160,0,0,0,255,214,16,201,115,243,255,69,12,145,1.0,1.0,2.0,2.0,-1,1,13.0,0
1,0,1,0,1,0,0,0,0,4128768,8192,4,0,139264,24576,8192,8192,0,1048576,4096,8192,0,1,0.0,1,1,1,1,1,1,0,1,1,1,1,0,0.025,0,1,0.025,0.025,0,-1,-1,-1,2.35,1.042,7.291,189,8,44,63,0,199,69,0,44,1,63,0,255,77,8,198,69,12,5,141,125,20,49,192,180,4,137,193,243,171,191,168,206,63,0,87,190,174,41,63,0,49,201,65,255,77,12,141,156,141,160,0,0,0,255,214,16,201,115,243,255,69,12,145,1.0,1.0,2.0,2.0,2.0,1,7.0,0
1,0,1,0,1,0,0,1,0,4063232,4096,5,0,409600,48128,4096,171520,0,32768,32768,4096,0,1,0.0,1,1,1,1,1,1,0,1,1,1,1,0,0.073,0,1,0.073,0.073,0,-1,-1,-1,2.461,1.011,7.822,189,8,130,62,0,199,69,0,44,1,62,0,255,77,8,198,69,12,5,141,125,20,49,192,180,4,137,193,243,171,191,12,97,63,0,87,190,10,120,62,0,49,201,65,255,77,12,141,156,141,160,0,0,0,255,214,16,201,115,243,255,69,12,145,1.0,1.0,2.0,2.0,-1,1,29.0,0
0,0,1,0,0,0,0,1,0,4063232,4096,5,1,360448,75776,4096,71168,0,1048576,4096,4096,0,1,0.0,1,1,1,1,1,1,0,1,1,1,1,0,0.134,0,1,0.134,0.134,0,-1,-1,-1,2.475,1.711,7.942,189,8,202,62,0,199,69,0,44,1,62,0,255,77,8,198,69,12,5,141,125,20,49,192,180,4,137,193,243,171,191,46,254,62,0,87,190,123,197,62,0,49,201,65,255,77,12,141,156,141,160,0,0,0,255,214,16,201,115,243,255,69,12,145,1.0,1.0,2.0,2.0,-1,1,13.0,0
0,0,0,0,0,0,0,0,0,4063232,4096,4,0,253952,45056,4096,32768,0,1048576,4096,4096,0,1,0.0,1,1,1,1,1,1,0,1,1,1,1,0,0.111,0,1,0.111,0.111,0,-1,-1,-1,1.98,1.411,7.607,189,8,124,62,0,199,69,0,44,1,62,0,255,77,8,198,69,12,5,141,125,20,49,192,180,4,137,193,243,171,191,90,113,63,0,87,190,163,107,62,0,49,201,65,255,77,12,141,156,141,160,0,0,0,255,214,16,201,115,243,255,69,12,145,1.0,1.0,2.0,2.0,-1,1,111.0,0
1,0,1,0,0,0,0,1,0,16646144,4096,6,1,397312,39936,4096,179712,0,262144,8192,4096,0,1,0.0,1,1,1,1,1,1,0,1,1,1,1,0,0.298,0,1,0.298,0.298,0,-1,-1,-1,2.646,2.579,6.6,189,8,216,255,0,199,69,0,44,1,254,0,255,77,8,198,69,12,5,141,125,20,49,192,180,4,137,193,243,171,191,191,127,255,0,87,190,173,247,254,0,49,201,65,255,77,12,141,156,141,160,0,0,0,255,214,16,201,115,243,255,69,12,145,1.0,1.0,2.0,2.0,194.0,1,152.0,0
0,0,0,0,0,0,0,0,0,4128768,4096,4,0,135168,19456,4096,16384,512,2097152,4096,4096,0,1,0.0,1,1,1,1,1,1,0,1,1,1,1,0,0.076,0,1,0.076,0.076,0,-1,-1,-1,2.684,1.274,7.891,189,8,54,63,0,199,69,0,212,0,63,0,255,77,8,198,69,12,5,141,125,20,49,192,180,4,137,193,243,171,191,248,205,63,0,87,190,168,52,63,0,49,201,65,255,77,12,141,156,141,160,0,0,0,255,214,16,201,115,243,255,69,12,145,1.0,1.0,2.0,2.0,-1,1,-1,0
0,0,0,0,0,0,0,0,0,4063232,4096,4,0,278528,51200,4096,35840,0,1048576,4096,4096,0,1,0.0,1,1,1,1,1,1,0,1,1,1,1,0,0.135,0,1,0.135,0.135,0,-1,-1,-1,2.273,1.613,7.456,189,8,160,62,0,199,69,0,44,1,62,0,255,77,8,198,69,12,5,141,125,20,49,192,180,4,137,193,243,171,191,51,87,63,0,87,190,82,124,62,0,49,201,65,255,77,12,141,156,141,160,0,0,0,255,214,16,201,115,243,255,69,12,145,1.0,1.0,2.0,2.0,-1,1,120.0,0
1,0,1,0,0,0,0,1,0,4063232,4096,5,1,352256,71168,4096,69120,0,1048576,4096,4096,0,1,0.0,1,1,1,1,1,1,0,1,1,1,1,0,0.134,0,1,0.134,0.134,0,-1,-1,-1,2.511,1.705,7.946,189,8,196,62,0,199,69,0,44,1,62,0,255,77,8,198,69,12,5,141,125,20,49,192,180,4,137,193,243,171,191,94,14,63,0,87,190,90,191,62,0,49,201,65,255,77,12,141,156,141,160,0,0,0,255,214,16,201,115,243,255,69,12,145,1.0,1.0,2.0,2.0,-1,1,13.0,0
1,0,1,0,1,0,0,0,0,4128768,4096,4,0,167936,16384,4096,22016,36352,2097152,4096,4096,0,1,0.0,1,1,1,1,1,1,0,1,1,1,1,0,0.135,0,1,0.135,0.135,0,-1,-1,-1,2.214,1.247,5.203,189,8,102,63,0,199,69,0,44,1,63,0,255,77,8,198,69,12,5,141,125,20,49,192,180,4,137,193,243,171,191,30,211,63,0,87,190,122,36,63,0,49,201,65,255,77,12,141,156,141,160,0,0,0,255,214,16,201,115,243,255,69,12,145,1.0,1.0,2.0,2.0,-1,1,69.0,0
1,0,1,0,1,0,0,0,0,4128768,8192,4,0,131072,20480,8192,8192,0,1048576,4096,8192,0,1,0.0,1,1,1,1,1,1,0,1,1,1,1,0,0.013,0,1,0.013,0.013,0,-1,-1,-1,2.329,0.903,4.638,189,8,38,63,0,199,69,0,44,1,63,0,255,77,8,198,69,12,5,141,125,20,49,192,180,4,137,193,243,171,191,59,218,63,0,87,190,74,33,63,0,49,201,65,255,77,12,141,156,141,160,0,0,0,255,214,16,201,115,243,255,69,12,145,1.0,1.0,2.0,2.0,2.0,1,13.0,0
1,0,0,0,0,0,0,1,0,2752512,4096,5,1,4104192,581632,4096,1533440,0,4194304,4096,4096,0,1,0.0,1,1,1,1,1,1,0,1,1,1,1,0,0.39,0,1,0.39,0.39,0,-1,-1,-1,2.721,3.315,6.869,189,8,106,66,0,199,69,0,44,1,42,0,255,77,8,198,69,12,5,141,125,20,49,192,180,4,137,193,243,171,191,54,31,56,0,87,190,139,113,55,0,49,201,65,255,77,12,141,156,141,160,0,0,0,255,214,16,201,115,243,255,69,12,145,1.0,1.0,2.0,2.0,545.0,1,1221.0,0
1,0,1,0,0,0,0,1,0,16711680,4096,6,1,192512,32256,4096,55808,0,524288,65536,4096,0,1,0.0,1,1,1,1,1,1,0,1,1,1,1,0,0.082,0,1,0.082,0.082,0,-1,-1,-1,2.548,1.224,7.843,189,8,76,255,0,199,69,0,44,1,255,0,255,77,8,198,69,12,5,141,125,20,49,192,180,4,137,193,243,171,191,61,157,255,0,87,190,130,70,255,0,49,201,65,255,77,12,141,156,141,160,0,0,0,255,214,16,201,115,243,255,69,12,145,1.0,1.0,2.0,2.0,130.0,1,13.0,0
0,0,0,0,0,0,0,0,0,4063232,4096,4,0,270336,64512,4096,2560,2048,33554432,4096,4096,0,1,0.0,1,1,1,1,1,1,0,1,1,1,1,0,0.102,0,1,0.102,0.102,0,-1,-1,-1,2.606,1.415,7.949,189,8,122,62,0,199,69,0,212,0,62,0,255,77,8,198,69,12,5,141,125,20,49,192,180,4,137,193,243,171,191,147,43,63,0,87,190,69,120,62,0,49,201,65,255,77,12,141,156,141,160,0,0,0,255,214,16,201,115,243,255,69,12,145,1.0,1.0,2.0,2.0,-1,1,-1,0
0,0,1,0,1,0,0,0,0,4128768,8192,4,0,188416,49152,8192,16384,0,1048576,4096,8192,0,1,0.0,1,1,1,1,1,1,0,1,1,1,1,0,0.154,0,1,0.154,0.154,0,-1,-1,-1,2.326,1.969,7.163,189,8,140,63,0,199,69,0,44,1,63,0,255,77,8,198,69,12,5,141,125,20,49,192,180,4,137,193,243,171,191,221,112,63,0,87,190,28,95,63,0,49,201,65,255,77,12,141,156,141,160,0,0,0,255,214,16,201,115,243,255,69,12,145,1.0,1.0,2.0,2.0,2.0,1,45.0,0
0,0,1,0,0,0,0,1,0,3932160,4096,5,1,704512,102912,4096,231936,0,1048576,4096,4096,0,1,0.0,1,1,1,1,1,1,0,1,1,1,1,0,0.151,0,1,0.151,0.151,0,-1,-1,-1,2.595,1.851,7.962,189,8,172,61,0,199,69,0,44,1,60,0,255,77,8,198,69,12,5,141,125,20,49,192,180,4,137,193,243,171,191,134,156,62,0,87,190,88,168,61,0,49,201,65,255,77,12,141,156,141,160,0,0,0,255,214,16,201,115,243,255,69,12,145,1.0,1.0,2.0,2.0,-1,1,18.0,0
0,0,0,0,0,0,0,1,0,3997696,4096,5,0,507904,134656,4096,36352,0,1048576,4096,4096,0,1,0.0,1,1,1,1,1,1,0,1,1,1,1,0,0.124,0,1,0.124,0.124,0,-1,-1,-1,2.438,1.583,7.962,189,8,2,62,0,199,69,0,44,1,61,0,255,77,8,198,69,12,5,141,125,20,49,192,180,4,137,193,243,171,191,224,63,62,0,87,190,35,255,61,0,49,201,65,255,77,12,141,156,141,160,0,0,0,255,214,16,201,115,243,255,69,12,145,1.0,1.0,2.0,2.0,-1,1,13.0,0
0,0,1,0,0,0,0,1,0,3997696,4096,5,1,569344,86528,4096,189952,0,1048576,4096,4096,0,1,0.0,1,1,1,1,1,1,0,1,1,1,1,0,0.157,0,1,0.157,0.157,0,-1,-1,-1,2.546,1.918,7.963,189,8,104,62,0,199,69,0,44,1,61,0,255,77,8,198,69,12,5,141,125,20,49,192,180,4,137,193,243,171,191,93,216,62,0,87,190,216,99,62,0,49,201,65,255,77,12,141,156,141,160,0,0,0,255,214,16,201,115,243,255,69,12,145,1.0,1.0,2.0,2.0,-1,1,18.0,0
1,0,1,0,0,0,0,1,0,4128768,4096,5,0,110592,3072,4096,26112,0,1048576,4096,4096,0,1,0.0,1,1,1,1,1,1,0,1,1,1,1,0,0.191,0,1,0.191,0.191,0,-1,-1,-1,2.412,1.549,4.2,189,8,94,63,0,199,69,0,44,1,63,0,255,77,8,198,69,12,5,141,125,20,49,192,180,4,137,193,243,171,191,235,252,63,0,87,190,241,16,63,0,49,201,65,255,77,12,141,156,141,160,0,0,0,255,214,16,201,115,243,255,69,12,145,1.0,1.0,2.0,2.0,18.0,0,42.0,0
1,0,1,0,0,0,0,1,0,3997696,4096,5,1,528384,79360,4096,161280,0,1048576,4096,4096,0,1,0.0,1,1,1,1,1,1,0,1,1,1,1,0,0.233,0,1,0.233,0.233,0,-1,-1,-1,2.552,2.43,7.502,189,8,234,62,0,199,69,0,44,1,61,0,255,77,8,198,69,12,5,141,125,20,49,192,180,4,137,193,243,171,191,48,242,62,0,87,190,184,232,61,0,49,201,65,255,77,12,141,156,141,160,0,0,0,255,214,16,201,115,243,255,69,12,145,1.0,1.0,2.0,2.0,130.0,1,68.0,0
1,0,1,0,0,0,0,1,0,4128768,4096,5,0,110592,3072,4096,26112,0,1048576,4096,4096,0,1,0.0,1,1,1,1,1,1,0,1,1,1,1,0,0.191,0,1,0.191,0.191,0,-1,-1,-1,2.405,1.392,4.158,189,8,94,63,0,199,69,0,44,1,63,0,255,77,8,198,69,12,5,141,125,20,49,192,180,4,137,193,243,171,191,229,252,63,0,87,190,241,16,63,0,49,201,65,255,77,12,141,156,141,160,0,0,0,255,214,16,201,115,243,255,69,12,145,1.0,1.0,2.0,2.0,18.0,0,42.0,0
1,0,1,0,0,0,0,1,0,4063232,4096,5,1,352256,73216,4096,66560,0,1048576,4096,4096,0,1,0.0,1,1,1,1,1,1,0,1,1,1,1,0,0.131,0,1,0.131,0.131,0,-1,-1,-1,2.514,1.683,7.944,189,8,194,62,0,199,69,0,44,1,62,0,255,77,8,198,69,12,5,141,125,20,49,192,180,4,137,193,243,171,191,144,7,63,0,87,190,172,189,62,0,49,201,65,255,77,12,141,156,141,160,0,0,0,255,214,16,201,115,243,255,69,12,145,1.0,1.0,2.0,2.0,-1,1,13.0,0
0,0,0,0,0,0,0,1,0,3735552,4096,5,0,2289664,206336,4096,1424384,0,1048576,4096,4096,0,1,0.0,1,1,1,1,1,1,0,1,1,1,1,0,0.105,0,1,0.105,0.105,0,-1,-1,-1,2.605,1.324,7.955,189,8,186,60,0,199,69,0,44,1,57,0,255,77,8,198,69,12,5,141,125,20,49,192,180,4,137,193,243,171,191,97,55,61,0,87,190,160,163,60,0,49,201,65,255,77,12,141,156,141,160,0,0,0,255,214,16,201,115,243,255,69,12,145,1.0,1.0,2.0,2.0,255.0,1,67.0,0
1,0,1,0,0,0,0,1,0,16711680,4096,6,1,139264,29184,4096,6144,0,262144,8192,4096,0,1,0.0,1,1,1,1,1,1,0,1,1,1,1,0,0.084,0,1,0.084,0.084,0,-1,-1,-1,2.506,1.314,7.779,189,8,60,255,0,199,69,0,44,1,255,0,255,77,8,198,69,12,5,141,125,20,49,192,180,4,137,193,243,171,191,195,170,255,0,87,190,74,54,255,0,49,201,65,255,77,12,141,156,141,160,0,0,0,255,214,16,201,115,243,255,69,12,145,1.0,1.0,2.0,2.0,118.0,1,18.0,0
0,0,0,0,0,0,0,1,0,16580608,4096,6,0,868352,14336,4096,633344,0,262144,8192,4096,0,1,0.0,1,1,1,1,1,1,0,1,1,1,1,0,0.168,0,1,0.168,0.168,0,-1,-1,-1,2.568,2.01,7.963,189,8,70,255,0,199,69,0,44,1,253,0,255,77,8,198,69,12,5,141,125,20,49,192,180,4,137,193,243,171,191,189,219,255,0,87,190,242,65,255,0,49,201,65,255,77,12,141,156,141,160,0,0,0,255,214,16,201,115,243,255,69,12,145,1.0,1.0,2.0,2.0,167.0,1,35.0,0
0,0,1,0,1,0,0,0,0,4128768,8192,4,0,147456,28672,8192,8192,0,1048576,4096,8192,0,1,0.0,1,1,1,1,1,1,0,1,1,1,1,0,0.064,0,1,0.064,0.064,0,-1,-1,-1,2.301,1.402,7.857,189,8,66,63,0,199,69,0,44,1,63,0,255,77,8,198,69,12,5,141,125,20,49,192,180,4,137,193,243,171,191,13,185,63,0,87,190,2,63,63,0,49,201,65,255,77,12,141,156,141,160,0,0,0,255,214,16,201,115,243,255,69,12,145,1.0,1.0,2.0,2.0,2.0,1,13.0,0
1,0,1,0,0,1,0,1,0,3604480,143360,5,1,1499136,389120,4096,143360,0,1048576,4096,4096,0,1,0.0,1,1,1,1,1,1,0,1,1,1,1,0,0.145,0,1,0.145,0.145,0,-1,-1,-1,2.578,1.742,7.935,189,8,92,58,0,199,69,0,44,1,55,0,255,77,8,198,69,12,5,141,125,20,49,192,180,4,137,193,243,171,191,78,196,58,0,87,190,189,71,58,0,49,201,65,255,77,12,141,156,141,160,0,0,0,255,214,16,201,115,243,255,69,12,145,1.0,1.0,2.0,2.0,-1,1,39.0,0
0,0,0,0,0,0,0,0,0,4128768,4096,4,0,106496,8192,4096,20480,0,1048576,4096,4096,0,1,0.0,1,1,1,1,1,1,0,1,1,1,1,0,0.07,0,1,0.07,0.07,0,-1,-1,-1,2.066,0.964,5.331,189,8,44,63,0,199,69,0,44,1,63,0,255,77,8,198,69,12,5,141,125,20,49,192,180,4,137,193,243,171,191,92,241,63,0,87,190,76,27,63,0,49,201,65,255,77,12,141,156,141,160,0,0,0,255,214,16,201,115,243,255,69,12,145,1.0,1.0,2.0,2.0,-1,1,27.0,0
0,0,1,0,1,0,0,0,0,4128768,8192,4,0,131072,20480,8192,8192,0,1048576,4096,8192,0,1,0.0,1,1,1,1,1,1,0,1,1,1,1,0,0.025,0,1,0.025,0.025,0,-1,-1,-1,2.204,1.073,7.505,189,8,44,63,0,199,69,0,44,1,63,0,255,77,8,198,69,12,5,141,125,20,49,192,180,4,137,193,243,171,191,10,215,63,0,87,190,6,41,63,0,49,201,65,255,77,12,141,156,141,160,0,0,0,255,214,16,201,115,243,255,69,12,145,1.0,1.0,2.0,2.0,2.0,1,13.0,0
0,0,0,0,0,0,0,0,0,4128768,4096,4,0,110592,9216,4096,14336,1024,2097152,4096,4096,0,1,0.0,1,1,1,1,1,1,0,1,1,1,1,0,0.024,0,1,0.024,0.024,0,-1,-1,-1,2.025,0.744,7.223,189,8,26,63,0,199,69,0,44,1,63,0,255,77,8,198,69,12,5,141,125,20,49,192,180,4,137,193,243,171,191,104,234,63,0,87,190,225,23,63,0,49,201,65,255,77,12,141,156,141,160,0,0,0,255,214,16,201,115,243,255,69,12,145,1.0,1.0,2.0,2.0,-1,1,7.0,0
1,0,1,0,0,0,0,1,0,3932160,4096,5,1,798720,113664,4096,302592,0,1048576,4096,4096,0,1,0.0,1,1,1,1,1,1,0,1,1,1,1,0,0.186,0,1,0.186,0.186,0,-1,-1,-1,2.613,2.194,7.965,189,8,78,62,0,199,69,0,44,1,60,0,255,77,8,198,69,12,5,141,125,20,49,192,180,4,137,193,243,171,191,38,118,62,0,87,190,83,72,62,0,49,201,65,255,77,12,141,156,141,160,0,0,0,255,214,16,201,115,243,255,69,12,145,1.0,1.0,2.0,2.0,141.0,1,18.0,0
1,0,1,0,0,0,0,1,0,3735552,4096,5,1,1413120,352768,4096,291328,0,1048576,4096,4096,0,1,0.0,1,1,1,1,1,1,0,1,1,1,1,0,0.173,0,1,0.173,0.173,0,-1,-1,-1,2.765,1.672,6.929,189,8,198,60,0,199,69,0,44,1,57,0,255,77,8,198,69,12,5,141,125,20,49,192,180,4,137,193,243,171,191,25,152,59,0,87,190,132,66,59,0,49,201,65,255,77,12,141,156,141,160,0,0,0,255,214,16,201,115,243,255,69,12,145,1.0,1.0,2.0,2.0,-1,1,620.0,0
1,0,1,0,0,0,0,1,0,4063232,4096,5,1,335872,65536,4096,65024,0,1048576,4096,4096,0,1,0.0,1,1,1,1,1,1,0,1,1,1,1,0,0.127,0,1,0.127,0.127,0,-1,-1,-1,2.432,1.642,7.948,189,8,180,62,0,199,69,0,44,1,62,0,255,77,8,198,69,12,5,141,125,20,49,192,180,4,137,193,243,171,191,45,34,63,0,87,190,9,176,62,0,49,201,65,255,77,12,141,156,141,160,0,0,0,255,214,16,201,115,243,255,69,12,145,1.0,1.0,2.0,2.0,-1,1,13.0,0
1,0,1,0,0,0,0,1,0,4128768,4096,5,0,143360,16896,4096,26624,0,1048576,4096,4096,0,1,0.0,1,1,1,1,1,1,0,1,1,1,1,0,0.104,0,1,0.104,0.104,0,-1,-1,-1,2.495,1.397,7.162,189,8,72,63,0,199,69,0,44,1,63,0,255,77,8,198,69,12,5,141,125,20,49,192,180,4,137,193,243,171,191,235,199,63,0,87,190,73,47,63,0,49,201,65,255,77,12,141,156,141,160,0,0,0,255,214,16,201,115,243,255,69,12,145,1.0,1.0,2.0,2.0,-1,1,30.0,0
1,0,1,0,0,0,0,1,0,4063232,4096,5,1,335872,65536,4096,65024,0,1048576,4096,4096,0,1,0.0,1,1,1,1,1,1,0,1,1,1,1,0,0.127,0,1,0.127,0.127,0,-1,-1,-1,2.426,1.637,7.94,189,8,180,62,0,199,69,0,44,1,62,0,255,77,8,198,69,12,5,141,125,20,49,192,180,4,137,193,243,171,191,189,33,63,0,87,190,110,175,62,0,49,201,65,255,77,12,141,156,141,160,0,0,0,255,214,16,201,115,243,255,69,12,145,1.0,1.0,2.0,2.0,-1,1,13.0,0
0,0,0,0,0,0,0,0,0,4128768,4096,4,0,241664,24576,4096,122880,0,1048576,4096,4096,0,1,0.0,1,1,1,1,1,1,0,1,1,1,1,0,0.11,0,1,0.11,0.11,0,-1,-1,-1,2.692,1.51,7.934,189,8,118,63,0,199,69,0,212,0,63,0,255,77,8,198,69,12,5,141,125,20,49,192,180,4,137,193,243,171,191,47,178,63,0,87,190,236,115,63,0,49,201,65,255,77,12,141,156,141,160,0,0,0,255,214,16,201,115,243,255,69,12,145,1.0,1.0,2.0,2.0,-1,1,-1,0
0,0,0,0,0,0,0,0,0,4128768,4096,4,0,90112,4096,4096,4096,0,1048576,4096,4096,0,1,0.0,1,1,1,1,1,1,0,1,1,1,1,0,0.012,0,1,0.012,0.012,0,-1,-1,-1,2.016,0.699,5.776,189,8,20,63,0,199,69,0,44,1,63,0,255,77,8,198,69,12,5,141,125,20,49,192,180,4,137,193,243,171,191,145,251,63,0,87,190,185,17,63,0,49,201,65,255,77,12,141,156,141,160,0,0,0,255,214,16,201,115,243,255,69,12,145,1.0,1.0,2.0,2.0,-1,1,13.0,0
1,0,1,0,0,0,0,1,0,3801088,4096,5,1,1200128,174080,4096,462336,0,1048576,4096,4096,0,1,0.0,1,1,1,1,1,1,0,1,1,1,1,0,0.196,0,1,0.196,0.196,0,-1,-1,-1,2.782,2.261,7.926,189,8,162,61,0,199,69,0,44,1,58,0,255,77,8,198,69,12,5,141,125,20,49,192,180,4,137,193,243,171,191,9,165,61,0,87,190,196,131,61,0,49,201,65,255,77,12,141,156,141,160,0,0,0,255,214,16,201,115,243,255,69,12,145,1.0,1.0,2.0,2.0,262.0,1,95.0,0
0,0,0,0,0,0,0,0,0,4063232,4096,4,0,270336,50688,4096,27136,0,1048576,4096,4096,0,1,0.0,1,1,1,1,1,1,0,1,1,1,1,0,0.113,0,1,0.113,0.113,0,-1,-1,-1,2.206,1.437,7.647,189,8,132,62,0,199,69,0,44,1,62,0,255,77,8,198,69,12,5,141,125,20,49,192,180,4,137,193,243,171,191,145,91,63,0,87,190,234,113,62,0,49,201,65,255,77,12,141,156,141,160,0,0,0,255,214,16,201,115,243,255,69,12,145,1.0,1.0,2.0,2.0,-1,1,126.0,0
1,0,1,0,0,0,0,1,0,4128768,4096,5,0,110592,3584,4096,26112,0,1048576,4096,4096,0,1,0.0,1,1,1,1,1,1,0,1,1,1,1,0,0.19,0,1,0.19,0.19,0,-1,-1,-1,2.412,1.392,3.647,189,8,94,63,0,199,69,0,44,1,63,0,255,77,8,198,69,12,5,141,125,20,49,192,180,4,137,193,243,171,191,52,251,63,0,87,190,241,16,63,0,49,201,65,255,77,12,141,156,141,160,0,0,0,255,214,16,201,115,243,255,69,12,145,1.0,1.0,2.0,2.0,17.0,1,42.0,0
1,0,1,0,0,0,0,1,0,4063232,4096,5,1,344064,66560,4096,65536,0,1048576,4096,4096,0,1,0.0,1,1,1,1,1,1,0,1,1,1,1,0,0.123,0,1,0.123,0.123,0,-1,-1,-1,2.477,1.607,7.956,189,8,178,62,0,199,69,0,44,1,62,0,255,77,8,198,69,12,5,141,125,20,49,192,180,4,137,193,243,171,191,98,30,63,0,87,190,74,174,62,0,49,201,65,255,77,12,141,156,141,160,0,0,0,255,214,16,201,115,243,255,69,12,145,1.0,1.0,2.0,2.0,-1,1,13.0,0
1,0,1,0,0,0,0,1,0,4128768,4096,5,0,159744,19968,4096,36864,0,1048576,4096,4096,0,1,0.0,1,1,1,1,1,1,0,1,1,1,1,0,0.182,0,1,0.182,0.182,0,-1,-1,-1,2.482,1.62,5.44,189,8,124,63,0,199,69,0,44,1,63,0,255,77,8,198,69,12,5,141,125,20,49,192,180,4,137,193,243,171,191,229,191,63,0,87,190,157,47,63,0,49,201,65,255,77,12,141,156,141,160,0,0,0,255,214,16,201,115,243,255,69,12,145,1.0,1.0,2.0,2.0,14.0,1,42.0,0
0,0,0,0,0,0,0,1,0,2621440,4096,5,0,4694016,1216000,4096,832512,0,1048576,4096,4096,0,1,0.0,1,1,1,1,1,1,0,1,1,1,1,0,0.134,0,1,0.134,0.134,0,-1,-1,-1,2.543,1.516,7.568,189,8,156,49,0,199,69,0,44,1,40,0,255,77,8,198,69,12,5,141,125,20,49,192,180,4,137,193,243,171,191,40,63,48,0,87,190,221,7,48,0,49,201,65,255,77,12,141,156,141,160,0,0,0,255,214,16,201,115,243,255,69,12,145,1.0,1.0,2.0,2.0,-1,1,318.0,0
1,0,1,0,0,0,0,1,0,4281991168,4096,5,1,46018560,10805760,4096,8640000,0,1048576,4096,4096,0,1,0.0,1,1,1,1,1,1,0,1,1,1,1,0,0.171,0,1,0.171,0.171,0,-1,-1,-1,2.391,2.001,7.944,189,8,240,177,255,199,69,0,44,1,58,255,255,77,8,198,69,12,5,141,125,20,49,192,180,4,137,193,243,171,191,243,239,176,255,87,190,56,8,176,255,49,201,65,255,77,12,141,156,141,160,0,0,0,255,214,16,201,115,243,255,69,12,145,1.0,1.0,2.0,2.0,-1,1,53.0,0
1,0,1,0,0,0,0,1,0,16711680,4096,6,1,110592,5120,4096,20480,0,262144,8192,4096,0,1,0.0,1,1,1,1,1,1,0,1,1,1,1,0,0.165,0,1,0.165,0.165,0,-1,-1,-1,2.365,1.546,5.451,189,8,84,255,0,199,69,0,44,1,255,0,255,77,8,198,69,12,5,141,125,20,49,192,180,4,137,193,243,171,191,128,248,255,0,87,190,241,16,255,0,49,201,65,255,77,12,141,156,141,160,0,0,0,255,214,16,201,115,243,255,69,12,145,1.0,1.0,2.0,2.0,54.0,1,62.0,0
0,0,1,0,0,0,0,1,0,4128768,4096,5,1,110592,9728,4096,9728,0,1048576,4096,4096,0,1,0.0,1,1,1,1,1,1,0,1,1,1,1,0,0.043,0,1,0.043,0.043,0,-1,-1,-1,2.487,0.951,7.509,189,8,34,63,0,199,69,0,44,1,63,0,255,77,8,198,69,12,5,141,125,20,49,192,180,4,137,193,243,171,191,8,232,63,0,87,190,45,30,63,0,49,201,65,255,77,12,141,156,141,160,0,0,0,255,214,16,201,115,243,255,69,12,145,1.0,1.0,2.0,2.0,-1,1,8.0,0
0,0,0,0,0,0,0,0,0,4063232,4096,4,0,258048,56320,4096,2560,2048,33554432,4096,4096,0,1,0.0,1,1,1,1,1,1,0,1,1,1,1,0,0.096,0,1,0.096,0.096,0,-1,-1,-1,2.619,1.357,7.944,189,8,110,62,0,199,69,0,212,0,62,0,255,77,8,198,69,12,5,141,125,20,49,192,180,4,137,193,243,171,191,122,70,63,0,87,190,58,108,62,0,49,201,65,255,77,12,141,156,141,160,0,0,0,255,214,16,201,115,243,255,69,12,145,1.0,1.0,2.0,2.0,-1,1,-1,0
0,0,0,0,0,0,0,0,0,4128768,4096,4,0,167936,24576,4096,45056,0,1048576,4096,4096,0,1,0.0,1,1,1,1,1,1,0,1,1,1,1,0,0.223,0,1,0.223,0.223,0,-1,-1,-1,2.148,1.997,6.111,189,8,156,63,0,199,69,0,44,1,63,0,255,77,8,198,69,12,5,141,125,20,49,192,180,4,137,193,243,171,191,184,172,63,0,87,190,178,65,63,0,49,201,65,255,77,12,141,156,141,160,0,0,0,255,214,16,201,115,243,255,69,12,145,1.0,1.0,2.0,2.0,40.0,0,76.0,0
1,0,1,0,0,0,0,1,0,16646144,4096,6,1,311296,60416,4096,54784,0,262144,8192,4096,0,1,0.0,1,1,1,1,1,1,0,1,1,1,1,0,0.103,0,1,0.103,0.103,0,-1,-1,-1,2.568,1.354,7.8,189,8,138,254,0,199,69,0,44,1,254,0,255,77,8,198,69,12,5,141,125,20,49,192,180,4,137,193,243,171,191,230,53,255,0,87,190,186,126,254,0,49,201,65,255,77,12,141,156,141,160,0,0,0,255,214,16,201,115,243,255,69,12,145,1.0,1.0,2.0,2.0,115.0,1,34.0,0
1,0,1,0,0,0,0,1,0,16711680,4096,6,1,176128,45056,4096,13824,0,262144,8192,4096,0,1,0.0,1,1,1,1,1,1,0,1,1,1,1,0,0.115,0,1,0.115,0.115,0,-1,-1,-1,2.518,1.617,7.918,189,8,92,255,0,199,69,0,44,1,255,0,255,77,8,198,69,12,5,141,125,20,49,192,180,4,137,193,243,171,191,68,109,255,0,87,190,68,87,255,0,49,201,65,255,77,12,141,156,141,160,0,0,0,255,214,16,201,115,243,255,69,12,145,1.0,1.0,2.0,2.0,179.0,1,18.0,0
0,0,0,0,0,0,0,0,0,4128768,4096,4,0,159744,34816,4096,47616,1024,2097152,4096,4096,0,1,0.0,1,1,1,1,1,1,0,1,1,1,1,0,0.099,0,1,0.099,0.099,0,-1,-1,-1,2.615,1.469,7.912,189,8,76,63,0,199,69,0,212,0,63,0,255,77,8,198,69,12,5,141,125,20,49,192,180,4,137,193,243,171,191,249,153,63,0,87,190,76,74,63,0,49,201,65,255,77,12,141,156,141,160,0,0,0,255,214,16,201,115,243,255,69,12,145,1.0,1.0,2.0,2.0,-1,1,-1,0
0,0,0,0,0,0,0,0,0,4063232,4096,4,0,294912,58880,4096,35328,0,1048576,4096,4096,0,1,0.0,1,1,1,1,1,1,0,1,1,1,1,0,0.131,0,1,0.131,0.131,0,-1,-1,-1,1.941,1.616,7.712,189,8,164,62,0,199,69,0,44,1,62,0,255,77,8,198,69,12,5,141,125,20,49,192,180,4,137,193,243,171,191,90,63,63,0,87,190,136,144,62,0,49,201,65,255,77,12,141,156,141,160,0,0,0,255,214,16,201,115,243,255,69,12,145,1.0,1.0,2.0,2.0,-1,1,129.0,0
1,0,1,0,1,0,0,0,0,4128768,4096,4,0,167936,16384,4096,22016,36352,2097152,4096,4096,0,1,0.0,1,1,1,1,1,1,0,1,1,1,1,0,0.135,0,1,0.135,0.135,0,-1,-1,-1,2.265,1.249,5.211,189,8,102,63,0,199,69,0,44,1,63,0,255,77,8,198,69,12,5,141,125,20,49,192,180,4,137,193,243,171,191,30,211,63,0,87,190,124,36,63,0,49,201,65,255,77,12,141,156,141,160,0,0,0,255,214,16,201,115,243,255,69,12,145,1.0,1.0,2.0,2.0,-1,1,69.0,0
0,0,0,0,0,0,0,0,0,4128768,4096,4,0,143360,32768,4096,2048,512,33554432,4096,4096,0,1,0.0,1,1,1,1,1,1,0,1,1,1,1,0,0.089,0,1,0.089,0.089,0,-1,-1,-1,2.589,1.372,7.834,189,8,64,63,0,199,69,0,212,0,63,0,255,77,8,198,69,12,5,141,125,20,49,192,180,4,137,193,243,171,191,169,154,63,0,87,190,88,61,63,0,49,201,65,255,77,12,141,156,141,160,0,0,0,255,214,16,201,115,243,255,69,12,145,1.0,1.0,2.0,2.0,-1,1,-1,0
0,0,0,0,0,0,0,0,0,3670016,4096,4,0,1335296,339456,4096,136192,0,524288,131072,4096,0,1,0.0,1,1,1,1,1,1,0,1,1,1,1,0,0.139,0,1,0.139,0.139,0,-1,-1,-1,2.332,1.611,7.747,189,8,228,58,0,199,69,0,44,1,56,0,255,77,8,198,69,12,5,141,125,20,49,192,180,4,137,193,243,171,191,78,70,59,0,87,190,112,105,58,0,49,201,65,255,77,12,141,156,141,160,0,0,0,255,214,16,201,115,243,255,69,12,145,1.0,1.0,2.0,2.0,-1,1,344.0,0
1,0,1,0,0,0,0,1,0,4128768,4096,5,0,110592,3072,4096,26112,0,1048576,4096,4096,0,1,0.0,1,1,1,1,1,1,0,1,1,1,1,0,0.191,0,1,0.191,0.191,0,-1,-1,-1,2.405,1.621,4.576,189,8,94,63,0,199,69,0,44,1,63,0,255,77,8,198,69,12,5,141,125,20,49,192,180,4,137,193,243,171,191,237,252,63,0,87,190,241,16,63,0,49,201,65,255,77,12,141,156,141,160,0,0,0,255,214,16,201,115,243,255,69,12,145,1.0,1.0,2.0,2.0,17.0,0,42.0,0
1,0,1,0,0,0,0,1,0,16711680,4096,6,1,114688,15360,4096,4096,0,262144,8192,4096,0,1,0.0,1,1,1,1,1,1,0,1,1,1,1,0,0.043,0,1,0.043,0.043,0,-1,-1,-1,2.504,0.949,7.492,189,8,34,255,0,199,69,0,44,1,255,0,255,77,8,198,69,12,5,141,125,20,49,192,180,4,137,193,243,171,191,110,210,255,0,87,190,52,29,255,0,49,201,65,255,77,12,141,156,141,160,0,0,0,255,214,16,201,115,243,255,69,12,145,1.0,1.0,2.0,2.0,114.0,1,18.0,0
0,0,0,0,1,0,0,0,0,4128768,4096,4,0,106496,13824,4096,5632,0,1048576,4096,4096,0,1,0.0,1,1,1,1,1,1,0,1,1,1,1,0,0.07,0,1,0.07,0.07,0,-1,-1,-1,2.072,1.136,6.886,189,8,44,63,0,199,69,0,44,1,63,0,255,77,8,198,69,12,5,141,125,20,49,192,180,4,137,193,243,171,191,190,216,63,0,87,190,100,35,63,0,49,201,65,255,77,12,141,156,141,160,0,0,0,255,214,16,201,115,243,255,69,12,145,1.0,1.0,2.0,2.0,47.0,1,19.0,0
0,0,0,0,0,0,0,0,0,4128768,4096,4,0,126976,14336,4096,23040,0,1048576,4096,4096,0,1,0.0,1,1,1,1,1,1,0,1,1,1,1,0,0.157,0,1,0.157,0.157,0,-1,-1,-1,2.052,1.9,7.336,189,8,90,63,0,199,69,0,44,1,63,0,255,77,8,198,69,12,5,141,125,20,49,192,180,4,137,193,243,171,191,92,213,63,0,87,190,80,55,63,0,49,201,65,255,77,12,141,156,141,160,0,0,0,255,214,16,201,115,243,255,69,12,145,1.0,1.0,2.0,2.0,27.0,1,38.0,0
1,0,1,0,0,0,0,1,0,3866624,4096,5,1,909312,215552,4096,158720,0,1048576,4096,4096,0,1,0.0,1,1,1,1,1,1,0,1,1,1,1,0,0.132,0,1,0.132,0.132,0,-1,-1,-1,2.662,1.639,7.962,189,8,224,60,0,199,69,0,44,1,59,0,255,77,8,198,69,12,5,141,125,20,49,192,180,4,137,193,243,171,191,36,24,61,0,87,190,197,215,60,0,49,201,65,255,77,12,141,156,141,160,0,0,0,255,214,16,201,115,243,255,69,12,145,1.0,1.0,2.0,2.0,-1,1,13.0,0
1,0,1,0,0,0,0,1,0,16711680,4096,6,1,143360,10240,4096,48640,0,262144,8192,4096,0,1,0.0,1,1,1,1,1,1,0,1,1,1,1,0,0.03,0,1,0.03,0.03,0,-1,-1,-1,2.471,0.692,7.048,189,8,32,255,0,199,69,0,44,1,255,0,255,77,8,198,69,12,5,141,125,20,49,192,180,4,137,193,243,171,191,98,230,255,0,87,190,237,25,255,0,49,201,65,255,77,12,141,156,141,160,0,0,0,255,214,16,201,115,243,255,69,12,145,1.0,1.0,2.0,2.0,71.0,1,18.0,0
0,0,0,0,0,0,0,0,0,3604480,4096,4,0,1454080,398336,4096,103936,0,1048576,4096,4096,0,1,0.0,1,1,1,1,1,1,0,1,1,1,1,0,0.118,0,1,0.118,0.118,0,-1,-1,-1,2.194,1.475,7.968,189,8,170,57,0,199,69,0,44,1,55,0,255,77,8,198,69,12,5,141,125,20,49,192,180,4,137,193,243,171,191,176,181,58,0,87,190,161,167,57,0,49,201,65,255,77,12,141,156,141,160,0,0,0,255,214,16,201,115,243,255,69,12,145,1.0,1.0,2.0,2.0,-1,1,7.0,0
0,0,0,0,0,0,0,0,0,4063232,4096,4,0,266240,48128,4096,26112,0,1048576,4096,4096,0,1,0.0,1,1,1,1,1,1,0,1,1,1,1,0,0.118,0,1,0.118,0.118,0,-1,-1,-1,1.963,1.499,7.678,189,8,136,62,0,199,69,0,44,1,62,0,255,77,8,198,69,12,5,141,125,20,49,192,180,4,137,193,243,171,191,153,98,63,0,87,190,160,119,62,0,49,201,65,255,77,12,141,156,141,160,0,0,0,255,214,16,201,115,243,255,69,12,145,1.0,1.0,2.0,2.0,-1,1,134.0,0
1,0,1,0,0,0,0,1,0,16252928,4096,6,1,1601536,339456,4096,435712,0,262144,8192,4096,0,1,0.0,1,1,1,1,1,1,0,1,1,1,1,0,0.192,0,1,0.192,0.192,0,-1,-1,-1,2.894,2.066,7.591,189,8,192,252,0,199,69,0,44,1,248,0,255,77,8,198,69,12,5,141,125,20,49,192,180,4,137,193,243,171,191,43,156,251,0,87,190,96,99,251,0,49,201,65,255,77,12,141,156,141,160,0,0,0,255,214,16,201,115,243,255,69,12,145,1.0,1.0,2.0,2.0,396.0,1,309.0,0
0,0,0,0,0,0,0,1,0,4063232,4096,5,0,262144,51712,4096,19968,0,1048576,4096,4096,0,1,0.0,1,1,1,1,1,1,0,1,1,1,1,0,0.104,0,1,0.104,0.104,0,-1,-1,-1,2.44,1.431,7.921,189,8,120,62,0,199,69,0,212,0,62,0,255,77,8,198,69,12,5,141,125,20,49,192,180,4,137,193,243,171,191,10,87,63,0,87,190,70,117,62,0,49,201,65,255,77,12,141,156,141,160,0,0,0,255,214,16,201,115,243,255,69,12,145,1.0,1.0,2.0,2.0,-1,1,-1,0
0,0,0,0,0,0,0,0,0,4063232,4096,4,0,299008,56320,4096,45568,0,1048576,4096,4096,0,1,0.0,1,1,1,1,1,1,0,1,1,1,1,0,0.148,0,1,0.148,0.148,0,-1,-1,-1,1.983,1.68,7.419,189,8,186,62,0,199,69,0,44,1,62,0,255,77,8,198,69,12,5,141,125,20,49,192,180,4,137,193,243,171,191,166,70,63,0,87,190,105,148,62,0,49,201,65,255,77,12,141,156,141,160,0,0,0,255,214,16,201,115,243,255,69,12,145,1.0,1.0,2.0,2.0,-1,1,145.0,0
0,0,0,0,0,0,0,0,0,4063232,4096,4,0,278528,47104,4096,40960,0,1048576,4096,4096,0,1,0.0,1,1,1,1,1,1,0,1,1,1,1,0,0.141,0,1,0.141,0.141,0,-1,-1,-1,2.269,1.618,7.318,189,8,166,62,0,199,69,0,44,1,62,0,255,77,8,198,69,12,5,141,125,20,49,192,180,4,137,193,243,171,191,63,101,63,0,87,190,162,114,62,0,49,201,65,255,77,12,141,156,141,160,0,0,0,255,214,16,201,115,243,255,69,12,145,1.0,1.0,2.0,2.0,-1,1,133.0,0
1,0,1,0,0,1,0,1,0,3342336,196608,5,1,2146304,556032,4096,204800,0,1048576,4096,4096,0,1,0.0,1,1,1,1,1,1,0,1,1,1,1,0,0.141,0,1,0.141,0.141,0,-1,-1,-1,2.562,1.694,7.923,189,8,176,55,0,199,69,0,44,1,51,0,255,77,8,198,69,12,5,141,125,20,49,192,180,4,137,193,243,171,191,105,126,56,0,87,190,209,132,55,0,49,201,65,255,77,12,141,156,141,160,0,0,0,255,214,16,201,115,243,255,69,12,145,1.0,1.0,2.0,2.0,-1,1,87.0,0
0,0,0,0,0,0,0,1,0,268369920,4096,5,0,122880,23040,4096,3072,0,1048576,8192,4096,0,1,0.0,1,1,1,1,1,1,0,1,1,1,1,0,0.074,0,1,0.074,0.074,0,-1,-1,-1,2.387,1.265,7.831,189,8,50,255,15,199,69,0,44,1,255,15,255,77,8,198,69,12,5,141,125,20,49,192,180,4,137,193,243,171,191,120,190,255,15,87,190,46,46,255,15,49,201,65,255,77,12,141,156,141,160,0,0,0,255,214,16,201,115,243,255,69,12,145,1.0,1.0,2.0,2.0,97.0,1,21.0,0
0,0,1,0,0,0,0,1,0,4063232,4096,5,1,352256,76800,4096,66048,0,1048576,4096,4096,0,1,0.0,1,1,1,1,1,1,0,1,1,1,1,0,0.137,0,1,0.137,0.137,0,-1,-1,-1,2.469,1.744,7.949,189,8,202,62,0,199,69,0,44,1,62,0,255,77,8,198,69,12,5,141,125,20,49,192,180,4,137,193,243,171,191,223,250,62,0,87,190,121,197,62,0,49,201,65,255,77,12,141,156,141,160,0,0,0,255,214,16,201,115,243,255,69,12,145,1.0,1.0,2.0,2.0,-1,1,13.0,0
1,0,1,0,0,0,0,1,0,4128768,4096,5,1,147456,18944,4096,32256,0,1048576,4096,4096,0,1,0.0,1,1,1,1,1,1,0,1,1,1,1,0,0.129,0,1,0.129,0.129,0,-1,-1,-1,2.471,1.426,6.425,189,8,88,63,0,199,69,0,44,1,63,0,255,77,8,198,69,12,5,141,125,20,49,192,180,4,137,193,243,171,191,189,201,63,0,87,190,47,45,63,0,49,201,65,255,77,12,141,156,141,160,0,0,0,255,214,16,201,115,243,255,69,12,145,1.0,1.0,2.0,2.0,-1,1,187.0,0
0,0,1,0,1,0,0,0,0,4128768,8192,4,0,122880,16384,8192,8192,0,1048576,4096,8192,0,1,0.0,1,1,1,1,1,1,0,1,1,1,1,0,0.009,0,1,0.009,0.009,0,-1,-1,-1,2.23,0.896,5.669,189,8,36,63,0,199,69,0,44,1,63,0,255,77,8,198,69,12,5,141,125,20,49,192,180,4,137,193,243,171,191,40,231,63,0,87,190,241,32,63,0,49,201,65,255,77,12,141,156,141,160,0,0,0,255,214,16,201,115,243,255,69,12,145,1.0,1.0,2.0,2.0,2.0,1,13.0,0
1,0,1,0,0,0,0,1,0,16711680,4096,6,1,184320,38400,4096,31744,0,262144,8192,4096,0,1,0.0,1,1,1,1,1,1,0,1,1,1,1,0,0.083,0,1,0.083,0.083,0,-1,-1,-1,2.565,1.258,7.865,189,8,74,255,0,199,69,0,44,1,255,0,255,77,8,198,69,12,5,141,125,20,49,192,180,4,137,193,243,171,191,236,136,255,0,87,190,128,68,255,0,49,201,65,255,77,12,141,156,141,160,0,0,0,255,214,16,201,115,243,255,69,12,145,1.0,1.0,2.0,2.0,129.0,1,13.0,0
0,0,0,0,0,0,0,1,0,2228224,4096,5,0,6176768,1161216,4096,2016256,0,1048576,4096,4096,0,1,0.0,1,1,1,1,1,1,0,1,1,1,1,0,0.172,0,1,0.172,0.172,0,-1,-1,-1,2.756,1.968,7.779,189,8,72,50,0,199,69,0,44,1,34,0,255,77,8,198,69,12,5,141,125,20,49,192,180,4,137,193,243,171,191,31,203,48,0,87,190,55,84,48,0,49,201,65,255,77,12,141,156,141,160,0,0,0,255,214,16,201,115,243,255,69,12,145,1.0,1.0,2.0,2.0,-1,1,741.0,0
0,0,0,0,0,0,0,0,0,4128768,4096,4,0,249856,24576,4096,126976,0,1048576,4096,4096,0,1,0.0,1,1,1,1,1,1,0,1,1,1,1,0,0.114,0,1,0.114,0.114,0,-1,-1,-1,2.221,1.514,7.842,189,8,124,63,0,199,69,0,44,1,63,0,255,77,8,198,69,12,5,141,125,20,49,192,180,4,137,193,243,171,191,128,175,63,0,87,190,162,117,63,0,49,201,65,255,77,12,141,156,141,160,0,0,0,255,214,16,201,115,243,255,69,12,145,1.0,1.0,2.0,2.0,94.0,1,24.0,0
1,0,1,0,1,0,0,0,0,4128768,4096,4,0,167936,16384,4096,22016,36352,2097152,4096,4096,0,1,0.0,1,1,1,1,1,1,0,1,1,1,1,0,0.135,0,1,0.135,0.135,0,-1,-1,-1,2.214,1.248,5.203,189,8,102,63,0,199,69,0,44,1,63,0,255,77,8,198,69,12,5,141,125,20,49,192,180,4,137,193,243,171,191,30,211,63,0,87,190,122,36,63,0,49,201,65,255,77,12,141,156,141,160,0,0,0,255,214,16,201,115,243,255,69,12,145,1.0,1.0,2.0,2.0,-1,1,69.0,0
0,0,1,0,0,0,0,1,0,4063232,4096,5,1,331776,64512,4096,62464,0,1048576,4096,4096,0,1,0.0,1,1,1,1,1,1,0,1,1,1,1,0,0.128,0,1,0.128,0.128,0,-1,-1,-1,2.343,1.668,7.962,189,8,178,62,0,199,69,0,44,1,62,0,255,77,8,198,69,12,5,141,125,20,49,192,180,4,137,193,243,171,191,121,37,63,0,87,190,0,175,62,0,49,201,65,255,77,12,141,156,141,160,0,0,0,255,214,16,201,115,243,255,69,12,145,1.0,1.0,2.0,2.0,-1,1,13.0,0
1,0,1,0,1,0,0,0,0,4128768,8192,4,0,131072,20480,8192,8192,0,1048576,4096,8192,0,1,0.0,1,1,1,1,1,1,0,1,1,1,1,0,0.013,0,1,0.013,0.013,0,-1,-1,-1,2.347,0.911,5.184,189,8,38,63,0,199,69,0,44,1,63,0,255,77,8,198,69,12,5,141,125,20,49,192,180,4,137,193,243,171,191,61,218,63,0,87,190,177,33,63,0,49,201,65,255,77,12,141,156,141,160,0,0,0,255,214,16,201,115,243,255,69,12,145,1.0,1.0,2.0,2.0,2.0,1,13.0,0
0,0,1,0,0,0,0,1,0,4063232,4096,5,1,348160,72192,4096,66048,0,1048576,4096,4096,0,1,0.0,1,1,1,1,1,1,0,1,1,1,1,0,0.136,0,1,0.136,0.136,0,-1,-1,-1,2.424,1.739,7.957,189,8,198,62,0,199,69,0,44,1,62,0,255,77,8,198,69,12,5,141,125,20,49,192,180,4,137,193,243,171,191,181,9,63,0,87,190,227,194,62,0,49,201,65,255,77,12,141,156,141,160,0,0,0,255,214,16,201,115,243,255,69,12,145,1.0,1.0,2.0,2.0,-1,1,13.0,0
0,0,0,0,0,0,0,1,0,3735552,4096,5,0,1224704,323584,4096,148480,0,1048576,4096,4096,0,1,0.0,1,1,1,1,1,1,0,1,1,1,1,0,0.13,0,1,0.13,0.13,0,-1,-1,-1,2.58,1.495,7.647,189,8,122,59,0,199,69,0,44,1,57,0,255,77,8,198,69,12,5,141,125,20,49,192,180,4,137,193,243,171,191,196,217,59,0,87,190,29,30,59,0,49,201,65,255,77,12,141,156,141,160,0,0,0,255,214,16,201,115,243,255,69,12,145,1.0,1.0,2.0,2.0,-1,1,277.0,0
1,0,1,0,0,0,0,1,0,4128768,4096,5,0,110592,3072,4096,26112,0,1048576,4096,4096,0,1,0.0,1,1,1,1,1,1,0,1,1,1,1,0,0.191,0,1,0.191,0.191,0,-1,-1,-1,2.39,1.621,4.252,189,8,94,63,0,199,69,0,44,1,63,0,255,77,8,198,69,12,5,141,125,20,49,192,180,4,137,193,243,171,191,229,252,63,0,87,190,241,16,63,0,49,201,65,255,77,12,141,156,141,160,0,0,0,255,214,16,201,115,243,255,69,12,145,1.0,1.0,2.0,2.0,18.0,0,42.0,0
1,0,1,0,0,0,0,1,0,3997696,4096,5,1,569344,86016,4096,195584,0,1048576,4096,4096,0,1,0.0,1,1,1,1,1,1,0,1,1,1,1,0,0.162,0,1,0.162,0.162,0,-1,-1,-1,2.663,1.972,7.963,189,8,118,62,0,199,69,0,44,1,61,0,255,77,8,198,69,12,5,141,125,20,49,192,180,4,137,193,243,171,191,169,217,62,0,87,190,59,113,62,0,49,201,65,255,77,12,141,156,141,160,0,0,0,255,214,16,201,115,243,255,69,12,145,1.0,1.0,2.0,2.0,128.0,1,18.0,0
0,0,0,0,0,0,0,1,0,3801088,4096,5,0,921600,237568,4096,55296,0,1048576,4096,4096,0,1,0.0,1,1,1,1,1,1,0,1,1,1,1,0,0.123,0,1,0.123,0.123,0,-1,-1,-1,2.524,1.524,7.916,189,8,202,59,0,199,69,0,44,1,58,0,255,77,8,198,69,12,5,141,125,20,49,192,180,4,137,193,243,171,191,1,199,60,0,87,190,35,184,59,0,49,201,65,255,77,12,141,156,141,160,0,0,0,255,214,16,201,115,243,255,69,12,145,1.0,1.0,2.0,2.0,-1,1,99.0,0
0,0,1,0,0,0,0,1,0,4063232,4096,5,1,335872,67584,4096,62464,0,1048576,4096,4096,0,1,0.0,1,1,1,1,1,1,0,1,1,1,1,0,0.129,0,1,0.129,0.129,0,-1,-1,-1,2.351,1.656,7.941,189,8,182,62,0,199,69,0,44,1,62,0,255,77,8,198,69,12,5,141,125,20,49,192,180,4,137,193,243,171,191,65,27,63,0,87,190,100,177,62,0,49,201,65,255,77,12,141,156,141,160,0,0,0,255,214,16,201,115,243,255,69,12,145,1.0,1.0,2.0,2.0,-1,1,13.0,0
1,0,1,0,0,0,0,1,0,3801088,4096,5,1,1204224,167424,4096,481280,0,1048576,4096,4096,0,1,0.0,1,1,1,1,1,1,0,1,1,1,1,0,0.177,0,1,0.177,0.177,0,-1,-1,-1,2.723,2.095,7.964,189,8,78,61,0,199,69,0,44,1,58,0,255,77,8,198,69,12,5,141,125,20,49,192,180,4,137,193,243,171,191,150,188,61,0,87,190,196,72,61,0,49,201,65,255,77,12,141,156,141,160,0,0,0,255,214,16,201,115,243,255,69,12,145,1.0,1.0,2.0,2.0,182.0,1,18.0,0
0,0,1,0,1,0,0,0,0,4128768,8192,4,0,172032,40960,8192,8192,0,1048576,4096,8192,0,1,0.0,1,1,1,1,1,1,0,1,1,1,1,0,0.082,0,1,0.082,0.082,0,-1,-1,-1,2.247,1.515,7.84,189,8,82,63,0,199,69,0,44,1,63,0,255,77,8,198,69,12,5,141,125,20,49,192,180,4,137,193,243,171,191,169,143,63,0,87,190,229,77,63,0,49,201,65,255,77,12,141,156,141,160,0,0,0,255,214,16,201,115,243,255,69,12,145,1.0,1.0,2.0,2.0,2.0,1,13.0,0
1,0,1,0,1,0,0,1,0,4128768,8192,4,0,147456,28160,8192,6144,0,1048576,4096,8192,0,1,0.0,1,1,1,1,1,1,0,1,1,1,1,0,0.099,0,1,0.099,0.099,0,-1,-1,-1,2.28,1.704,7.41,189,8,84,63,0,199,69,0,44,1,63,0,255,77,8,198,69,12,5,141,125,20,49,192,180,4,137,193,243,171,191,83,183,63,0,87,190,104,65,63,0,49,201,65,255,77,12,141,156,141,160,0,0,0,255,214,16,201,115,243,255,69,12,145,1.0,1.0,2.0,2.0,2.0,1,25.0,0
1,0,1,0,1,0,0,1,0,4128768,8192,4,0,139264,20480,8192,9728,0,1048576,4096,8192,0,1,0.0,1,1,1,1,1,1,0,1,1,1,1,0,0.1,0,1,0.1,0.1,0,-1,-1,-1,2.299,1.567,6.429,189,8,82,63,0,199,69,0,44,1,63,0,255,77,8,198,69,12,5,141,125,20,49,192,180,4,137,193,243,171,191,214,203,63,0,87,190,84,49,63,0,49,201,65,255,77,12,141,156,141,160,0,0,0,255,214,16,201,115,243,255,69,12,145,1.0,1.0,2.0,2.0,2.0,1,29.0,0
1,0,1,0,0,0,0,1,0,3211264,4096,5,0,8343552,248832,4096,6877696,0,1048576,4096,4096,0,1,0.0,1,1,1,1,1,1,0,1,1,1,1,0,0.088,0,1,0.088,0.088,0,-1,-1,-1,2.77,1.107,7.928,189,8,52,60,0,199,69,0,44,1,49,0,255,77,8,198,69,12,5,141,125,20,49,192,180,4,137,193,243,171,191,2,215,60,0,87,190,3,212,59,0,49,201,65,255,77,12,141,156,141,160,0,0,0,255,214,16,201,115,243,255,69,12,145,1.0,1.0,2.0,2.0,245.0,1,74.0,0
0,0,1,0,0,0,0,1,0,268304384,4096,5,0,311296,88064,4096,2560,0,1048576,8192,4096,0,1,0.0,1,1,1,1,1,1,0,1,1,1,1,0,0.11,0,1,0.11,0.11,0,-1,-1,-1,2.431,1.476,7.944,189,8,148,254,15,199,69,0,44,1,254,15,255,77,8,198,69,12,5,141,125,20,49,192,180,4,137,193,243,171,191,147,217,254,15,87,190,227,142,254,15,49,201,65,255,77,12,141,156,141,160,0,0,0,255,214,16,201,115,243,255,69,12,145,1.0,1.0,2.0,2.0,176.0,1,13.0,0
1,0,1,0,0,0,0,1,0,16711680,4096,6,1,290816,43008,4096,133120,0,262144,8192,4096,0,1,0.0,1,1,1,1,1,1,0,1,1,1,1,0,0.499,0,1,0.499,0.499,0,-1,-1,-1,2.563,4.537,7.47,189,8,60,1,1,199,69,0,44,1,255,0,255,77,8,198,69,12,5,141,125,20,49,192,180,4,137,193,243,171,191,161,120,255,0,87,190,243,78,255,0,49,201,65,255,77,12,141,156,141,160,0,0,0,255,214,16,201,115,243,255,69,12,145,1.0,1.0,2.0,2.0,129.0,1,61.0,0
1,0,1,0,0,0,0,1,0,3997696,4096,5,1,483328,92160,4096,99840,0,1048576,4096,4096,0,1,0.0,1,1,1,1,1,1,0,1,1,1,1,0,0.114,0,1,0.114,0.114,0,-1,-1,-1,2.509,1.451,7.902,189,8,228,61,0,199,69,0,44,1,61,0,255,77,8,198,69,12,5,141,125,20,49,192,180,4,137,193,243,171,191,29,203,62,0,87,190,94,218,61,0,49,201,65,255,77,12,141,156,141,160,0,0,0,255,214,16,201,115,243,255,69,12,145,1.0,1.0,2.0,2.0,-1,1,29.0,0
0,0,0,0,0,0,0,0,0,4128768,4096,4,0,163840,28672,4096,36864,0,1048576,4096,4096,0,1,0.0,1,1,1,1,1,1,0,1,1,1,1,0,0.146,0,1,0.146,0.146,0,-1,-1,-1,2.06,1.939,7.929,189,8,106,63,0,199,69,0,44,1,63,0,255,77,8,198,69,12,5,141,125,20,49,192,180,4,137,193,243,171,191,199,168,63,0,87,190,157,103,63,0,49,201,65,255,77,12,141,156,141,160,0,0,0,255,214,16,201,115,243,255,69,12,145,1.0,1.0,2.0,2.0,-1,1,21.0,0
0,0,0,0,0,0,0,0,0,4128768,4096,4,0,184320,33280,4096,33280,0,1048576,65536,4096,0,1,0.0,1,1,1,1,1,1,0,1,1,1,1,0,0.15,0,1,0.15,0.15,0,-1,-1,-1,2.064,1.79,7.466,189,8,120,63,0,199,69,0,44,1,63,0,255,77,8,198,69,12,5,141,125,20,49,192,180,4,137,193,243,171,191,175,150,63,0,87,190,94,100,63,0,49,201,65,255,77,12,141,156,141,160,0,0,0,255,214,16,201,115,243,255,69,12,145,1.0,1.0,2.0,2.0,-1,1,76.0,0
0,0,0,0,0,0,0,1,0,4063232,4096,5,0,266240,61440,4096,9216,0,1048576,8192,4096,0,1,0.0,1,1,1,1,1,1,0,1,1,1,1,0,0.1,0,1,0.1,0.1,0,-1,-1,-1,2.44,1.39,7.936,189,8,118,62,0,199,69,0,44,1,62,0,255,77,8,198,69,12,5,141,125,20,49,192,180,4,137,193,243,171,191,188,45,63,0,87,190,61,113,62,0,49,201,65,255,77,12,141,156,141,160,0,0,0,255,214,16,201,115,243,255,69,12,145,1.0,1.0,2.0,2.0,173.0,1,13.0,0
1,0,1,0,1,0,0,1,0,4128768,8192,4,0,172032,36864,8192,16384,0,1048576,4096,8192,0,1,0.0,1,1,1,1,1,1,0,1,1,1,1,0,0.142,0,1,0.142,0.142,0,-1,-1,-1,2.293,1.832,6.827,189,8,122,63,0,199,69,0,44,1,63,0,255,77,8,198,69,12,5,141,125,20,49,192,180,4,137,193,243,171,191,216,150,63,0,87,190,61,83,63,0,49,201,65,255,77,12,141,156,141,160,0,0,0,255,214,16,201,115,243,255,69,12,145,1.0,1.0,2.0,2.0,2.0,1,36.0,0
1,0,1,0,0,0,0,1,0,16711680,4096,6,1,155648,33792,4096,12800,0,262144,8192,4096,0,1,0.0,1,1,1,1,1,1,0,1,1,1,1,0,0.11,0,1,0.11,0.11,0,-1,-1,-1,2.51,1.56,7.827,189,8,80,255,0,199,69,0,44,1,255,0,255,77,8,198,69,12,5,141,125,20,49,192,180,4,137,193,243,171,191,35,151,255,0,87,190,129,73,255,0,49,201,65,255,77,12,141,156,141,160,0,0,0,255,214,16,201,115,243,255,69,12,145,1.0,1.0,2.0,2.0,121.0,1,26.0,0
0,0,0,0,0,0,0,0,0,4194304,69632,4,0,258048,53248,4096,135168,0,2097152,4096,4096,7,6,0.538,2,6,0,2,6,0,0,1,0,1,1,0,1.053,8,9,128.0,0.0,0,0.0,0.0,-1,2.582,5.631,6.025,85,139,236,106,255,104,176,225,65,0,104,36,172,65,0,100,161,0,0,0,0,80,100,137,37,0,0,0,0,131,236,16,83,86,87,137,101,232,255,21,36,225,65,0,51,210,138,212,137,21,208,38,66,0,139,200,129,225,255,0,0,0,137,13,5.0,103.0,13.0,0.126,10.0,0,-1,1
0,0,0,0,0,0,0,0,0,4194304,94208,4,0,307200,53248,4096,176128,0,1048576,4096,4096,5,3,0.625,2,2,0,2,2,0,0,1,0,1,1,0,1.057,3,4,1.08,0.0,0,0.0,0.0,4.062,3.399,5.7,5.991,85,139,236,106,255,104,176,65,66,0,104,96,11,66,0,100,161,0,0,0,0,80,100,137,37,0,0,0,0,131,236,88,83,86,87,137,101,232,255,21,36,65,66,0,51,210,138,212,137,21,212,134,66,0,139,200,129,225,255,0,0,0,137,13,10.0,103.0,13.0,0.126,10.0,1,156.0,1
1,0,1,0,0,0,0,1,0,4194304,86016,5,1,299008,53248,4096,159744,0,1048576,4096,4096,6,4,0.6,2,2,0,2,2,0,0,1,0,1,1,0,1.053,4,5,3.122,0.0,0,0.0,0.0,2.109,3.238,5.619,6.028,85,139,236,106,255,104,176,33,66,0,104,36,236,65,0,100,161,0,0,0,0,80,100,137,37,0,0,0,0,131,236,16,83,86,87,137,101,232,255,21,36,33,66,0,51,210,138,212,137,21,208,102,66,0,139,200,129,225,255,0,0,0,137,13,4.0,103.0,13.0,0.126,10.0,1,14.0,1
1,0,1,0,0,0,0,1,0,16777216,126976,6,1,307200,53248,4096,225280,0,1048576,8192,4096,6,3,0.667,2,2,0,2,2,0,0,1,0,1,1,0,1.057,3,4,1.274,0.0,0,0.0,0.0,6.555,3.382,6.45,6.031,85,139,236,106,255,104,176,193,2,1,104,96,139,2,1,100,161,0,0,0,0,80,100,137,37,0,0,0,0,131,236,88,83,86,87,137,101,232,255,21,36,193,2,1,51,210,138,212,137,21,212,6,3,1,139,200,129,225,255,0,0,0,137,13,8.0,103.0,13.0,0.126,10.0,1,86.0,1
0,0,0,0,0,0,0,0,0,4194304,61440,4,0,245760,53248,4096,139264,0,2097152,4096,4096,8,5,0.615,2,7,0,2,7,0,0,1,0,1,1,0,1.057,7,8,128.0,0.0,1,0.0,0.0,3.381,2.619,6.004,5.997,85,139,236,106,255,104,176,193,65,0,104,96,139,65,0,100,161,0,0,0,0,80,100,137,37,0,0,0,0,131,236,88,83,86,87,137,101,232,255,21,36,193,65,0,51,210,138,212,137,21,212,6,66,0,139,200,129,225,255,0,0,0,137,13,13.0,103.0,13.0,0.126,10.0,1,30.0,1
0,0,0,0,0,0,0,0,0,4194304,172032,4,0,405504,53248,4096,188416,0,1048576,4096,4096,5,3,0.625,2,2,0,2,2,0,0,1,0,1,1,0,1.057,3,4,1.08,0.0,0,0.0,0.0,3.922,3.544,5.075,6.013,85,139,236,106,255,104,176,113,67,0,104,96,59,67,0,100,161,0,0,0,0,80,100,137,37,0,0,0,0,131,236,88,83,86,87,137,101,232,255,21,36,113,67,0,51,210,138,212,137,21,212,182,67,0,139,200,129,225,255,0,0,0,137,13,12.0,103.0,13.0,0.126,10.0,1,140.0,1
0,0,0,0,0,0,0,0,0,4194304,73728,4,0,266240,53248,4096,147456,0,2097152,4096,4096,8,5,0.615,2,7,0,2,7,0,0,1,0,1,1,0,1.057,7,8,128.0,0.0,1,0.0,0.0,3.382,2.649,5.896,6.012,85,139,236,106,255,104,176,241,65,0,104,96,187,65,0,100,161,0,0,0,0,80,100,137,37,0,0,0,0,131,236,88,83,86,87,137,101,232,255,21,36,241,65,0,51,210,138,212,137,21,212,54,66,0,139,200,129,225,255,0,0,0,137,13,12.0,103.0,13.0,0.126,10.0,1,30.0,1
0,0,0,0,0,0,0,0,0,4194304,147456,4,0,372736,53248,4096,167936,0,1048576,4096,4096,4,3,0.571,2,2,0,2,2,0,0,1,0,1,1,0,1.053,3,4,1.08,0.0,0,0.0,0.0,-1,3.354,5.132,6.013,85,139,236,106,255,104,176,17,67,0,104,36,220,66,0,100,161,0,0,0,0,80,100,137,37,0,0,0,0,131,236,16,83,86,87,137,101,232,255,21,36,17,67,0,51,210,138,212,137,21,208,86,67,0,139,200,129,225,255,0,0,0,137,13,5.0,103.0,13.0,0.126,10.0,1,-1,1
0,0,0,0,0,0,0,0,0,4194304,65536,4,0,249856,53248,4096,139264,0,2097152,4096,4096,8,5,0.615,2,7,0,2,7,0,0,1,0,1,1,0,1.057,7,8,128.0,0.0,1,0.0,0.0,3.371,2.587,5.92,6.012,85,139,236,106,255,104,176,209,65,0,104,96,155,65,0,100,161,0,0,0,0,80,100,137,37,0,0,0,0,131,236,88,83,86,87,137,101,232,255,21,36,209,65,0,51,210,138,212,137,21,212,22,66,0,139,200,129,225,255,0,0,0,137,13,12.0,103.0,13.0,0.126,10.0,1,30.0,1
0,0,0,0,0,0,0,0,0,4194304,65536,4,0,253952,53248,4096,143360,0,2097152,4096,4096,8,5,0.615,2,7,0,2,7,0,0,1,0,1,1,0,1.057,7,8,128.0,0.0,1,0.0,0.0,3.381,2.616,5.966,6.012,85,139,236,106,255,104,176,209,65,0,104,96,155,65,0,100,161,0,0,0,0,80,100,137,37,0,0,0,0,131,236,88,83,86,87,137,101,232,255,21,36,209,65,0,51,210,138,212,137,21,212,22,66,0,139,200,129,225,255,0,0,0,137,13,9.0,103.0,13.0,0.126,10.0,1,30.0,1
0,0,0,0,0,0,0,0,0,4194304,241664,4,0,512000,53248,4096,225280,0,1048576,4096,4096,5,3,0.625,2,2,0,2,2,0,0,1,0,1,1,0,1.057,3,4,1.08,0.0,0,0.0,0.0,3.545,3.589,4.801,5.996,85,139,236,106,255,104,176,129,68,0,104,96,75,68,0,100,161,0,0,0,0,80,100,137,37,0,0,0,0,131,236,88,83,86,87,137,101,232,255,21,36,129,68,0,51,210,138,212,137,21,212,198,68,0,139,200,129,225,255,0,0,0,137,13,10.0,103.0,13.0,0.126,10.0,1,120.0,1
0,0,0,0,0,0,0,0,0,4194304,65536,4,0,249856,53248,4096,139264,0,2097152,4096,4096,8,5,0.615,2,7,0,2,7,0,0,1,0,1,1,0,1.057,7,8,128.0,0.0,1,0.0,0.0,3.381,2.63,5.996,6.012,85,139,236,106,255,104,176,209,65,0,104,96,155,65,0,100,161,0,0,0,0,80,100,137,37,0,0,0,0,131,236,88,83,86,87,137,101,232,255,21,36,209,65,0,51,210,138,212,137,21,212,22,66,0,139,200,129,225,255,0,0,0,137,13,14.0,103.0,13.0,0.126,10.0,1,30.0,1
1,0,1,0,0,0,0,1,0,4194304,40960,6,3,229376,53248,4096,135168,0,1048576,8192,4096,7,3,0.7,2,2,0,2,2,0,0,1,0,1,1,0,1.057,4,5,1.977,0.0,0,0.0,0.0,2.792,3.429,6.08,6.01,85,139,236,106,255,104,176,113,65,0,104,96,59,65,0,100,161,0,0,0,0,80,100,137,37,0,0,0,0,131,236,88,83,86,87,137,101,232,255,21,36,113,65,0,51,210,138,212,137,21,212,182,65,0,139,200,129,225,255,0,0,0,137,13,8.0,103.0,13.0,0.126,10.0,1,14.0,1
0,0,0,0,0,0,0,0,0,4194304,90112,4,0,286720,53248,4096,151552,0,2097152,4096,4096,8,5,0.615,2,7,0,2,7,0,0,1,0,1,1,0,1.057,7,8,128.0,0.0,1,0.0,0.0,3.389,2.678,5.69,6.002,85,139,236,106,255,104,176,49,66,0,104,96,251,65,0,100,161,0,0,0,0,80,100,137,37,0,0,0,0,131,236,88,83,86,87,137,101,232,255,21,36,49,66,0,51,210,138,212,137,21,212,118,66,0,139,200,129,225,255,0,0,0,137,13,15.0,103.0,13.0,0.126,10.0,1,30.0,1
1,0,1,0,0,0,0,1,0,4194304,901120,5,1,1187840,53248,4096,708608,0,1048576,4096,4096,6,4,0.6,2,2,0,2,2,0,0,1,0,1,1,0,1.053,4,5,1.27,0.0,0,0.0,0.0,3.453,3.613,3.694,6.033,85,139,236,106,255,104,176,145,78,0,104,36,92,78,0,100,161,0,0,0,0,80,100,137,37,0,0,0,0,131,236,16,83,86,87,137,101,232,255,21,36,145,78,0,51,210,138,212,137,21,208,214,78,0,139,200,129,225,255,0,0,0,137,13,6.0,103.0,13.0,0.126,10.0,1,24.0,1
1,0,1,0,0,0,0,1,0,4194304,172032,5,1,425984,53248,4096,200704,0,1048576,4096,4096,6,4,0.6,2,2,0,2,2,0,0,1,0,1,1,0,1.057,4,5,1.556,0.0,0,0.0,0.0,2.468,3.537,5.314,6.013,85,139,236,106,255,104,176,113,67,0,104,96,59,67,0,100,161,0,0,0,0,80,100,137,37,0,0,0,0,131,236,88,83,86,87,137,101,232,255,21,36,113,67,0,51,210,138,212,137,21,212,182,67,0,139,200,129,225,255,0,0,0,137,13,7.0,103.0,13.0,0.126,10.0,1,30.0,1
0,0,0,0,0,0,0,0,0,4194304,61440,4,0,245760,53248,4096,139264,0,2097152,4096,4096,8,5,0.615,2,7,0,2,7,0,0,1,0,1,1,0,1.057,7,8,128.0,0.0,1,0.0,0.0,3.384,2.614,6.008,5.997,85,139,236,106,255,104,176,193,65,0,104,96,139,65,0,100,161,0,0,0,0,80,100,137,37,0,0,0,0,131,236,88,83,86,87,137,101,232,255,21,36,193,65,0,51,210,138,212,137,21,212,6,66,0,139,200,129,225,255,0,0,0,137,13,9.0,103.0,13.0,0.126,10.0,1,30.0,1
0,0,0,0,0,0,0,0,0,4194304,61440,4,0,245760,53248,4096,139264,0,2097152,4096,4096,8,5,0.615,2,7,0,2,7,0,0,1,0,1,1,0,1.057,7,8,128.0,0.0,1,0.0,0.0,3.382,2.608,6.002,5.997,85,139,236,106,255,104,176,193,65,0,104,96,139,65,0,100,161,0,0,0,0,80,100,137,37,0,0,0,0,131,236,88,83,86,87,137,101,232,255,21,36,193,65,0,51,210,138,212,137,21,212,6,66,0,139,200,129,225,255,0,0,0,137,13,14.0,103.0,13.0,0.126,10.0,1,30.0,1
0,0,0,0,0,0,0,1,0,4194304,40960,5,0,225280,53248,4096,135168,0,1048576,8192,4096,5,2,0.714,2,2,0,2,2,0,0,1,0,1,1,0,1.053,2,3,1.965,0.0,0,0.0,0.0,2.817,3.342,6.311,6.027,85,139,236,106,255,104,176,113,65,0,104,36,60,65,0,100,161,0,0,0,0,80,100,137,37,0,0,0,0,131,236,16,83,86,87,137,101,232,255,21,36,113,65,0,51,210,138,212,137,21,208,182,65,0,139,200,129,225,255,0,0,0,137,13,5.0,103.0,13.0,0.126,10.0,1,40.0,1
0,0,0,0,0,0,0,0,0,4194304,81920,4,0,278528,53248,4096,151552,0,2097152,4096,4096,8,5,0.615,2,7,0,2,7,0,0,1,0,1,1,0,1.057,7,8,128.0,0.0,1,0.0,0.0,3.393,2.61,5.954,5.988,85,139,236,106,255,104,176,17,66,0,104,96,219,65,0,100,161,0,0,0,0,80,100,137,37,0,0,0,0,131,236,88,83,86,87,137,101,232,255,21,36,17,66,0,51,210,138,212,137,21,212,86,66,0,139,200,129,225,255,0,0,0,137,13,15.0,103.0,13.0,0.126,10.0,1,30.0,1
0,0,0,0,0,0,0,0,0,4194304,61440,4,0,253952,53248,4096,139264,0,2097152,4096,4096,7,5,0.583,2,7,0,2,7,0,0,1,0,1,1,0,1.053,7,8,128.0,0.0,0,0.0,0.0,-1,2.556,5.748,6.011,85,139,236,106,255,104,176,193,65,0,104,36,140,65,0,100,161,0,0,0,0,80,100,137,37,0,0,0,0,131,236,16,83,86,87,137,101,232,255,21,36,193,65,0,51,210,138,212,137,21,208,6,66,0,139,200,129,225,255,0,0,0,137,13,4.0,103.0,13.0,0.126,10.0,1,-1,1
1,0,1,0,0,0,0,1,0,4194304,36864,5,1,221184,53248,4096,131072,0,1048576,4096,4096,6,5,0.545,2,2,0,2,2,0,0,1,0,1,1,0,1.057,5,6,4.452,0.0,0,0.0,0.0,1.837,3.409,6.507,6.015,85,139,236,106,255,104,176,97,65,0,104,96,43,65,0,100,161,0,0,0,0,80,100,137,37,0,0,0,0,131,236,88,83,86,87,137,101,232,255,21,36,97,65,0,51,210,138,212,137,21,212,166,65,0,139,200,129,225,255,0,0,0,137,13,10.0,103.0,13.0,0.126,10.0,1,8.0,1
0,0,0,0,0,0,0,0,0,4194304,49152,4,0,237568,53248,4096,143360,0,1048576,4096,4096,5,3,0.625,2,2,0,2,2,0,0,1,0,1,1,0,1.057,3,4,1.08,0.0,0,0.0,0.0,5.815,3.364,6.351,6.013,85,139,236,106,255,104,176,145,65,0,104,96,91,65,0,100,161,0,0,0,0,80,100,137,37,0,0,0,0,131,236,88,83,86,87,137,101,232,255,21,36,145,65,0,51,210,138,212,137,21,212,214,65,0,139,200,129,225,255,0,0,0,137,13,8.0,103.0,13.0,0.126,10.0,1,32.0,1
1,0,1,0,0,0,0,1,0,1255145472,311296,6,1,602112,53248,4096,270336,0,1048576,1036288,4096,6,3,0.667,2,2,0,2,2,0,0,1,0,1,1,0,1.053,3,4,1.27,0.0,0,0.0,0.0,3.778,3.565,4.501,6.112,85,139,236,106,255,104,176,145,213,74,104,36,92,213,74,100,161,0,0,0,0,80,100,137,37,0,0,0,0,131,236,16,83,86,87,137,101,232,255,21,36,145,213,74,51,210,138,212,137,21,208,214,213,74,139,200,129,225,255,0,0,0,137,13,6.0,103.0,13.0,0.126,10.0,1,68.0,1
0,0,0,0,0,0,0,0,0,4194304,65536,4,0,253952,53248,4096,143360,0,2097152,4096,4096,8,5,0.615,2,7,0,2,7,0,0,1,0,1,1,0,1.057,7,8,128.0,0.0,1,0.0,0.0,3.388,2.579,6.058,6.012,85,139,236,106,255,104,176,209,65,0,104,96,155,65,0,100,161,0,0,0,0,80,100,137,37,0,0,0,0,131,236,88,83,86,87,137,101,232,255,21,36,209,65,0,51,210,138,212,137,21,212,22,66,0,139,200,129,225,255,0,0,0,137,13,15.0,103.0,13.0,0.126,10.0,1,30.0,1
0,0,0,0,0,0,0,0,0,4194304,65536,4,0,249856,53248,4096,139264,0,2097152,4096,4096,8,5,0.615,2,7,0,2,7,0,0,1,0,1,1,0,1.057,7,8,128.0,0.0,1,0.0,0.0,3.39,2.608,5.974,6.012,85,139,236,106,255,104,176,209,65,0,104,96,155,65,0,100,161,0,0,0,0,80,100,137,37,0,0,0,0,131,236,88,83,86,87,137,101,232,255,21,36,209,65,0,51,210,138,212,137,21,212,22,66,0,139,200,129,225,255,0,0,0,137,13,13.0,103.0,13.0,0.126,10.0,1,30.0,1
0,0,0,0,0,0,0,0,0,4194304,98304,4,0,323584,53248,4096,172032,0,1048576,4096,4096,5,3,0.625,2,2,0,2,2,0,0,1,0,1,1,0,1.053,3,4,4.303,0.0,0,0.0,0.0,0.988,3.429,5.566,6.026,85,139,236,106,255,104,176,81,66,0,104,36,28,66,0,100,161,0,0,0,0,80,100,137,37,0,0,0,0,131,236,16,83,86,87,137,101,232,255,21,36,81,66,0,51,210,138,212,137,21,208,150,66,0,139,200,129,225,255,0,0,0,137,13,7.0,103.0,13.0,0.126,10.0,1,8.0,1
0,0,0,0,0,0,0,0,0,4194304,65536,4,0,253952,53248,4096,143360,0,2097152,4096,4096,8,5,0.615,2,7,0,2,7,0,0,1,0,1,1,0,1.057,7,8,128.0,0.0,1,0.0,0.0,3.381,2.643,6.011,6.012,85,139,236,106,255,104,176,209,65,0,104,96,155,65,0,100,161,0,0,0,0,80,100,137,37,0,0,0,0,131,236,88,83,86,87,137,101,232,255,21,36,209,65,0,51,210,138,212,137,21,212,22,66,0,139,200,129,225,255,0,0,0,137,13,13.0,103.0,13.0,0.126,10.0,1,30.0,1
1,0,1,0,0,0,0,1,0,4194304,794624,5,1,1110016,53248,4096,692224,0,1048576,4096,4096,6,4,0.6,2,2,0,2,2,0,0,1,0,1,1,0,1.053,4,5,1.27,0.0,0,0.0,0.0,4.697,3.397,4.578,6.0,85,139,236,106,255,104,176,241,76,0,104,36,188,76,0,100,161,0,0,0,0,80,100,137,37,0,0,0,0,131,236,16,83,86,87,137,101,232,255,21,36,241,76,0,51,210,138,212,137,21,208,54,77,0,139,200,129,225,255,0,0,0,137,13,8.0,103.0,13.0,0.126,10.0,1,24.0,1
1,0,1,0,0,0,0,1,0,4194304,77824,10,0,270336,53248,4096,172032,0,1048576,4096,4096,7,3,0.7,2,2,0,2,2,0,0,1,0,1,1,0,1.053,4,5,1.27,0.0,0,0.0,0.0,3.604,3.443,6.234,5.99,85,139,236,106,255,104,176,1,66,0,104,36,204,65,0,100,161,0,0,0,0,80,100,137,37,0,0,0,0,131,236,16,83,86,87,137,101,232,255,21,36,1,66,0,51,210,138,212,137,21,208,70,66,0,139,200,129,225,255,0,0,0,137,13,7.0,103.0,13.0,0.126,10.0,1,20.0,1
1,0,1,0,0,0,0,1,0,16777216,73728,6,1,278528,53248,4096,151552,0,1048576,8192,4096,6,3,0.667,2,2,0,2,2,0,0,1,0,1,1,0,1.053,3,4,2.065,0.0,0,0.0,0.0,2.527,3.398,5.688,6.049,85,139,236,106,255,104,176,241,1,1,104,36,188,1,1,100,161,0,0,0,0,80,100,137,37,0,0,0,0,131,236,16,83,86,87,137,101,232,255,21,36,241,1,1,51,210,138,212,137,21,208,54,2,1,139,200,129,225,255,0,0,0,137,13,7.0,103.0,13.0,0.126,10.0,1,20.0,1
0,0,0,0,0,0,0,0,0,4194304,98304,4,0,286720,53248,4096,143360,0,2097152,4096,4096,8,5,0.615,2,7,0,2,7,0,0,1,0,1,1,0,1.057,7,8,128.0,0.0,1,0.0,0.0,3.392,2.641,5.481,6.007,85,139,236,106,255,104,176,81,66,0,104,96,27,66,0,100,161,0,0,0,0,80,100,137,37,0,0,0,0,131,236,88,83,86,87,137,101,232,255,21,36,81,66,0,51,210,138,212,137,21,212,150,66,0,139,200,129,225,255,0,0,0,137,13,13.0,103.0,13.0,0.126,10.0,1,30.0,1
0,0,0,0,0,0,0,0,0,4194304,94208,4,0,294912,53248,4096,155648,0,2097152,4096,4096,8,5,0.615,2,7,0,2,7,0,0,1,0,1,1,0,1.057,7,8,128.0,0.0,1,0.0,0.0,3.381,2.687,5.742,5.991,85,139,236,106,255,104,176,65,66,0,104,96,11,66,0,100,161,0,0,0,0,80,100,137,37,0,0,0,0,131,236,88,83,86,87,137,101,232,255,21,36,65,66,0,51,210,138,212,137,21,212,134,66,0,139,200,129,225,255,0,0,0,137,13,13.0,103.0,13.0,0.126,10.0,1,30.0,1
0,0,0,0,0,0,0,0,0,4194304,57344,4,0,237568,53248,4096,135168,0,2097152,4096,4096,8,5,0.615,2,7,0,2,7,0,0,1,0,1,1,0,1.057,7,8,128.0,0.0,1,0.0,0.0,3.387,2.605,6.049,6.007,85,139,236,106,255,104,176,177,65,0,104,96,123,65,0,100,161,0,0,0,0,80,100,137,37,0,0,0,0,131,236,88,83,86,87,137,101,232,255,21,36,177,65,0,51,210,138,212,137,21,212,246,65,0,139,200,129,225,255,0,0,0,137,13,12.0,103.0,13.0,0.126,10.0,1,30.0,1
1,0,1,0,0,0,0,1,0,16777216,118784,6,1,360448,53248,4096,188416,0,1048576,8192,4096,6,3,0.667,2,2,0,2,2,0,0,1,0,1,1,0,1.053,3,4,4.031,0.0,0,0.0,0.0,1.097,3.438,5.482,6.059,85,139,236,106,255,104,176,161,2,1,104,36,108,2,1,100,161,0,0,0,0,80,100,137,37,0,0,0,0,131,236,16,83,86,87,137,101,232,255,21,36,161,2,1,51,210,138,212,137,21,208,230,2,1,139,200,129,225,255,0,0,0,137,13,6.0,103.0,13.0,0.126,10.0,1,8.0,1
1,0,1,0,0,0,0,1,0,16777216,57344,6,1,262144,53248,4096,151552,0,1048576,8192,4096,6,3,0.667,2,2,0,2,2,0,0,1,0,1,1,0,1.053,3,4,1.954,0.0,0,0.0,0.0,2.65,3.4,5.988,6.026,85,139,236,106,255,104,176,177,1,1,104,36,124,1,1,100,161,0,0,0,0,80,100,137,37,0,0,0,0,131,236,16,83,86,87,137,101,232,255,21,36,177,1,1,51,210,138,212,137,21,208,246,1,1,139,200,129,225,255,0,0,0,137,13,4.0,103.0,13.0,0.126,10.0,1,20.0,1
0,0,0,0,0,0,0,0,0,4194304,69632,4,0,258048,53248,4096,143360,0,2097152,4096,4096,8,5,0.615,2,7,0,2,7,0,0,1,0,1,1,0,1.057,7,8,128.0,0.0,1,0.0,0.0,3.38,2.633,5.888,6.013,85,139,236,106,255,104,176,225,65,0,104,96,171,65,0,100,161,0,0,0,0,80,100,137,37,0,0,0,0,131,236,88,83,86,87,137,101,232,255,21,36,225,65,0,51,210,138,212,137,21,212,38,66,0,139,200,129,225,255,0,0,0,137,13,13.0,103.0,13.0,0.126,10.0,1,30.0,1
1,0,1,0,0,0,0,1,0,4194304,327680,6,0,667648,53248,4096,286720,0,1048576,8192,4096,6,3,0.667,2,2,0,2,2,0,0,1,0,1,1,0,1.053,3,4,1.27,0.0,0,0.0,0.0,3.858,3.479,4.613,6.003,85,139,236,106,255,104,176,209,69,0,104,36,156,69,0,100,161,0,0,0,0,80,100,137,37,0,0,0,0,131,236,16,83,86,87,137,101,232,255,21,36,209,69,0,51,210,138,212,137,21,208,22,70,0,139,200,129,225,255,0,0,0,137,13,3.0,103.0,13.0,0.126,10.0,1,26.0,1
0,0,0,0,0,0,0,0,0,4194304,53248,4,0,233472,53248,4096,135168,0,2097152,4096,4096,8,5,0.615,2,7,0,2,7,0,0,1,0,1,1,0,1.057,7,8,128.0,0.0,1,0.0,0.0,3.374,2.605,6.061,6.004,85,139,236,106,255,104,176,161,65,0,104,96,107,65,0,100,161,0,0,0,0,80,100,137,37,0,0,0,0,131,236,88,83,86,87,137,101,232,255,21,36,161,65,0,51,210,138,212,137,21,212,230,65,0,139,200,129,225,255,0,0,0,137,13,8.0,103.0,13.0,0.126,10.0,1,30.0,1
0,0,1,0,0,0,0,1,0,4194304,90112,5,1,307200,53248,4096,163840,0,1048576,4096,4096,5,4,0.556,2,2,0,2,2,0,0,1,0,1,1,0,1.057,4,5,2.04,0.0,0,0.0,0.0,3.397,3.785,5.792,6.002,85,139,236,106,255,104,176,49,66,0,104,96,251,65,0,100,161,0,0,0,0,80,100,137,37,0,0,0,0,131,236,88,83,86,87,137,101,232,255,21,36,49,66,0,51,210,138,212,137,21,212,118,66,0,139,200,129,225,255,0,0,0,137,13,3.0,103.0,13.0,0.126,10.0,1,10.0,1
0,0,0,0,0,0,0,0,0,4194304,49152,4,0,229376,53248,4096,135168,0,2097152,4096,4096,8,5,0.615,2,7,0,2,7,0,0,1,0,1,1,0,1.057,7,8,128.0,0.0,1,0.0,0.0,3.387,2.604,6.14,6.013,85,139,236,106,255,104,176,145,65,0,104,96,91,65,0,100,161,0,0,0,0,80,100,137,37,0,0,0,0,131,236,88,83,86,87,137,101,232,255,21,36,145,65,0,51,210,138,212,137,21,212,214,65,0,139,200,129,225,255,0,0,0,137,13,9.0,103.0,13.0,0.126,10.0,1,30.0,1
0,0,0,0,0,0,0,0,0,4194304,53248,4,0,233472,53248,4096,135168,0,2097152,4096,4096,8,5,0.615,2,7,0,2,7,0,0,1,0,1,1,0,1.057,7,8,128.0,0.0,1,0.0,0.0,3.385,2.589,6.105,6.004,85,139,236,106,255,104,176,161,65,0,104,96,107,65,0,100,161,0,0,0,0,80,100,137,37,0,0,0,0,131,236,88,83,86,87,137,101,232,255,21,36,161,65,0,51,210,138,212,137,21,212,230,65,0,139,200,129,225,255,0,0,0,137,13,12.0,103.0,13.0,0.126,10.0,1,30.0,1
0,0,0,0,0,0,0,0,0,4194304,118784,4,0,344064,53248,4096,192512,0,1048576,4096,4096,5,3,0.625,2,2,0,2,2,0,0,1,0,1,1,0,1.057,3,4,1.114,0.0,0,0.0,0.0,4.331,3.568,5.794,6.002,85,139,236,106,255,104,176,161,66,0,104,96,107,66,0,100,161,0,0,0,0,80,100,137,37,0,0,0,0,131,236,88,83,86,87,137,101,232,255,21,36,161,66,0,51,210,138,212,137,21,212,230,66,0,139,200,129,225,255,0,0,0,137,13,10.0,103.0,13.0,0.126,10.0,1,140.0,1
0,0,0,0,0,0,0,0,0,16777216,45056,5,0,233472,53248,4096,131072,0,1048576,4096,4096,4,2,0.667,2,2,0,2,2,0,0,1,0,1,1,0,1.053,2,3,1.08,0.0,0,0.0,0.0,-1,2.944,6.028,6.025,85,139,236,106,255,104,176,129,1,1,104,36,76,1,1,100,161,0,0,0,0,80,100,137,37,0,0,0,0,131,236,16,83,86,87,137,101,232,255,21,36,129,1,1,51,210,138,212,137,21,208,198,1,1,139,200,129,225,255,0,0,0,137,13,4.0,103.0,13.0,0.126,10.0,1,-1,1
0,0,0,0,0,0,0,0,0,4194304,73728,4,0,274432,53248,4096,147456,0,2097152,4096,4096,7,4,0.636,2,6,0,2,6,0,0,1,0,1,1,0,1.053,6,7,128.0,0.0,0,0.0,0.0,-1,2.57,5.669,6.026,85,139,236,106,255,104,176,241,65,0,104,36,188,65,0,100,161,0,0,0,0,80,100,137,37,0,0,0,0,131,236,16,83,86,87,137,101,232,255,21,36,241,65,0,51,210,138,212,137,21,208,54,66,0,139,200,129,225,255,0,0,0,137,13,7.0,103.0,13.0,0.126,10.0,1,-1,1
0,0,1,0,0,0,0,1,0,268435456,61440,5,0,262144,53248,4096,147456,0,1048576,8192,4096,5,2,0.714,2,2,0,2,2,0,0,1,0,1,1,0,1.057,2,3,1.08,0.0,0,0.0,0.0,4.162,3.762,6.104,6.03,85,139,236,106,255,104,176,193,1,16,104,96,139,1,16,100,161,0,0,0,0,80,100,137,37,0,0,0,0,131,236,88,83,86,87,137,101,232,255,21,36,193,1,16,51,210,138,212,137,21,212,6,2,16,139,200,129,225,255,0,0,0,137,13,6.0,103.0,13.0,0.126,10.0,1,28.0,1
1,0,1,0,1,0,0,0,0,4194304,90112,4,0,274432,53248,4096,147456,0,2097152,4096,4096,7,3,0.7,2,5,0,2,5,0,0,1,0,1,1,0,1.057,5,6,1.237,0.0,0,0.0,0.0,3.538,2.592,5.406,6.002,85,139,236,106,255,104,176,49,66,0,104,96,251,65,0,100,161,0,0,0,0,80,100,137,37,0,0,0,0,131,236,88,83,86,87,137,101,232,255,21,36,49,66,0,51,210,138,212,137,21,212,118,66,0,139,200,129,225,255,0,0,0,137,13,6.0,103.0,13.0,0.126,10.0,1,84.0,1
0,0,0,0,0,0,0,1,0,4194304,561152,5,0,901120,53248,4096,495616,0,1048576,4096,4096,5,3,0.625,2,2,0,2,2,0,0,1,0,1,1,0,1.057,3,4,1.08,0.0,0,0.0,0.0,5.911,3.533,4.974,6.018,85,139,236,106,255,104,176,97,73,0,104,96,43,73,0,100,161,0,0,0,0,80,100,137,37,0,0,0,0,131,236,88,83,86,87,137,101,232,255,21,36,97,73,0,51,210,138,212,137,21,212,166,73,0,139,200,129,225,255,0,0,0,137,13,9.0,103.0,13.0,0.126,10.0,1,214.0,1
1,0,1,0,0,0,0,1,0,16777216,45056,6,1,233472,53248,4096,135168,0,1048576,8192,4096,6,3,0.667,2,2,0,2,2,0,0,1,0,1,1,0,1.053,3,4,1.992,0.0,0,0.0,0.0,2.602,3.419,6.03,6.025,85,139,236,106,255,104,176,129,1,1,104,36,76,1,1,100,161,0,0,0,0,80,100,137,37,0,0,0,0,131,236,16,83,86,87,137,101,232,255,21,36,129,1,1,51,210,138,212,137,21,208,198,1,1,139,200,129,225,255,0,0,0,137,13,8.0,103.0,13.0,0.126,10.0,1,20.0,1
0,0,0,0,0,0,0,0,0,4194304,57344,4,0,237568,53248,4096,135168,0,2097152,4096,4096,8,5,0.615,2,7,0,2,7,0,0,1,0,1,1,0,1.057,7,8,128.0,0.0,1,0.0,0.0,3.391,2.616,6.038,6.007,85,139,236,106,255,104,176,177,65,0,104,96,123,65,0,100,161,0,0,0,0,80,100,137,37,0,0,0,0,131,236,88,83,86,87,137,101,232,255,21,36,177,65,0,51,210,138,212,137,21,212,246,65,0,139,200,129,225,255,0,0,0,137,13,13.0,103.0,13.0,0.126,10.0,1,30.0,1
0,0,0,0,0,0,0,0,0,4194304,57344,4,0,237568,53248,4096,135168,0,2097152,4096,4096,8,5,0.615,2,7,0,2,7,0,0,1,0,1,1,0,1.057,7,8,128.0,0.0,1,0.0,0.0,3.388,2.609,6.046,6.007,85,139,236,106,255,104,176,177,65,0,104,96,123,65,0,100,161,0,0,0,0,80,100,137,37,0,0,0,0,131,236,88,83,86,87,137,101,232,255,21,36,177,65,0,51,210,138,212,137,21,212,246,65,0,139,200,129,225,255,0,0,0,137,13,12.0,103.0,13.0,0.126,10.0,1,30.0,1
0,0,0,0,0,0,0,0,0,4194304,90112,4,0,290816,53248,4096,155648,0,2097152,4096,4096,8,5,0.615,2,7,0,2,7,0,0,1,0,1,1,0,1.057,7,8,128.0,0.0,1,0.0,0.0,3.391,2.693,5.781,6.002,85,139,236,106,255,104,176,49,66,0,104,96,251,65,0,100,161,0,0,0,0,80,100,137,37,0,0,0,0,131,236,88,83,86,87,137,101,232,255,21,36,49,66,0,51,210,138,212,137,21,212,118,66,0,139,200,129,225,255,0,0,0,137,13,15.0,103.0,13.0,0.126,10.0,1,30.0,1
0,0,0,0,0,0,0,0,0,4194304,49152,4,0,225280,53248,4096,131072,0,2097152,4096,4096,8,5,0.615,2,7,0,2,7,0,0,1,0,1,1,0,1.057,7,8,128.0,0.0,1,0.0,0.0,3.396,2.587,6.108,6.013,85,139,236,106,255,104,176,145,65,0,104,96,91,65,0,100,161,0,0,0,0,80,100,137,37,0,0,0,0,131,236,88,83,86,87,137,101,232,255,21,36,145,65,0,51,210,138,212,137,21,212,214,65,0,139,200,129,225,255,0,0,0,137,13,8.0,103.0,13.0,0.126,10.0,1,30.0,1
0,0,0,0,0,0,0,0,0,4194304,61440,4,0,249856,53248,4096,143360,0,2097152,4096,4096,8,5,0.615,2,7,0,2,7,0,0,1,0,1,1,0,1.057,7,8,128.0,0.0,1,0.0,0.0,3.39,2.621,6.054,5.997,85,139,236,106,255,104,176,193,65,0,104,96,139,65,0,100,161,0,0,0,0,80,100,137,37,0,0,0,0,131,236,88,83,86,87,137,101,232,255,21,36,193,65,0,51,210,138,212,137,21,212,6,66,0,139,200,129,225,255,0,0,0,137,13,13.0,103.0,13.0,0.126,10.0,1,30.0,1
1,0,1,0,0,0,0,1,0,16777216,81920,6,1,294912,53248,4096,159744,0,1048576,8192,4096,6,3,0.667,2,2,0,2,2,0,0,1,0,1,1,0,1.053,3,4,2.236,0.0,0,0.0,0.0,2.466,3.426,5.696,6.043,85,139,236,106,255,104,176,17,2,1,104,36,220,1,1,100,161,0,0,0,0,80,100,137,37,0,0,0,0,131,236,16,83,86,87,137,101,232,255,21,36,17,2,1,51,210,138,212,137,21,208,86,2,1,139,200,129,225,255,0,0,0,137,13,7.0,103.0,13.0,0.126,10.0,1,14.0,1
1,0,1,0,1,0,0,0,0,4194304,90112,4,0,274432,53248,4096,147456,0,2097152,4096,4096,7,3,0.7,2,5,0,2,5,0,0,1,0,1,1,0,1.057,5,6,1.237,0.0,0,0.0,0.0,3.555,2.62,5.407,6.002,85,139,236,106,255,104,176,49,66,0,104,96,251,65,0,100,161,0,0,0,0,80,100,137,37,0,0,0,0,131,236,88,83,86,87,137,101,232,255,21,36,49,66,0,51,210,138,212,137,21,212,118,66,0,139,200,129,225,255,0,0,0,137,13,6.0,103.0,13.0,0.126,10.0,1,84.0,1
1,0,1,0,1,0,0,0,0,4194304,90112,4,0,274432,53248,4096,147456,0,2097152,4096,4096,7,3,0.7,2,5,0,2,5,0,0,1,0,1,1,0,1.057,5,6,1.237,0.0,0,0.0,0.0,3.55,2.616,5.407,6.002,85,139,236,106,255,104,176,49,66,0,104,96,251,65,0,100,161,0,0,0,0,80,100,137,37,0,0,0,0,131,236,88,83,86,87,137,101,232,255,21,36,49,66,0,51,210,138,212,137,21,212,118,66,0,139,200,129,225,255,0,0,0,137,13,6.0,103.0,13.0,0.126,10.0,1,84.0,1
0,0,0,0,0,0,0,0,0,4194304,249856,4,0,548864,53248,4096,282624,0,1048576,4096,4096,5,3,0.625,2,2,0,2,2,0,0,1,0,1,1,0,1.057,3,4,1.08,0.0,0,0.0,0.0,3.753,3.554,5.077,5.996,85,139,236,106,255,104,176,161,68,0,104,96,107,68,0,100,161,0,0,0,0,80,100,137,37,0,0,0,0,131,236,88,83,86,87,137,101,232,255,21,36,161,68,0,51,210,138,212,137,21,212,230,68,0,139,200,129,225,255,0,0,0,137,13,11.0,103.0,13.0,0.126,10.0,1,248.0,1
1,0,1,0,0,0,0,1,0,4194304,131072,5,0,376832,53248,4096,200704,0,1048576,4096,4096,6,4,0.6,2,2,0,2,2,0,0,1,0,1,1,0,1.057,4,5,1.342,0.0,0,0.0,0.0,3.037,3.452,5.559,6.015,85,139,236,106,255,104,176,209,66,0,104,96,155,66,0,100,161,0,0,0,0,80,100,137,37,0,0,0,0,131,236,88,83,86,87,137,101,232,255,21,36,209,66,0,51,210,138,212,137,21,212,22,67,0,139,200,129,225,255,0,0,0,137,13,6.0,103.0,13.0,0.126,10.0,1,76.0,1
1,0,1,0,0,0,0,1,0,4194304,643072,5,1,925696,53248,4096,688128,0,1048576,4096,4096,6,4,0.6,2,2,0,2,2,0,0,1,0,1,1,0,1.053,4,5,1.27,0.0,0,0.0,0.0,6.261,3.508,5.95,6.021,85,139,236,106,255,104,176,161,74,0,104,36,108,74,0,100,161,0,0,0,0,80,100,137,37,0,0,0,0,131,236,16,83,86,87,137,101,232,255,21,36,161,74,0,51,210,138,212,137,21,208,230,74,0,139,200,129,225,255,0,0,0,137,13,6.0,103.0,13.0,0.126,10.0,1,30.0,1
1,0,1,0,0,0,0,1,0,4194304,151552,5,1,409600,53248,4096,204800,0,1048576,4096,4096,6,4,0.6,2,2,0,2,2,0,0,1,0,1,1,0,1.053,4,5,3.048,0.0,0,0.0,0.0,1.739,3.51,5.529,6.033,85,139,236,106,255,104,176,33,67,0,104,36,236,66,0,100,161,0,0,0,0,80,100,137,37,0,0,0,0,131,236,16,83,86,87,137,101,232,255,21,36,33,67,0,51,210,138,212,137,21,208,102,67,0,139,200,129,225,255,0,0,0,137,13,6.0,103.0,13.0,0.126,10.0,1,14.0,1
1,0,1,0,1,0,0,0,0,4194304,90112,4,0,274432,53248,4096,147456,0,2097152,4096,4096,7,3,0.7,2,5,0,2,5,0,0,1,0,1,1,0,1.057,5,6,1.237,0.0,0,0.0,0.0,3.547,2.606,5.405,6.002,85,139,236,106,255,104,176,49,66,0,104,96,251,65,0,100,161,0,0,0,0,80,100,137,37,0,0,0,0,131,236,88,83,86,87,137,101,232,255,21,36,49,66,0,51,210,138,212,137,21,212,118,66,0,139,200,129,225,255,0,0,0,137,13,6.0,103.0,13.0,0.126,10.0,1,84.0,1
0,0,0,0,0,0,0,1,0,4194304,32768,5,0,212992,53248,4096,126976,0,1048576,4096,4096,5,3,0.625,2,2,0,2,2,0,0,1,0,1,1,0,1.053,3,4,5.953,0.0,0,0.0,0.0,1.995,3.361,6.19,6.027,85,139,236,106,255,104,176,81,65,0,104,36,28,65,0,100,161,0,0,0,0,80,100,137,37,0,0,0,0,131,236,16,83,86,87,137,101,232,255,21,36,81,65,0,51,210,138,212,137,21,208,150,65,0,139,200,129,225,255,0,0,0,137,13,6.0,103.0,13.0,0.126,10.0,1,8.0,1
1,0,1,0,0,0,0,1,0,4194304,94208,6,3,315392,53248,4096,167936,0,1048576,8192,4096,7,3,0.7,2,2,0,2,2,0,0,1,0,1,1,0,1.057,4,5,1.947,0.0,0,0.0,0.0,2.835,3.372,5.563,5.991,85,139,236,106,255,104,176,65,66,0,104,96,11,66,0,100,161,0,0,0,0,80,100,137,37,0,0,0,0,131,236,88,83,86,87,137,101,232,255,21,36,65,66,0,51,210,138,212,137,21,212,134,66,0,139,200,129,225,255,0,0,0,137,13,9.0,103.0,13.0,0.126,10.0,1,14.0,1
0,0,0,0,0,0,0,0,0,4194304,53248,4,0,237568,53248,4096,139264,0,2097152,4096,4096,8,5,0.615,2,7,0,2,7,0,0,1,0,1,1,0,1.057,7,8,128.0,0.0,1,0.0,0.0,3.381,2.571,6.129,6.004,85,139,236,106,255,104,176,161,65,0,104,96,107,65,0,100,161,0,0,0,0,80,100,137,37,0,0,0,0,131,236,88,83,86,87,137,101,232,255,21,36,161,65,0,51,210,138,212,137,21,212,230,65,0,139,200,129,225,255,0,0,0,137,13,11.0,103.0,13.0,0.126,10.0,1,30.0,1
0,0,0,0,0,0,0,0,0,4194304,192512,4,0,434176,53248,4096,208896,0,1048576,4096,4096,5,3,0.625,2,2,0,2,2,0,0,1,0,1,1,0,1.057,3,4,1.117,0.0,0,0.0,0.0,4.477,3.401,5.124,5.995,85,139,236,106,255,104,176,193,67,0,104,96,139,67,0,100,161,0,0,0,0,80,100,137,37,0,0,0,0,131,236,88,83,86,87,137,101,232,255,21,36,193,67,0,51,210,138,212,137,21,212,6,68,0,139,200,129,225,255,0,0,0,137,13,11.0,103.0,13.0,0.126,10.0,1,148.0,1
0,0,0,0,0,0,0,0,0,4194304,233472,4,0,421888,53248,4096,131072,0,2097152,4096,4096,6,3,0.667,2,4,0,2,4,0,0,1,0,1,1,0,1.053,5,6,1.08,0.0,0,0.0,0.0,-1,2.518,3.761,6.024,85,139,236,106,255,104,176,97,68,0,104,36,44,68,0,100,161,0,0,0,0,80,100,137,37,0,0,0,0,131,236,16,83,86,87,137,101,232,255,21,36,97,68,0,51,210,138,212,137,21,208,166,68,0,139,200,129,225,255,0,0,0,137,13,4.0,103.0,13.0,0.126,10.0,1,-1,1
0,0,0,0,0,0,0,0,0,4194304,69632,4,0,258048,53248,4096,143360,0,2097152,4096,4096,8,5,0.615,2,7,0,2,7,0,0,1,0,1,1,0,1.057,7,8,128.0,0.0,1,0.0,0.0,3.388,2.643,6.042,6.013,85,139,236,106,255,104,176,225,65,0,104,96,171,65,0,100,161,0,0,0,0,80,100,137,37,0,0,0,0,131,236,88,83,86,87,137,101,232,255,21,36,225,65,0,51,210,138,212,137,21,212,38,66,0,139,200,129,225,255,0,0,0,137,13,17.0,103.0,13.0,0.126,10.0,1,30.0,1
0,0,0,0,0,0,0,0,0,4194304,1671168,4,0,2846720,53248,4096,1163264,0,1048576,4096,4096,5,3,0.625,2,2,0,2,2,0,0,1,0,1,1,0,1.057,3,4,1.088,0.0,0,0.0,0.0,3.975,3.587,4.246,6.013,85,139,236,106,255,104,176,81,90,0,104,96,27,90,0,100,161,0,0,0,0,80,100,137,37,0,0,0,0,131,236,88,83,86,87,137,101,232,255,21,36,81,90,0,51,210,138,212,137,21,212,150,90,0,139,200,129,225,255,0,0,0,137,13,12.0,103.0,13.0,0.126,10.0,1,106.0,1
1,0,1,0,0,0,0,1,0,16777216,36864,6,1,225280,53248,4096,135168,0,1048576,8192,4096,6,3,0.667,2,2,0,2,2,0,0,1,0,1,1,0,1.053,3,4,1.969,0.0,0,0.0,0.0,2.62,3.341,6.174,6.037,85,139,236,106,255,104,176,97,1,1,104,36,44,1,1,100,161,0,0,0,0,80,100,137,37,0,0,0,0,131,236,16,83,86,87,137,101,232,255,21,36,97,1,1,51,210,138,212,137,21,208,166,1,1,139,200,129,225,255,0,0,0,137,13,7.0,103.0,13.0,0.126,10.0,1,20.0,1
1,0,1,0,0,0,0,1,0,4194304,40960,5,0,221184,53248,4096,143360,0,1048576,4096,4096,6,4,0.6,2,2,0,2,2,0,0,1,0,1,1,0,1.057,4,5,1.274,0.0,0,0.0,0.0,4.098,3.455,6.635,6.01,85,139,236,106,255,104,176,113,65,0,104,96,59,65,0,100,161,0,0,0,0,80,100,137,37,0,0,0,0,131,236,88,83,86,87,137,101,232,255,21,36,113,65,0,51,210,138,212,137,21,212,182,65,0,139,200,129,225,255,0,0,0,137,13,9.0,103.0,13.0,0.126,10.0,1,44.0,1
1,0,1,0,0,0,0,1,0,16777216,28672,6,1,208896,53248,4096,126976,0,1048576,8192,4096,6,3,0.667,2,2,0,2,2,0,0,1,0,1,1,0,1.053,3,4,3.71,0.0,0,0.0,0.0,1.174,3.318,6.225,5.998,85,139,236,106,255,104,176,65,1,1,104,36,12,1,1,100,161,0,0,0,0,80,100,137,37,0,0,0,0,131,236,16,83,86,87,137,101,232,255,21,36,65,1,1,51,210,138,212,137,21,208,134,1,1,139,200,129,225,255,0,0,0,137,13,5.0,103.0,13.0,0.126,10.0,1,8.0,1
0,0,0,0,0,0,0,0,0,4194304,49152,4,0,233472,53248,4096,131072,0,2097152,4096,4096,7,5,0.583,2,6,0,2,6,0,0,1,0,1,1,0,1.057,7,8,128.0,0.0,0,0.0,0.0,-1,2.487,5.853,6.013,85,139,236,106,255,104,176,145,65,0,104,96,91,65,0,100,161,0,0,0,0,80,100,137,37,0,0,0,0,131,236,88,83,86,87,137,101,232,255,21,36,145,65,0,51,210,138,212,137,21,212,214,65,0,139,200,129,225,255,0,0,0,137,13,6.0,103.0,13.0,0.126,10.0,1,-1,1
0,0,0,0,0,0,0,0,0,4194304,122880,4,0,352256,53248,4096,200704,0,1048576,4096,4096,5,3,0.625,2,2,0,2,2,0,0,1,0,1,1,0,1.057,3,4,1.148,0.0,0,0.0,0.0,3.575,3.345,5.762,6.007,85,139,236,106,255,104,176,177,66,0,104,96,123,66,0,100,161,0,0,0,0,80,100,137,37,0,0,0,0,131,236,88,83,86,87,137,101,232,255,21,36,177,66,0,51,210,138,212,137,21,212,246,66,0,139,200,129,225,255,0,0,0,137,13,10.0,103.0,13.0,0.126,10.0,1,180.0,1
1,0,1,0,0,0,0,1,0,16777216,36864,6,1,225280,53248,4096,135168,0,1048576,8192,4096,6,3,0.667,2,2,0,2,2,0,0,1,0,1,1,0,1.053,3,4,1.977,0.0,0,0.0,0.0,2.621,3.389,6.154,6.037,85,139,236,106,255,104,176,97,1,1,104,36,44,1,1,100,161,0,0,0,0,80,100,137,37,0,0,0,0,131,236,16,83,86,87,137,101,232,255,21,36,97,1,1,51,210,138,212,137,21,208,166,1,1,139,200,129,225,255,0,0,0,137,13,6.0,103.0,13.0,0.126,10.0,1,20.0,1
0,0,0,0,0,0,0,0,0,4194304,69632,4,0,258048,53248,4096,143360,0,2097152,4096,4096,8,5,0.615,2,7,0,2,7,0,0,1,0,1,1,0,1.057,7,8,128.0,0.0,1,0.0,0.0,3.38,2.644,5.931,6.013,85,139,236,106,255,104,176,225,65,0,104,96,171,65,0,100,161,0,0,0,0,80,100,137,37,0,0,0,0,131,236,88,83,86,87,137,101,232,255,21,36,225,65,0,51,210,138,212,137,21,212,38,66,0,139,200,129,225,255,0,0,0,137,13,13.0,103.0,13.0,0.126,10.0,1,30.0,1
1,0,1,0,0,0,0,1,0,4194304,143360,5,1,397312,53248,4096,200704,0,1048576,4096,4096,6,4,0.6,2,2,0,2,2,0,0,1,0,1,1,0,1.057,4,5,1.442,0.0,0,0.0,0.0,3.148,3.366,5.59,5.982,85,139,236,106,255,104,176,1,67,0,104,96,203,66,0,100,161,0,0,0,0,80,100,137,37,0,0,0,0,131,236,88,83,86,87,137,101,232,255,21,36,1,67,0,51,210,138,212,137,21,212,70,67,0,139,200,129,225,255,0,0,0,137,13,6.0,103.0,13.0,0.126,10.0,1,24.0,1
0,0,0,0,0,0,0,0,0,4194304,53248,4,0,233472,53248,4096,135168,0,2097152,4096,4096,8,5,0.615,2,7,0,2,7,0,0,1,0,1,1,0,1.057,7,8,128.0,0.0,1,0.0,0.0,3.382,2.602,6.103,6.004,85,139,236,106,255,104,176,161,65,0,104,96,107,65,0,100,161,0,0,0,0,80,100,137,37,0,0,0,0,131,236,88,83,86,87,137,101,232,255,21,36,161,65,0,51,210,138,212,137,21,212,230,65,0,139,200,129,225,255,0,0,0,137,13,9.0,103.0,13.0,0.126,10.0,1,30.0,1
1,0,1,0,0,0,0,1,0,16777216,28672,6,1,208896,53248,4096,126976,0,1048576,8192,4096,6,3,0.667,2,2,0,2,2,0,0,1,0,1,1,0,1.053,3,4,2.016,0.0,0,0.0,0.0,2.58,3.344,6.255,5.998,85,139,236,106,255,104,176,65,1,1,104,36,12,1,1,100,161,0,0,0,0,80,100,137,37,0,0,0,0,131,236,16,83,86,87,137,101,232,255,21,36,65,1,1,51,210,138,212,137,21,208,134,1,1,139,200,129,225,255,0,0,0,137,13,6.0,103.0,13.0,0.126,10.0,1,20.0,1
0,0,0,0,0,0,0,0,0,4194304,151552,4,0,380928,53248,4096,172032,0,1048576,4096,4096,4,3,0.571,2,2,0,2,2,0,0,1,0,1,1,0,1.053,3,4,1.08,0.0,0,0.0,0.0,-1,3.356,5.125,6.033,85,139,236,106,255,104,176,33,67,0,104,36,236,66,0,100,161,0,0,0,0,80,100,137,37,0,0,0,0,131,236,16,83,86,87,137,101,232,255,21,36,33,67,0,51,210,138,212,137,21,208,102,67,0,139,200,129,225,255,0,0,0,137,13,5.0,103.0,13.0,0.126,10.0,1,-1,1
0,0,1,0,0,0,0,1,0,4194304,221184,5,1,520192,53248,4096,245760,0,1048576,4096,4096,5,3,0.625,2,2,0,2,2,0,0,1,0,1,1,0,1.053,3,4,2.96,0.0,0,0.0,0.0,1.773,3.636,5.236,6.019,85,139,236,106,255,104,176,49,68,0,104,36,252,67,0,100,161,0,0,0,0,80,100,137,37,0,0,0,0,131,236,16,83,86,87,137,101,232,255,21,36,49,68,0,51,210,138,212,137,21,208,118,68,0,139,200,129,225,255,0,0,0,137,13,6.0,103.0,13.0,0.126,10.0,1,14.0,1
1,0,1,0,0,0,0,1,0,16777216,40960,6,1,233472,53248,4096,139264,0,1048576,8192,4096,6,3,0.667,2,2,0,2,2,0,0,1,0,1,1,0,1.053,3,4,2.008,0.0,0,0.0,0.0,2.577,3.38,6.147,6.033,85,139,236,106,255,104,176,113,1,1,104,36,60,1,1,100,161,0,0,0,0,80,100,137,37,0,0,0,0,131,236,16,83,86,87,137,101,232,255,21,36,113,1,1,51,210,138,212,137,21,208,182,1,1,139,200,129,225,255,0,0,0,137,13,7.0,103.0,13.0,0.126,10.0,1,20.0,1
0,0,0,0,0,0,0,0,0,4194304,126976,4,0,356352,53248,4096,200704,0,1048576,4096,4096,5,3,0.625,2,2,0,2,2,0,0,1,0,1,1,0,1.057,3,4,1.08,0.0,0,0.0,0.0,4.713,3.554,5.794,6.0,85,139,236,106,255,104,176,193,66,0,104,96,139,66,0,100,161,0,0,0,0,80,100,137,37,0,0,0,0,131,236,88,83,86,87,137,101,232,255,21,36,193,66,0,51,210,138,212,137,21,212,6,67,0,139,200,129,225,255,0,0,0,137,13,9.0,103.0,13.0,0.126,10.0,1,184.0,1
0,0,0,0,0,0,0,0,0,4194304,53248,4,0,233472,53248,4096,135168,0,2097152,4096,4096,8,5,0.615,2,7,0,2,7,0,0,1,0,1,1,0,1.057,7,8,128.0,0.0,1,0.0,0.0,3.381,2.58,6.095,6.004,85,139,236,106,255,104,176,161,65,0,104,96,107,65,0,100,161,0,0,0,0,80,100,137,37,0,0,0,0,131,236,88,83,86,87,137,101,232,255,21,36,161,65,0,51,210,138,212,137,21,212,230,65,0,139,200,129,225,255,0,0,0,137,13,12.0,103.0,13.0,0.126,10.0,1,30.0,1
0,0,0,0,0,0,0,0,0,4194304,73728,4,0,266240,53248,4096,147456,0,2097152,4096,4096,8,5,0.615,2,7,0,2,7,0,0,1,0,1,1,0,1.057,7,8,128.0,0.0,1,0.0,0.0,3.382,2.646,5.954,6.012,85,139,236,106,255,104,176,241,65,0,104,96,187,65,0,100,161,0,0,0,0,80,100,137,37,0,0,0,0,131,236,88,83,86,87,137,101,232,255,21,36,241,65,0,51,210,138,212,137,21,212,54,66,0,139,200,129,225,255,0,0,0,137,13,14.0,103.0,13.0,0.126,10.0,1,30.0,1
0,0,0,0,0,0,0,0,0,4194304,413696,4,0,626688,53248,4096,159744,0,2097152,4096,4096,7,3,0.7,2,5,0,2,5,0,0,1,0,1,1,0,1.053,5,6,1.08,0.0,0,0.0,0.0,2.926,2.624,3.089,6.029,85,139,236,106,255,104,176,33,71,0,104,36,236,70,0,100,161,0,0,0,0,80,100,137,37,0,0,0,0,131,236,16,83,86,87,137,101,232,255,21,36,33,71,0,51,210,138,212,137,21,208,102,71,0,139,200,129,225,255,0,0,0,137,13,4.0,103.0,13.0,0.126,10.0,1,20.0,1
0,0,0,0,0,0,0,0,0,4194304,3874816,4,0,4059136,53248,4096,139264,0,2097152,4096,4096,8,5,0.615,2,7,0,2,7,0,0,1,0,1,1,0,1.057,7,8,128.0,0.0,1,0.0,0.0,3.388,2.703,0.549,6.015,85,139,236,106,255,104,176,241,123,0,104,96,187,123,0,100,161,0,0,0,0,80,100,137,37,0,0,0,0,131,236,88,83,86,87,137,101,232,255,21,36,241,123,0,51,210,138,212,137,21,212,54,124,0,139,200,129,225,255,0,0,0,137,13,12.0,103.0,13.0,0.126,10.0,1,30.0,1
0,0,0,0,1,0,0,0,0,4194304,28672,4,0,204800,53248,4096,131072,0,1048576,4096,4096,5,3,0.625,2,2,0,2,2,0,0,1,0,1,1,0,1.057,3,4,1.211,0.0,0,0.0,0.0,4.368,3.012,6.343,5.985,85,139,236,106,255,104,176,65,65,0,104,96,11,65,0,100,161,0,0,0,0,80,100,137,37,0,0,0,0,131,236,88,83,86,87,137,101,232,255,21,36,65,65,0,51,210,138,212,137,21,212,134,65,0,139,200,129,225,255,0,0,0,137,13,4.0,103.0,13.0,0.126,10.0,1,36.0,1
0,0,0,0,0,0,0,0,0,4194304,57344,4,0,241664,53248,4096,139264,0,2097152,4096,4096,8,5,0.615,2,7,0,2,7,0,0,1,0,1,1,0,1.057,7,8,128.0,0.0,1,0.0,0.0,3.384,2.611,6.069,6.007,85,139,236,106,255,104,176,177,65,0,104,96,123,65,0,100,161,0,0,0,0,80,100,137,37,0,0,0,0,131,236,88,83,86,87,137,101,232,255,21,36,177,65,0,51,210,138,212,137,21,212,246,65,0,139,200,129,225,255,0,0,0,137,13,13.0,103.0,13.0,0.126,10.0,1,30.0,1
1,0,1,0,0,0,0,1,0,16777216,90112,6,1,266240,53248,4096,192512,0,1048576,8192,4096,6,3,0.667,2,2,0,2,2,0,0,1,0,1,1,0,1.057,3,4,1.274,0.0,0,0.0,0.0,6.902,3.344,6.629,6.039,85,139,236,106,255,104,176,49,2,1,104,96,251,1,1,100,161,0,0,0,0,80,100,137,37,0,0,0,0,131,236,88,83,86,87,137,101,232,255,21,36,49,2,1,51,210,138,212,137,21,212,118,2,1,139,200,129,225,255,0,0,0,137,13,7.0,103.0,13.0,0.126,10.0,1,68.0,1
1,0,1,0,0,0,0,1,0,4194304,81920,5,1,278528,53248,4096,172032,0,1048576,4096,4096,6,4,0.6,2,2,0,2,2,0,0,1,0,1,1,0,1.057,4,5,1.274,0.0,0,0.0,0.0,5.25,3.654,6.086,5.988,85,139,236,106,255,104,176,17,66,0,104,96,219,65,0,100,161,0,0,0,0,80,100,137,37,0,0,0,0,131,236,88,83,86,87,137,101,232,255,21,36,17,66,0,51,210,138,212,137,21,212,86,66,0,139,200,129,225,255,0,0,0,137,13,9.0,103.0,13.0,0.126,10.0,1,126.0,1
0,0,0,0,0,0,0,0,0,4194304,65536,4,0,253952,53248,4096,143360,0,2097152,4096,4096,8,5,0.615,2,7,0,2,7,0,0,1,0,1,1,0,1.057,7,8,128.0,0.0,1,0.0,0.0,3.4,2.603,5.977,6.012,85,139,236,106,255,104,176,209,65,0,104,96,155,65,0,100,161,0,0,0,0,80,100,137,37,0,0,0,0,131,236,88,83,86,87,137,101,232,255,21,36,209,65,0,51,210,138,212,137,21,212,22,66,0,139,200,129,225,255,0,0,0,137,13,12.0,103.0,13.0,0.126,10.0,1,30.0,1
1,0,1,0,0,0,0,1,0,4194304,229376,5,1,499712,53248,4096,278528,0,1048576,4096,4096,6,4,0.6,2,2,0,2,2,0,0,1,0,1,1,0,1.053,4,5,1.27,0.0,0,0.0,0.0,6.139,3.555,5.625,6.022,85,139,236,106,255,104,176,81,68,0,104,36,28,68,0,100,161,0,0,0,0,80,100,137,37,0,0,0,0,131,236,16,83,86,87,137,101,232,255,21,36,81,68,0,51,210,138,212,137,21,208,150,68,0,139,200,129,225,255,0,0,0,137,13,8.0,103.0,13.0,0.126,10.0,1,24.0,1
0,0,0,0,0,0,0,0,0,4194304,73728,4,0,266240,53248,4096,147456,0,2097152,4096,4096,8,5,0.615,2,7,0,2,7,0,0,1,0,1,1,0,1.057,7,8,128.0,0.0,1,0.0,0.0,3.381,2.647,5.939,6.012,85,139,236,106,255,104,176,241,65,0,104,96,187,65,0,100,161,0,0,0,0,80,100,137,37,0,0,0,0,131,236,88,83,86,87,137,101,232,255,21,36,241,65,0,51,210,138,212,137,21,212,54,66,0,139,200,129,225,255,0,0,0,137,13,13.0,103.0,13.0,0.126,10.0,1,30.0,1
0,0,0,0,0,0,0,0,0,4194304,7180288,5,0,10649600,53248,4096,5361664,0,1048576,16384,4096,10,6,0.625,3,6,0,3,6,0,0,1,0,1,1,0,1.057,8,9,44.043,0.0,1,0.0,0.0,6.691,2.469,4.66,6.023,85,139,236,106,255,104,176,97,174,0,104,96,43,174,0,100,161,0,0,0,0,80,100,137,37,0,0,0,0,131,236,88,83,86,87,137,101,232,255,21,36,97,174,0,51,210,138,212,137,21,212,166,174,0,139,200,129,225,255,0,0,0,137,13,19.0,103.0,13.0,0.126,10.0,1,558.0,1
0,0,1,0,0,0,0,1,0,4194304,6262784,5,1,7618560,53248,4096,5808128,0,1048576,4096,4096,5,3,0.625,2,2,0,2,2,0,0,1,0,1,1,0,1.057,2,3,1.08,0.0,1,0.0,0.0,6.223,3.999,5.565,6.018,85,139,236,106,255,104,176,97,160,0,104,96,43,160,0,100,161,0,0,0,0,80,100,137,37,0,0,0,0,131,236,88,83,86,87,137,101,232,255,21,36,97,160,0,51,210,138,212,137,21,212,166,160,0,139,200,129,225,255,0,0,0,137,13,18.0,103.0,13.0,0.126,10.0,0,874.0,1
1,0,1,0,0,0,0,1,0,4194304,176128,5,1,454656,53248,4096,225280,0,1048576,4096,4096,6,4,0.6,2,2,0,2,2,0,0,1,0,1,1,0,1.053,4,5,3.048,0.0,0,0.0,0.0,1.736,3.65,5.441,6.023,85,139,236,106,255,104,176,129,67,0,104,36,76,67,0,100,161,0,0,0,0,80,100,137,37,0,0,0,0,131,236,16,83,86,87,137,101,232,255,21,36,129,67,0,51,210,138,212,137,21,208,198,67,0,139,200,129,225,255,0,0,0,137,13,6.0,103.0,13.0,0.126,10.0,1,14.0,1
1,0,1,0,0,0,0,1,0,16777216,28672,6,1,212992,53248,4096,131072,0,1048576,8192,4096,6,3,0.667,2,2,0,2,2,0,0,1,0,1,1,0,1.053,3,4,1.772,0.0,0,0.0,0.0,3.01,3.383,6.28,5.998,85,139,236,106,255,104,176,65,1,1,104,36,12,1,1,100,161,0,0,0,0,80,100,137,37,0,0,0,0,131,236,16,83,86,87,137,101,232,255,21,36,65,1,1,51,210,138,212,137,21,208,134,1,1,139,200,129,225,255,0,0,0,137,13,7.0,103.0,13.0,0.126,10.0,1,20.0,1
0,0,0,0,0,0,0,0,0,4194304,110592,4,0,307200,53248,4096,143360,0,2097152,4096,4096,7,5,0.583,2,7,0,2,7,0,0,1,0,1,1,0,1.053,7,8,128.0,0.0,0,0.0,0.0,-1,2.641,5.099,6.016,85,139,236,106,255,104,176,129,66,0,104,36,76,66,0,100,161,0,0,0,0,80,100,137,37,0,0,0,0,131,236,16,83,86,87,137,101,232,255,21,36,129,66,0,51,210,138,212,137,21,208,198,66,0,139,200,129,225,255,0,0,0,137,13,5.0,103.0,13.0,0.126,10.0,1,-1,1
0,0,0,0,0,0,0,0,0,4194304,65536,4,0,253952,53248,4096,143360,0,2097152,4096,4096,8,5,0.615,2,7,0,2,7,0,0,1,0,1,1,0,1.057,7,8,128.0,0.0,1,0.0,0.0,3.372,2.62,5.994,6.012,85,139,236,106,255,104,176,209,65,0,104,96,155,65,0,100,161,0,0,0,0,80,100,137,37,0,0,0,0,131,236,88,83,86,87,137,101,232,255,21,36,209,65,0,51,210,138,212,137,21,212,22,66,0,139,200,129,225,255,0,0,0,137,13,13.0,103.0,13.0,0.126,10.0,1,30.0,1
0,0,0,0,0,0,0,0,0,4194304,77824,4,0,282624,53248,4096,147456,0,2097152,4096,4096,6,4,0.6,2,5,0,2,5,0,0,1,0,1,1,0,1.053,6,7,1.08,0.0,0,0.0,0.0,-1,2.533,5.876,5.99,85,139,236,106,255,104,176,1,66,0,104,36,204,65,0,100,161,0,0,0,0,80,100,137,37,0,0,0,0,131,236,16,83,86,87,137,101,232,255,21,36,1,66,0,51,210,138,212,137,21,208,70,66,0,139,200,129,225,255,0,0,0,137,13,5.0,103.0,13.0,0.126,10.0,1,-1,1
0,0,0,0,0,0,0,0,0,4194304,61440,4,0,249856,53248,4096,143360,0,2097152,4096,4096,8,5,0.615,2,7,0,2,7,0,0,1,0,1,1,0,1.057,7,8,128.0,0.0,1,0.0,0.0,3.386,2.589,6.019,5.997,85,139,236,106,255,104,176,193,65,0,104,96,139,65,0,100,161,0,0,0,0,80,100,137,37,0,0,0,0,131,236,88,83,86,87,137,101,232,255,21,36,193,65,0,51,210,138,212,137,21,212,6,66,0,139,200,129,225,255,0,0,0,137,13,12.0,103.0,13.0,0.126,10.0,1,30.0,1
0,0,0,0,0,0,0,0,0,4194304,110592,4,0,311296,53248,4096,147456,0,2097152,4096,4096,7,5,0.583,2,7,0,2,7,0,0,1,0,1,1,0,1.053,7,8,128.0,0.0,0,0.0,0.0,-1,2.632,5.104,6.016,85,139,236,106,255,104,176,129,66,0,104,36,76,66,0,100,161,0,0,0,0,80,100,137,37,0,0,0,0,131,236,16,83,86,87,137,101,232,255,21,36,129,66,0,51,210,138,212,137,21,208,198,66,0,139,200,129,225,255,0,0,0,137,13,5.0,103.0,13.0,0.126,10.0,1,-1,1
1,0,1,0,0,0,0,1,0,16777216,598016,6,1,864256,53248,4096,684032,0,1048576,8192,4096,6,3,0.667,2,2,0,2,2,0,0,1,0,1,1,0,1.057,3,4,1.274,0.0,0,0.0,0.0,6.141,3.532,5.937,6.068,85,139,236,106,255,104,176,241,9,1,104,96,187,9,1,100,161,0,0,0,0,80,100,137,37,0,0,0,0,131,236,88,83,86,87,137,101,232,255,21,36,241,9,1,51,210,138,212,137,21,212,54,10,1,139,200,129,225,255,0,0,0,137,13,12.0,103.0,13.0,0.126,10.0,1,226.0,1
0,0,0,0,0,0,0,0,0,4194304,114688,4,0,335872,53248,4096,196608,0,1048576,4096,4096,5,3,0.625,2,2,0,2,2,0,0,1,0,1,1,0,1.057,3,4,1.089,0.0,0,0.0,0.0,4.596,3.418,5.897,6.011,85,139,236,106,255,104,176,145,66,0,104,96,91,66,0,100,161,0,0,0,0,80,100,137,37,0,0,0,0,131,236,88,83,86,87,137,101,232,255,21,36,145,66,0,51,210,138,212,137,21,212,214,66,0,139,200,129,225,255,0,0,0,137,13,8.0,103.0,13.0,0.126,10.0,1,176.0,1
0,0,0,0,0,0,0,0,0,4194304,53248,4,0,233472,53248,4096,135168,0,2097152,4096,4096,8,5,0.615,2,7,0,2,7,0,0,1,0,1,1,0,1.057,7,8,128.0,0.0,1,0.0,0.0,3.39,2.585,6.089,6.004,85,139,236,106,255,104,176,161,65,0,104,96,107,65,0,100,161,0,0,0,0,80,100,137,37,0,0,0,0,131,236,88,83,86,87,137,101,232,255,21,36,161,65,0,51,210,138,212,137,21,212,230,65,0,139,200,129,225,255,0,0,0,137,13,9.0,103.0,13.0,0.126,10.0,1,30.0,1
0,0,0,0,0,0,0,0,0,4194304,57344,4,0,241664,53248,4096,139264,0,2097152,4096,4096,8,5,0.615,2,7,0,2,7,0,0,1,0,1,1,0,1.057,7,8,128.0,0.0,1,0.0,0.0,3.376,2.611,6.071,6.007,85,139,236,106,255,104,176,177,65,0,104,96,123,65,0,100,161,0,0,0,0,80,100,137,37,0,0,0,0,131,236,88,83,86,87,137,101,232,255,21,36,177,65,0,51,210,138,212,137,21,212,246,65,0,139,200,129,225,255,0,0,0,137,13,13.0,103.0,13.0,0.126,10.0,1,30.0,1
0,0,0,0,0,0,0,0,0,4194304,49152,4,0,229376,53248,4096,135168,0,2097152,4096,4096,8,5,0.615,2,7,0,2,7,0,0,1,0,1,1,0,1.057,7,8,128.0,0.0,1,0.0,0.0,3.401,2.595,6.13,6.013,85,139,236,106,255,104,176,145,65,0,104,96,91,65,0,100,161,0,0,0,0,80,100,137,37,0,0,0,0,131,236,88,83,86,87,137,101,232,255,21,36,145,65,0,51,210,138,212,137,21,212,214,65,0,139,200,129,225,255,0,0,0,137,13,9.0,103.0,13.0,0.126,10.0,1,30.0,1
0,0,0,0,0,0,0,0,0,4194304,61440,4,0,245760,53248,4096,139264,0,2097152,4096,4096,8,5,0.615,2,7,0,2,7,0,0,1,0,1,1,0,1.057,7,8,128.0,0.0,1,0.0,0.0,3.392,2.605,6.018,5.997,85,139,236,106,255,104,176,193,65,0,104,96,139,65,0,100,161,0,0,0,0,80,100,137,37,0,0,0,0,131,236,88,83,86,87,137,101,232,255,21,36,193,65,0,51,210,138,212,137,21,212,6,66,0,139,200,129,225,255,0,0,0,137,13,12.0,103.0,13.0,0.126,10.0,1,30.0,1
0,0,0,0,0,0,0,0,0,4194304,57344,4,0,237568,53248,4096,135168,0,2097152,4096,4096,8,5,0.615,2,7,0,2,7,0,0,1,0,1,1,0,1.057,7,8,128.0,0.0,1,0.0,0.0,3.378,2.597,6.04,6.007,85,139,236,106,255,104,176,177,65,0,104,96,123,65,0,100,161,0,0,0,0,80,100,137,37,0,0,0,0,131,236,88,83,86,87,137,101,232,255,21,36,177,65,0,51,210,138,212,137,21,212,246,65,0,139,200,129,225,255,0,0,0,137,13,12.0,103.0,13.0,0.126,10.0,1,30.0,1
0,0,0,0,0,0,0,0,0,4194304,57344,4,0,237568,53248,4096,135168,0,2097152,4096,4096,8,5,0.615,2,7,0,2,7,0,0,1,0,1,1,0,1.057,7,8,128.0,0.0,1,0.0,0.0,3.38,2.616,6.046,6.007,85,139,236,106,255,104,176,177,65,0,104,96,123,65,0,100,161,0,0,0,0,80,100,137,37,0,0,0,0,131,236,88,83,86,87,137,101,232,255,21,36,177,65,0,51,210,138,212,137,21,212,246,65,0,139,200,129,225,255,0,0,0,137,13,12.0,103.0,13.0,0.126,10.0,1,30.0,1
0,0,0,0,0,0,0,0,0,4194304,61440,4,0,245760,53248,4096,139264,0,2097152,4096,4096,8,5,0.615,2,7,0,2,7,0,0,1,0,1,1,0,1.057,7,8,128.0,0.0,1,0.0,0.0,3.384,2.616,6.044,5.997,85,139,236,106,255,104,176,193,65,0,104,96,139,65,0,100,161,0,0,0,0,80,100,137,37,0,0,0,0,131,236,88,83,86,87,137,101,232,255,21,36,193,65,0,51,210,138,212,137,21,212,6,66,0,139,200,129,225,255,0,0,0,137,13,14.0,103.0,13.0,0.126,10.0,1,30.0,1
1,0,1,0,0,0,0,1,0,4194304,4349952,5,1,4812800,53248,4096,2322432,0,1048576,4096,4096,6,4,0.6,2,2,0,2,2,0,0,1,0,1,1,0,1.057,4,5,1.274,0.0,0,0.0,0.0,5.735,3.707,3.729,5.97,85,139,236,106,255,104,176,49,131,0,104,96,251,130,0,100,161,0,0,0,0,80,100,137,37,0,0,0,0,131,236,88,83,86,87,137,101,232,255,21,36,49,131,0,51,210,138,212,137,21,212,118,131,0,139,200,129,225,255,0,0,0,137,13,13.0,103.0,13.0,0.126,10.0,1,326.0,1
0,0,0,0,0,0,0,0,0,4194304,49152,4,0,229376,53248,4096,135168,0,2097152,4096,4096,8,5,0.615,2,7,0,2,7,0,0,1,0,1,1,0,1.057,7,8,128.0,0.0,1,0.0,0.0,3.393,2.583,6.129,6.013,85,139,236,106,255,104,176,145,65,0,104,96,91,65,0,100,161,0,0,0,0,80,100,137,37,0,0,0,0,131,236,88,83,86,87,137,101,232,255,21,36,145,65,0,51,210,138,212,137,21,212,214,65,0,139,200,129,225,255,0,0,0,137,13,8.0,103.0,13.0,0.126,10.0,1,30.0,1
0,0,0,0,0,0,0,0,0,4194304,65536,4,0,249856,53248,4096,139264,0,2097152,4096,4096,8,5,0.615,2,7,0,2,7,0,0,1,0,1,1,0,1.057,7,8,128.0,0.0,1,0.0,0.0,3.38,2.627,5.975,6.012,85,139,236,106,255,104,176,209,65,0,104,96,155,65,0,100,161,0,0,0,0,80,100,137,37,0,0,0,0,131,236,88,83,86,87,137,101,232,255,21,36,209,65,0,51,210,138,212,137,21,212,22,66,0,139,200,129,225,255,0,0,0,137,13,12.0,103.0,13.0,0.126,10.0,1,30.0,1
0,0,0,0,0,0,0,1,0,268435456,45056,5,0,229376,53248,4096,131072,0,1048576,8192,4096,5,2,0.714,2,2,0,2,2,0,0,1,0,1,1,0,1.053,2,3,2.193,0.0,0,0.0,0.0,2.865,3.741,6.191,6.054,85,139,236,106,255,104,176,129,1,16,104,36,76,1,16,100,161,0,0,0,0,80,100,137,37,0,0,0,0,131,236,16,83,86,87,137,101,232,255,21,36,129,1,16,51,210,138,212,137,21,208,198,1,16,139,200,129,225,255,0,0,0,137,13,7.0,103.0,13.0,0.126,10.0,1,14.0,1
1,0,1,0,0,0,0,1,0,16777216,40960,6,1,229376,53248,4096,135168,0,1048576,8192,4096,6,3,0.667,2,2,0,2,2,0,0,1,0,1,1,0,1.053,3,4,2.008,0.0,0,0.0,0.0,2.582,3.363,6.089,6.033,85,139,236,106,255,104,176,113,1,1,104,36,60,1,1,100,161,0,0,0,0,80,100,137,37,0,0,0,0,131,236,16,83,86,87,137,101,232,255,21,36,113,1,1,51,210,138,212,137,21,208,182,1,1,139,200,129,225,255,0,0,0,137,13,5.0,103.0,13.0,0.126,10.0,1,20.0,1
0,0,0,0,0,0,0,0,0,4194304,86016,4,0,282624,53248,4096,151552,0,2097152,4096,4096,8,5,0.615,2,7,0,2,7,0,0,1,0,1,1,0,1.057,7,8,128.0,0.0,1,0.0,0.0,3.386,2.656,5.743,6.015,85,139,236,106,255,104,176,33,66,0,104,96,235,65,0,100,161,0,0,0,0,80,100,137,37,0,0,0,0,131,236,88,83,86,87,137,101,232,255,21,36,33,66,0,51,210,138,212,137,21,212,102,66,0,139,200,129,225,255,0,0,0,137,13,12.0,103.0,13.0,0.126,10.0,1,30.0,1
0,0,0,0,0,0,0,0,0,4194304,57344,4,0,241664,53248,4096,139264,0,2097152,4096,4096,8,5,0.615,2,7,0,2,7,0,0,1,0,1,1,0,1.057,7,8,128.0,0.0,1,0.0,0.0,3.395,2.617,6.055,6.007,85,139,236,106,255,104,176,177,65,0,104,96,123,65,0,100,161,0,0,0,0,80,100,137,37,0,0,0,0,131,236,88,83,86,87,137,101,232,255,21,36,177,65,0,51,210,138,212,137,21,212,246,65,0,139,200,129,225,255,0,0,0,137,13,8.0,103.0,13.0,0.126,10.0,1,30.0,1
0,0,0,0,0,0,0,0,0,4194304,94208,4,0,290816,53248,4096,151552,0,2097152,4096,4096,8,5,0.615,2,7,0,2,7,0,0,1,0,1,1,0,1.057,7,8,128.0,0.0,1,0.0,0.0,3.39,2.691,5.677,5.991,85,139,236,106,255,104,176,65,66,0,104,96,11,66,0,100,161,0,0,0,0,80,100,137,37,0,0,0,0,131,236,88,83,86,87,137,101,232,255,21,36,65,66,0,51,210,138,212,137,21,212,134,66,0,139,200,129,225,255,0,0,0,137,13,16.0,103.0,13.0,0.126,10.0,1,30.0,1
0,0,1,0,0,0,0,1,0,4194304,458752,5,1,778240,53248,4096,266240,0,1048576,4096,4096,5,3,0.625,2,2,0,2,2,0,0,1,0,1,1,0,1.053,3,4,3.22,0.0,0,0.0,0.0,1.667,3.667,4.004,6.027,85,139,236,106,255,104,176,209,71,0,104,36,156,71,0,100,161,0,0,0,0,80,100,137,37,0,0,0,0,131,236,16,83,86,87,137,101,232,255,21,36,209,71,0,51,210,138,212,137,21,208,22,72,0,139,200,129,225,255,0,0,0,137,13,6.0,103.0,13.0,0.126,10.0,1,14.0,1
0,0,0,0,0,0,0,0,0,4194304,81920,4,0,278528,53248,4096,151552,0,2097152,4096,4096,8,5,0.615,2,7,0,2,7,0,0,1,0,1,1,0,1.057,7,8,128.0,0.0,1,0.0,0.0,3.38,2.643,5.819,5.988,85,139,236,106,255,104,176,17,66,0,104,96,219,65,0,100,161,0,0,0,0,80,100,137,37,0,0,0,0,131,236,88,83,86,87,137,101,232,255,21,36,17,66,0,51,210,138,212,137,21,212,86,66,0,139,200,129,225,255,0,0,0,137,13,12.0,103.0,13.0,0.126,10.0,1,30.0,1
0,0,0,0,0,0,0,0,0,4194304,45056,4,0,225280,53248,4096,135168,0,1048576,4096,4096,5,3,0.625,2,2,0,2,2,0,0,1,0,1,1,0,1.057,3,4,1.414,0.0,0,0.0,0.0,3.33,3.364,6.064,6.004,85,139,236,106,255,104,176,129,65,0,104,96,75,65,0,100,161,0,0,0,0,80,100,137,37,0,0,0,0,131,236,88,83,86,87,137,101,232,255,21,36,129,65,0,51,210,138,212,137,21,212,198,65,0,139,200,129,225,255,0,0,0,137,13,7.0,103.0,13.0,0.126,10.0,1,40.0,1
1,0,1,0,0,0,0,1,0,16777216,36864,6,1,225280,53248,4096,135168,0,1048576,8192,4096,6,3,0.667,2,2,0,2,2,0,0,1,0,1,1,0,1.053,3,4,2.0,0.0,0,0.0,0.0,2.594,3.315,6.165,6.037,85,139,236,106,255,104,176,97,1,1,104,36,44,1,1,100,161,0,0,0,0,80,100,137,37,0,0,0,0,131,236,16,83,86,87,137,101,232,255,21,36,97,1,1,51,210,138,212,137,21,208,166,1,1,139,200,129,225,255,0,0,0,137,13,8.0,103.0,13.0,0.126,10.0,1,20.0,1
1,0,1,0,1,0,0,1,0,4194304,4263936,5,0,4460544,53248,4096,143360,0,1048576,16384,4096,6,4,0.6,2,2,0,2,2,0,0,1,0,1,1,0,1.053,4,5,2.065,0.0,0,0.0,0.0,2.671,3.288,0.513,6.023,85,139,236,106,255,104,176,225,129,0,104,36,172,129,0,100,161,0,0,0,0,80,100,137,37,0,0,0,0,131,236,16,83,86,87,137,101,232,255,21,36,225,129,0,51,210,138,212,137,21,208,38,130,0,139,200,129,225,255,0,0,0,137,13,11.0,103.0,13.0,0.126,10.0,1,14.0,1
0,0,0,0,0,0,0,0,0,4194304,57344,4,0,237568,53248,4096,135168,0,2097152,4096,4096,8,5,0.615,2,7,0,2,7,0,0,1,0,1,1,0,1.057,7,8,128.0,0.0,1,0.0,0.0,3.39,2.598,6.054,6.007,85,139,236,106,255,104,176,177,65,0,104,96,123,65,0,100,161,0,0,0,0,80,100,137,37,0,0,0,0,131,236,88,83,86,87,137,101,232,255,21,36,177,65,0,51,210,138,212,137,21,212,246,65,0,139,200,129,225,255,0,0,0,137,13,13.0,103.0,13.0,0.126,10.0,1,30.0,1
0,0,0,0,0,0,0,0,0,4194304,61440,4,0,245760,53248,4096,139264,0,2097152,4096,4096,8,5,0.615,2,7,0,2,7,0,0,1,0,1,1,0,1.057,7,8,128.0,0.0,1,0.0,0.0,3.373,2.607,6.021,5.997,85,139,236,106,255,104,176,193,65,0,104,96,139,65,0,100,161,0,0,0,0,80,100,137,37,0,0,0,0,131,236,88,83,86,87,137,101,232,255,21,36,193,65,0,51,210,138,212,137,21,212,6,66,0,139,200,129,225,255,0,0,0,137,13,12.0,103.0,13.0,0.126,10.0,1,30.0,1
0,0,0,0,0,0,0,0,0,4194304,69632,4,0,270336,53248,4096,155648,0,2097152,4096,4096,8,5,0.615,2,7,0,2,7,0,0,1,0,1,1,0,1.057,7,8,128.0,0.0,1,0.0,0.0,3.387,2.616,6.028,6.013,85,139,236,106,255,104,176,225,65,0,104,96,171,65,0,100,161,0,0,0,0,80,100,137,37,0,0,0,0,131,236,88,83,86,87,137,101,232,255,21,36,225,65,0,51,210,138,212,137,21,212,38,66,0,139,200,129,225,255,0,0,0,137,13,12.0,103.0,13.0,0.126,10.0,1,30.0,1
0,0,0,0,0,0,0,0,0,4194304,69632,4,0,258048,53248,4096,143360,0,2097152,4096,4096,8,5,0.615,2,7,0,2,7,0,0,1,0,1,1,0,1.057,7,8,128.0,0.0,1,0.0,0.0,3.381,2.648,5.946,6.013,85,139,236,106,255,104,176,225,65,0,104,96,171,65,0,100,161,0,0,0,0,80,100,137,37,0,0,0,0,131,236,88,83,86,87,137,101,232,255,21,36,225,65,0,51,210,138,212,137,21,212,38,66,0,139,200,129,225,255,0,0,0,137,13,13.0,103.0,13.0,0.126,10.0,1,30.0,1
1,0,1,0,0,0,0,0,0,4194304,40960,4,0,221184,53248,4096,126976,0,2097152,4096,4096,7,4,0.636,2,6,0,2,6,0,0,1,0,1,1,0,1.053,6,7,128.0,0.0,0,0.0,0.0,-1,2.543,6.2,6.027,85,139,236,106,255,104,176,113,65,0,104,36,60,65,0,100,161,0,0,0,0,80,100,137,37,0,0,0,0,131,236,16,83,86,87,137,101,232,255,21,36,113,65,0,51,210,138,212,137,21,208,182,65,0,139,200,129,225,255,0,0,0,137,13,4.0,103.0,13.0,0.126,10.0,1,-1,1
0,0,0,0,0,0,0,0,0,4194304,684032,4,0,1273856,53248,4096,606208,0,1048576,16384,4096,8,5,0.615,2,5,0,2,5,0,0,1,0,0,0,0,1.057,6,7,105.026,0.0,1,6.001,1.524,5.21,2.383,4.722,6.001,85,139,236,106,255,104,176,65,75,0,104,96,11,75,0,100,161,0,0,0,0,80,100,137,37,0,0,0,0,131,236,88,83,86,87,137,101,232,255,21,36,65,75,0,51,210,138,212,137,21,212,134,75,0,139,200,129,225,255,0,0,0,137,13,14.0,103.0,13.0,0.126,10.0,1,252.0,1
0,0,0,0,0,0,0,0,0,4194304,61440,4,0,245760,53248,4096,139264,0,2097152,4096,4096,8,5,0.615,2,7,0,2,7,0,0,1,0,1,1,0,1.057,7,8,128.0,0.0,1,0.0,0.0,3.376,2.614,6.015,5.997,85,139,236,106,255,104,176,193,65,0,104,96,139,65,0,100,161,0,0,0,0,80,100,137,37,0,0,0,0,131,236,88,83,86,87,137,101,232,255,21,36,193,65,0,51,210,138,212,137,21,212,6,66,0,139,200,129,225,255,0,0,0,137,13,13.0,103.0,13.0,0.126,10.0,1,30.0,1
0,0,0,0,0,0,0,0,0,4194304,53248,4,0,233472,53248,4096,135168,0,2097152,4096,4096,8,5,0.615,2,7,0,2,7,0,0,1,0,1,1,0,1.057,7,8,128.0,0.0,1,0.0,0.0,3.389,2.612,6.066,6.004,85,139,236,106,255,104,176,161,65,0,104,96,107,65,0,100,161,0,0,0,0,80,100,137,37,0,0,0,0,131,236,88,83,86,87,137,101,232,255,21,36,161,65,0,51,210,138,212,137,21,212,230,65,0,139,200,129,225,255,0,0,0,137,13,8.0,103.0,13.0,0.126,10.0,1,30.0,1
0,0,0,0,0,0,0,0,0,4194304,65536,4,0,249856,53248,4096,139264,0,2097152,4096,4096,8,5,0.615,2,7,0,2,7,0,0,1,0,1,1,0,1.057,7,8,128.0,0.0,1,0.0,0.0,3.386,2.623,5.949,6.012,85,139,236,106,255,104,176,209,65,0,104,96,155,65,0,100,161,0,0,0,0,80,100,137,37,0,0,0,0,131,236,88,83,86,87,137,101,232,255,21,36,209,65,0,51,210,138,212,137,21,212,22,66,0,139,200,129,225,255,0,0,0,137,13,12.0,103.0,13.0,0.126,10.0,1,30.0,1
1,0,1,0,0,0,0,1,0,16777216,229376,6,1,434176,53248,4096,323584,0,1048576,8192,4096,6,3,0.667,2,2,0,2,2,0,0,1,0,1,1,0,1.057,3,4,1.274,0.0,0,0.0,0.0,6.4,3.425,6.332,6.037,85,139,236,106,255,104,176,81,4,1,104,96,27,4,1,100,161,0,0,0,0,80,100,137,37,0,0,0,0,131,236,88,83,86,87,137,101,232,255,21,36,81,4,1,51,210,138,212,137,21,212,150,4,1,139,200,129,225,255,0,0,0,137,13,13.0,103.0,13.0,0.126,10.0,1,170.0,1
0,0,0,0,0,0,0,0,0,4194304,53248,4,0,245760,53248,4096,135168,0,2097152,4096,4096,6,3,0.667,2,4,0,2,4,0,0,1,0,1,1,0,1.053,5,6,1.08,0.0,0,0.0,0.0,-1,2.497,6.066,6.019,85,139,236,106,255,104,176,161,65,0,104,36,108,65,0,100,161,0,0,0,0,80,100,137,37,0,0,0,0,131,236,16,83,86,87,137,101,232,255,21,36,161,65,0,51,210,138,212,137,21,208,230,65,0,139,200,129,225,255,0,0,0,137,13,5.0,103.0,13.0,0.126,10.0,1,-1,1
0,0,0,0,0,0,0,0,0,4194304,57344,4,0,237568,53248,4096,135168,0,2097152,4096,4096,8,5,0.615,2,7,0,2,7,0,0,1,0,1,1,0,1.057,7,8,128.0,0.0,1,0.0,0.0,3.381,2.59,6.024,6.007,85,139,236,106,255,104,176,177,65,0,104,96,123,65,0,100,161,0,0,0,0,80,100,137,37,0,0,0,0,131,236,88,83,86,87,137,101,232,255,21,36,177,65,0,51,210,138,212,137,21,212,246,65,0,139,200,129,225,255,0,0,0,137,13,12.0,103.0,13.0,0.126,10.0,1,30.0,1
0,0,0,0,0,0,0,0,0,4194304,102400,4,0,319488,53248,4096,184320,0,1048576,4096,4096,5,3,0.625,2,2,0,2,2,0,0,1,0,1,1,0,1.057,3,4,1.151,0.0,0,0.0,0.0,4.319,3.473,5.933,6.014,85,139,236,106,255,104,176,97,66,0,104,96,43,66,0,100,161,0,0,0,0,80,100,137,37,0,0,0,0,131,236,88,83,86,87,137,101,232,255,21,36,97,66,0,51,210,138,212,137,21,212,166,66,0,139,200,129,225,255,0,0,0,137,13,9.0,103.0,13.0,0.126,10.0,1,144.0,1
1,0,1,0,1,0,0,0,0,4194304,90112,4,0,274432,53248,4096,147456,0,2097152,4096,4096,7,3,0.7,2,5,0,2,5,0,0,1,0,1,1,0,1.057,5,6,1.237,0.0,0,0.0,0.0,3.547,2.611,5.405,6.002,85,139,236,106,255,104,176,49,66,0,104,96,251,65,0,100,161,0,0,0,0,80,100,137,37,0,0,0,0,131,236,88,83,86,87,137,101,232,255,21,36,49,66,0,51,210,138,212,137,21,212,118,66,0,139,200,129,225,255,0,0,0,137,13,6.0,103.0,13.0,0.126,10.0,1,84.0,1
0,0,0,0,0,0,0,0,0,4194304,81920,4,0,282624,53248,4096,155648,0,2097152,4096,4096,8,5,0.615,2,7,0,2,7,0,0,1,0,1,1,0,1.057,7,8,128.0,0.0,1,0.0,0.0,3.389,2.66,5.897,5.988,85,139,236,106,255,104,176,17,66,0,104,96,219,65,0,100,161,0,0,0,0,80,100,137,37,0,0,0,0,131,236,88,83,86,87,137,101,232,255,21,36,17,66,0,51,210,138,212,137,21,212,86,66,0,139,200,129,225,255,0,0,0,137,13,14.0,103.0,13.0,0.126,10.0,1,30.0,1
1,0,0,0,0,0,0,1,0,4194304,2142208,5,1,2891776,53248,4096,1982464,0,4194304,4096,4096,6,4,0.6,2,2,0,2,2,0,0,1,0,1,1,0,1.057,4,5,1.274,0.0,0,0.0,0.0,6.507,3.735,5.494,6.01,85,139,236,106,255,104,176,129,97,0,104,96,75,97,0,100,161,0,0,0,0,80,100,137,37,0,0,0,0,131,236,88,83,86,87,137,101,232,255,21,36,129,97,0,51,210,138,212,137,21,212,198,97,0,139,200,129,225,255,0,0,0,137,13,18.0,103.0,13.0,0.126,10.0,1,1230.0,1
0,0,0,0,0,0,0,0,0,4194304,61440,4,0,245760,53248,4096,139264,0,2097152,4096,4096,8,5,0.615,2,7,0,2,7,0,0,1,0,1,1,0,1.057,7,8,128.0,0.0,1,0.0,0.0,3.381,2.619,6.02,5.997,85,139,236,106,255,104,176,193,65,0,104,96,139,65,0,100,161,0,0,0,0,80,100,137,37,0,0,0,0,131,236,88,83,86,87,137,101,232,255,21,36,193,65,0,51,210,138,212,137,21,212,6,66,0,139,200,129,225,255,0,0,0,137,13,12.0,103.0,13.0,0.126,10.0,1,30.0,1
0,0,0,0,0,0,0,0,0,4194304,106496,1,0,335872,53248,4096,184320,0,1048576,16384,4096,8,5,0.615,2,5,0,2,5,0,0,1,0,0,0,0,1.057,6,7,170.667,0.0,1,6.008,1.522,2.924,2.277,5.52,6.008,85,139,236,106,255,104,176,113,66,0,104,96,59,66,0,100,161,0,0,0,0,80,100,137,37,0,0,0,0,131,236,88,83,86,87,137,101,232,255,21,36,113,66,0,51,210,138,212,137,21,212,182,66,0,139,200,129,225,255,0,0,0,137,13,10.0,103.0,13.0,0.126,10.0,1,56.0,1
0,0,0,0,0,0,0,0,0,4194304,61440,4,0,245760,53248,4096,139264,0,2097152,4096,4096,8,5,0.615,2,7,0,2,7,0,0,1,0,1,1,0,1.057,7,8,128.0,0.0,1,0.0,0.0,3.392,2.624,5.999,5.997,85,139,236,106,255,104,176,193,65,0,104,96,139,65,0,100,161,0,0,0,0,80,100,137,37,0,0,0,0,131,236,88,83,86,87,137,101,232,255,21,36,193,65,0,51,210,138,212,137,21,212,6,66,0,139,200,129,225,255,0,0,0,137,13,12.0,103.0,13.0,0.126,10.0,1,30.0,1
1,0,1,0,0,0,0,1,0,16777216,98304,6,1,303104,53248,4096,151552,0,1048576,65536,4096,6,3,0.667,2,2,0,2,2,0,0,1,0,1,1,0,1.053,3,4,2.415,0.0,0,0.0,0.0,2.3,3.38,5.34,6.061,85,139,236,106,255,104,176,81,2,1,104,36,28,2,1,100,161,0,0,0,0,80,100,137,37,0,0,0,0,131,236,16,83,86,87,137,101,232,255,21,36,81,2,1,51,210,138,212,137,21,208,150,2,1,139,200,129,225,255,0,0,0,137,13,13.0,103.0,13.0,0.126,10.0,1,14.0,1
0,0,0,0,0,0,0,0,0,4194304,81920,4,0,299008,53248,4096,159744,0,33554432,4096,4096,6,2,0.75,2,4,0,2,4,0,0,1,0,1,1,0,1.053,4,5,1.08,0.0,0,0.0,0.0,-1,2.544,5.71,6.008,85,139,236,106,255,104,176,17,66,0,104,36,220,65,0,100,161,0,0,0,0,80,100,137,37,0,0,0,0,131,236,16,83,86,87,137,101,232,255,21,36,17,66,0,51,210,138,212,137,21,208,86,66,0,139,200,129,225,255,0,0,0,137,13,5.0,103.0,13.0,0.126,10.0,1,-1,1
0,0,0,0,0,0,0,0,0,4194304,65536,4,0,253952,53248,4096,143360,0,2097152,4096,4096,8,5,0.615,2,7,0,2,7,0,0,1,0,1,1,0,1.057,7,8,128.0,0.0,1,0.0,0.0,3.373,2.626,6.027,6.012,85,139,236,106,255,104,176,209,65,0,104,96,155,65,0,100,161,0,0,0,0,80,100,137,37,0,0,0,0,131,236,88,83,86,87,137,101,232,255,21,36,209,65,0,51,210,138,212,137,21,212,22,66,0,139,200,129,225,255,0,0,0,137,13,13.0,103.0,13.0,0.126,10.0,1,30.0,1
1,0,1,0,0,0,0,1,0,4194304,40960,5,0,221184,53248,4096,143360,0,1048576,4096,4096,6,4,0.6,2,2,0,2,2,0,0,1,0,1,1,0,1.057,4,5,1.274,0.0,0,0.0,0.0,4.246,3.482,6.667,6.01,85,139,236,106,255,104,176,113,65,0,104,96,59,65,0,100,161,0,0,0,0,80,100,137,37,0,0,0,0,131,236,88,83,86,87,137,101,232,255,21,36,113,65,0,51,210,138,212,137,21,212,182,65,0,139,200,129,225,255,0,0,0,137,13,8.0,103.0,13.0,0.126,10.0,1,44.0,1
0,0,0,0,0,0,0,0,0,4194304,61440,4,0,245760,53248,4096,139264,0,2097152,4096,4096,8,5,0.615,2,7,0,2,7,0,0,1,0,1,1,0,1.057,7,8,128.0,0.0,1,0.0,0.0,3.373,2.601,5.984,5.997,85,139,236,106,255,104,176,193,65,0,104,96,139,65,0,100,161,0,0,0,0,80,100,137,37,0,0,0,0,131,236,88,83,86,87,137,101,232,255,21,36,193,65,0,51,210,138,212,137,21,212,6,66,0,139,200,129,225,255,0,0,0,137,13,10.0,103.0,13.0,0.126,10.0,1,30.0,1
0,0,0,0,0,0,0,0,0,4194304,69632,4,0,258048,53248,4096,143360,0,2097152,4096,4096,8,5,0.615,2,7,0,2,7,0,0,1,0,1,1,0,1.057,7,8,128.0,0.0,1,0.0,0.0,3.381,2.656,5.939,6.013,85,139,236,106,255,104,176,225,65,0,104,96,171,65,0,100,161,0,0,0,0,80,100,137,37,0,0,0,0,131,236,88,83,86,87,137,101,232,255,21,36,225,65,0,51,210,138,212,137,21,212,38,66,0,139,200,129,225,255,0,0,0,137,13,12.0,103.0,13.0,0.126,10.0,1,30.0,1
0,0,0,0,0,0,0,0,0,4194304,53248,4,0,233472,53248,4096,135168,0,2097152,4096,4096,8,5,0.615,2,7,0,2,7,0,0,1,0,1,1,0,1.057,7,8,128.0,0.0,1,0.0,0.0,3.387,2.624,6.063,6.004,85,139,236,106,255,104,176,161,65,0,104,96,107,65,0,100,161,0,0,0,0,80,100,137,37,0,0,0,0,131,236,88,83,86,87,137,101,232,255,21,36,161,65,0,51,210,138,212,137,21,212,230,65,0,139,200,129,225,255,0,0,0,137,13,8.0,103.0,13.0,0.126,10.0,1,30.0,1
0,0,0,0,0,0,0,1,0,4194304,1642496,5,0,1986560,53248,4096,614400,0,1048576,4096,4096,5,3,0.625,2,2,0,2,2,0,0,1,0,1,1,0,1.057,3,4,1.08,0.0,0,0.0,0.0,6.193,3.565,3.059,6.016,85,139,236,106,255,104,176,225,89,0,104,96,171,89,0,100,161,0,0,0,0,80,100,137,37,0,0,0,0,131,236,88,83,86,87,137,101,232,255,21,36,225,89,0,51,210,138,212,137,21,212,38,90,0,139,200,129,225,255,0,0,0,137,13,9.0,103.0,13.0,0.126,10.0,1,78.0,1
0,0,0,0,0,0,0,0,0,4194304,139264,4,0,339968,53248,4096,155648,0,2097152,4096,4096,8,5,0.615,2,7,0,2,7,0,0,1,0,1,1,0,1.057,7,8,128.0,0.0,1,0.0,0.0,3.398,2.707,5.16,6.015,85,139,236,106,255,104,176,241,66,0,104,96,187,66,0,100,161,0,0,0,0,80,100,137,37,0,0,0,0,131,236,88,83,86,87,137,101,232,255,21,36,241,66,0,51,210,138,212,137,21,212,54,67,0,139,200,129,225,255,0,0,0,137,13,14.0,103.0,13.0,0.126,10.0,1,30.0,1
1,0,1,0,0,0,0,1,0,16777216,49152,6,1,245760,53248,4096,143360,0,1048576,8192,4096,6,3,0.667,2,2,0,2,2,0,0,1,0,1,1,0,1.053,3,4,1.903,0.0,0,0.0,0.0,2.679,3.36,6.037,6.037,85,139,236,106,255,104,176,145,1,1,104,36,92,1,1,100,161,0,0,0,0,80,100,137,37,0,0,0,0,131,236,16,83,86,87,137,101,232,255,21,36,145,1,1,51,210,138,212,137,21,208,214,1,1,139,200,129,225,255,0,0,0,137,13,11.0,103.0,13.0,0.126,10.0,1,20.0,1
0,0,0,0,0,0,0,0,0,4194304,45056,4,0,225280,53248,4096,126976,0,2097152,4096,4096,7,5,0.583,2,6,0,2,6,0,0,1,0,1,1,0,1.053,7,8,128.0,0.0,0,0.0,0.0,-1,2.499,5.931,6.018,85,139,236,106,255,104,176,129,65,0,104,36,76,65,0,100,161,0,0,0,0,80,100,137,37,0,0,0,0,131,236,16,83,86,87,137,101,232,255,21,36,129,65,0,51,210,138,212,137,21,208,198,65,0,139,200,129,225,255,0,0,0,137,13,6.0,103.0,13.0,0.126,10.0,1,-1,1
0,0,0,0,0,0,0,1,0,16777216,659456,6,0,839680,53248,4096,757760,0,1048576,8192,4096,5,2,0.714,2,2,0,2,2,0,0,1,0,1,1,0,1.057,2,3,1.08,0.0,0,0.0,0.0,6.07,3.678,6.238,6.071,85,139,236,106,255,104,176,225,10,1,104,96,171,10,1,100,161,0,0,0,0,80,100,137,37,0,0,0,0,131,236,88,83,86,87,137,101,232,255,21,36,225,10,1,51,210,138,212,137,21,212,38,11,1,139,200,129,225,255,0,0,0,137,13,5.0,103.0,13.0,0.126,10.0,1,44.0,1
0,0,0,0,0,0,0,0,0,4194304,126976,4,0,311296,53248,4096,139264,0,2097152,4096,4096,8,5,0.615,2,7,0,2,7,0,0,1,0,1,1,0,1.057,7,8,128.0,0.0,1,0.0,0.0,3.393,2.677,4.98,6.0,85,139,236,106,255,104,176,193,66,0,104,96,139,66,0,100,161,0,0,0,0,80,100,137,37,0,0,0,0,131,236,88,83,86,87,137,101,232,255,21,36,193,66,0,51,210,138,212,137,21,212,6,67,0,139,200,129,225,255,0,0,0,137,13,8.0,103.0,13.0,0.126,10.0,1,30.0,1
0,0,0,0,0,0,0,0,0,4194304,65536,4,0,253952,53248,4096,143360,0,2097152,4096,4096,8,5,0.615,2,7,0,2,7,0,0,1,0,1,1,0,1.057,7,8,128.0,0.0,1,0.0,0.0,3.373,2.641,6.05,6.012,85,139,236,106,255,104,176,209,65,0,104,96,155,65,0,100,161,0,0,0,0,80,100,137,37,0,0,0,0,131,236,88,83,86,87,137,101,232,255,21,36,209,65,0,51,210,138,212,137,21,212,22,66,0,139,200,129,225,255,0,0,0,137,13,12.0,103.0,13.0,0.126,10.0,1,30.0,1
0,0,0,0,0,0,0,0,0,4194304,61440,4,0,245760,53248,4096,139264,0,2097152,4096,4096,8,5,0.615,2,7,0,2,7,0,0,1,0,1,1,0,1.057,7,8,128.0,0.0,1,0.0,0.0,3.391,2.625,6.0,5.997,85,139,236,106,255,104,176,193,65,0,104,96,139,65,0,100,161,0,0,0,0,80,100,137,37,0,0,0,0,131,236,88,83,86,87,137,101,232,255,21,36,193,65,0,51,210,138,212,137,21,212,6,66,0,139,200,129,225,255,0,0,0,137,13,13.0,103.0,13.0,0.126,10.0,1,30.0,1
0,0,0,0,0,0,0,0,0,4194304,32768,4,0,212992,53248,4096,131072,0,1048576,4096,4096,5,3,0.625,2,2,0,2,2,0,0,1,0,1,1,0,1.053,3,4,1.707,0.0,0,0.0,0.0,1.894,3.364,6.205,6.027,85,139,236,106,255,104,176,81,65,0,104,36,28,65,0,100,161,0,0,0,0,80,100,137,37,0,0,0,0,131,236,16,83,86,87,137,101,232,255,21,36,81,65,0,51,210,138,212,137,21,208,150,65,0,139,200,129,225,255,0,0,0,137,13,7.0,103.0,13.0,0.126,10.0,1,28.0,1
1,0,1,0,0,0,0,1,0,4194304,4096,6,1,348160,167936,4096,131072,0,1048576,8192,4096,6,3,0.667,2,2,0,2,2,0,0,1,0,1,1,0,1.053,2,3,2.032,0.0,1,5.994,0.0,2.591,3.561,5.996,6.031,85,139,236,106,255,104,176,81,67,0,104,36,28,67,0,100,161,0,0,0,0,80,100,137,37,0,0,0,0,131,236,16,83,86,87,137,101,232,255,21,36,81,67,0,51,210,138,212,137,21,208,150,67,0,139,200,129,225,255,0,0,0,137,13,8.0,103.0,13.0,0.126,10.0,0,20.0,1
0,0,0,0,0,0,0,0,0,4194304,57344,4,0,241664,53248,4096,139264,0,2097152,4096,4096,8,5,0.615,2,7,0,2,7,0,0,1,0,1,1,0,1.057,7,8,128.0,0.0,1,0.0,0.0,3.381,2.615,6.089,6.007,85,139,236,106,255,104,176,177,65,0,104,96,123,65,0,100,161,0,0,0,0,80,100,137,37,0,0,0,0,131,236,88,83,86,87,137,101,232,255,21,36,177,65,0,51,210,138,212,137,21,212,246,65,0,139,200,129,225,255,0,0,0,137,13,12.0,103.0,13.0,0.126,10.0,1,30.0,1
0,0,0,0,0,0,0,0,0,4194304,69632,4,0,262144,53248,4096,147456,0,2097152,4096,4096,8,5,0.615,2,7,0,2,7,0,0,1,0,1,1,0,1.057,7,8,128.0,0.0,1,0.0,0.0,3.39,2.594,5.978,6.013,85,139,236,106,255,104,176,225,65,0,104,96,171,65,0,100,161,0,0,0,0,80,100,137,37,0,0,0,0,131,236,88,83,86,87,137,101,232,255,21,36,225,65,0,51,210,138,212,137,21,212,38,66,0,139,200,129,225,255,0,0,0,137,13,14.0,103.0,13.0,0.126,10.0,1,30.0,1
0,0,0,0,0,0,0,0,0,4194304,65536,4,0,249856,53248,4096,139264,0,2097152,4096,4096,8,5,0.615,2,7,0,2,7,0,0,1,0,1,1,0,1.057,7,8,128.0,0.0,1,0.0,0.0,3.38,2.613,6.0,6.012,85,139,236,106,255,104,176,209,65,0,104,96,155,65,0,100,161,0,0,0,0,80,100,137,37,0,0,0,0,131,236,88,83,86,87,137,101,232,255,21,36,209,65,0,51,210,138,212,137,21,212,22,66,0,139,200,129,225,255,0,0,0,137,13,14.0,103.0,13.0,0.126,10.0,1,30.0,1
1,0,1,0,0,0,0,1,0,4194304,1155072,6,0,1933312,53248,4096,991232,0,1048576,4096,4096,6,4,0.6,2,2,0,2,2,0,0,1,0,1,1,0,1.057,3,4,1.274,0.0,1,0.0,0.0,3.017,4.014,4.541,6.001,85,139,236,106,255,104,176,113,82,0,104,96,59,82,0,100,161,0,0,0,0,80,100,137,37,0,0,0,0,131,236,88,83,86,87,137,101,232,255,21,36,113,82,0,51,210,138,212,137,21,212,182,82,0,139,200,129,225,255,0,0,0,137,13,12.0,103.0,13.0,0.126,10.0,0,116.0,1
1,0,1,0,0,0,0,1,0,4194304,430080,5,1,733184,53248,4096,471040,0,1048576,4096,4096,6,4,0.6,2,2,0,2,2,0,0,1,0,1,1,0,1.053,4,5,1.27,0.0,0,0.0,0.0,6.041,3.577,5.664,6.031,85,139,236,106,255,104,176,97,71,0,104,36,44,71,0,100,161,0,0,0,0,80,100,137,37,0,0,0,0,131,236,16,83,86,87,137,101,232,255,21,36,97,71,0,51,210,138,212,137,21,208,166,71,0,139,200,129,225,255,0,0,0,137,13,9.0,103.0,13.0,0.126,10.0,1,20.0,1
0,0,0,0,0,0,0,0,0,4194304,57344,4,0,241664,53248,4096,139264,0,2097152,4096,4096,8,5,0.615,2,7,0,2,7,0,0,1,0,1,1,0,1.057,7,8,128.0,0.0,1,0.0,0.0,3.381,2.58,6.071,6.007,85,139,236,106,255,104,176,177,65,0,104,96,123,65,0,100,161,0,0,0,0,80,100,137,37,0,0,0,0,131,236,88,83,86,87,137,101,232,255,21,36,177,65,0,51,210,138,212,137,21,212,246,65,0,139,200,129,225,255,0,0,0,137,13,14.0,103.0,13.0,0.126,10.0,1,30.0,1
1,0,1,0,0,0,0,1,0,4194304,659456,5,1,1155072,53248,4096,548864,0,1048576,4096,4096,6,4,0.6,2,2,0,2,2,0,0,1,0,1,1,0,1.053,4,5,1.27,0.0,0,0.0,0.0,4.466,3.823,4.598,6.034,85,139,236,106,255,104,176,225,74,0,104,36,172,74,0,100,161,0,0,0,0,80,100,137,37,0,0,0,0,131,236,16,83,86,87,137,101,232,255,21,36,225,74,0,51,210,138,212,137,21,208,38,75,0,139,200,129,225,255,0,0,0,137,13,15.0,103.0,13.0,0.126,10.0,1,636.0,1
1,0,1,0,0,0,0,1,0,4194304,143360,5,1,397312,53248,4096,200704,0,1048576,4096,4096,6,4,0.6,2,2,0,2,2,0,0,1,0,1,1,0,1.053,4,5,3.012,0.0,0,0.0,0.0,1.737,3.538,5.597,5.998,85,139,236,106,255,104,176,1,67,0,104,36,204,66,0,100,161,0,0,0,0,80,100,137,37,0,0,0,0,131,236,16,83,86,87,137,101,232,255,21,36,1,67,0,51,210,138,212,137,21,208,70,67,0,139,200,129,225,255,0,0,0,137,13,6.0,103.0,13.0,0.126,10.0,1,14.0,1
1,0,1,0,0,0,0,1,0,4194304,61440,5,0,258048,53248,4096,147456,0,1048576,4096,4096,6,4,0.6,2,2,0,2,2,0,0,1,0,1,1,0,1.057,4,5,1.274,0.0,0,0.0,0.0,5.14,3.429,6.254,5.997,85,139,236,106,255,104,176,193,65,0,104,96,139,65,0,100,161,0,0,0,0,80,100,137,37,0,0,0,0,131,236,88,83,86,87,137,101,232,255,21,36,193,65,0,51,210,138,212,137,21,212,6,66,0,139,200,129,225,255,0,0,0,137,13,10.0,103.0,13.0,0.126,10.0,1,32.0,1
1,0,1,0,0,0,0,1,0,4194304,143360,5,1,397312,53248,4096,200704,0,1048576,4096,4096,6,4,0.6,2,2,0,2,2,0,0,1,0,1,1,0,1.053,4,5,3.122,0.0,0,0.0,0.0,1.693,3.49,5.596,5.998,85,139,236,106,255,104,176,1,67,0,104,36,204,66,0,100,161,0,0,0,0,80,100,137,37,0,0,0,0,131,236,16,83,86,87,137,101,232,255,21,36,1,67,0,51,210,138,212,137,21,208,70,67,0,139,200,129,225,255,0,0,0,137,13,6.0,103.0,13.0,0.126,10.0,1,14.0,1
0,0,0,0,0,0,0,0,0,4194304,151552,4,0,380928,53248,4096,172032,0,1048576,4096,4096,4,3,0.571,2,2,0,2,2,0,0,1,0,1,1,0,1.053,3,4,1.08,0.0,0,0.0,0.0,-1,3.346,5.125,6.033,85,139,236,106,255,104,176,33,67,0,104,36,236,66,0,100,161,0,0,0,0,80,100,137,37,0,0,0,0,131,236,16,83,86,87,137,101,232,255,21,36,33,67,0,51,210,138,212,137,21,208,102,67,0,139,200,129,225,255,0,0,0,137,13,9.0,103.0,13.0,0.126,10.0,1,-1,1
0,0,0,0,0,0,0,0,0,4194304,20480,4,0,196608,53248,4096,122880,0,1048576,4096,4096,5,3,0.625,2,2,0,2,2,0,0,1,0,1,1,0,1.053,3,4,5.418,0.0,0,0.0,0.0,1.92,3.293,6.396,6.029,85,139,236,106,255,104,176,33,65,0,104,36,236,64,0,100,161,0,0,0,0,80,100,137,37,0,0,0,0,131,236,16,83,86,87,137,101,232,255,21,36,33,65,0,51,210,138,212,137,21,208,102,65,0,139,200,129,225,255,0,0,0,137,13,4.0,103.0,13.0,0.126,10.0,1,14.0,1
1,0,1,0,0,0,0,1,0,4194304,69632,5,0,266240,53248,4096,163840,0,1048576,4096,4096,6,4,0.6,2,2,0,2,2,0,0,1,0,1,1,0,1.057,4,5,1.274,0.0,0,0.0,0.0,3.541,3.513,6.279,6.013,85,139,236,106,255,104,176,225,65,0,104,96,171,65,0,100,161,0,0,0,0,80,100,137,37,0,0,0,0,131,236,88,83,86,87,137,101,232,255,21,36,225,65,0,51,210,138,212,137,21,212,38,66,0,139,200,129,225,255,0,0,0,137,13,9.0,103.0,13.0,0.126,10.0,1,44.0,1
0,0,0,0,0,0,0,0,0,4194304,53248,4,0,233472,53248,4096,135168,0,2097152,4096,4096,8,5,0.615,2,7,0,2,7,0,0,1,0,1,1,0,1.057,7,8,128.0,0.0,1,0.0,0.0,3.386,2.603,6.056,6.004,85,139,236,106,255,104,176,161,65,0,104,96,107,65,0,100,161,0,0,0,0,80,100,137,37,0,0,0,0,131,236,88,83,86,87,137,101,232,255,21,36,161,65,0,51,210,138,212,137,21,212,230,65,0,139,200,129,225,255,0,0,0,137,13,9.0,103.0,13.0,0.126,10.0,1,30.0,1
0,0,0,0,0,0,0,0,0,4194304,53248,4,0,233472,53248,4096,135168,0,2097152,4096,4096,8,5,0.615,2,7,0,2,7,0,0,1,0,1,1,0,1.057,7,8,128.0,0.0,1,0.0,0.0,3.379,2.575,6.086,6.004,85,139,236,106,255,104,176,161,65,0,104,96,107,65,0,100,161,0,0,0,0,80,100,137,37,0,0,0,0,131,236,88,83,86,87,137,101,232,255,21,36,161,65,0,51,210,138,212,137,21,212,230,65,0,139,200,129,225,255,0,0,0,137,13,12.0,103.0,13.0,0.126,10.0,1,30.0,1
0,0,0,0,0,0,0,1,0,4194304,2080768,5,0,3276800,53248,4096,1519616,0,1048576,4096,4096,5,3,0.625,2,2,0,2,2,0,0,1,0,1,1,0,1.057,3,4,1.08,0.0,0,0.0,0.0,5.815,3.83,4.453,6.016,85,139,236,106,255,104,176,145,96,0,104,96,91,96,0,100,161,0,0,0,0,80,100,137,37,0,0,0,0,131,236,88,83,86,87,137,101,232,255,21,36,145,96,0,51,210,138,212,137,21,212,214,96,0,139,200,129,225,255,0,0,0,137,13,14.0,103.0,13.0,0.126,10.0,1,400.0,1
1,0,1,0,0,0,0,1,0,4194304,19464192,5,1,31391744,53248,4096,13504512,0,1048576,4096,4096,6,4,0.6,2,2,0,2,2,0,0,1,0,1,1,0,1.057,5,6,1.08,0.0,0,0.0,0.0,7.822,3.875,4.392,6.067,85,139,236,106,255,104,176,209,105,1,104,96,155,105,1,100,161,0,0,0,0,80,100,137,37,0,0,0,0,131,236,88,83,86,87,137,101,232,255,21,36,209,105,1,51,210,138,212,137,21,212,22,106,1,139,200,129,225,255,0,0,0,137,13,20.0,103.0,13.0,0.126,10.0,1,56.0,1
0,0,1,0,0,0,0,1,0,4194304,36864,5,1,225280,53248,4096,135168,0,1048576,4096,4096,6,4,0.6,2,2,0,2,2,0,0,1,0,1,1,0,1.053,4,5,8.533,0.0,0,0.0,0.0,0.951,3.369,6.117,6.031,85,139,236,106,255,104,176,97,65,0,104,36,44,65,0,100,161,0,0,0,0,80,100,137,37,0,0,0,0,131,236,16,83,86,87,137,101,232,255,21,36,97,65,0,51,210,138,212,137,21,208,166,65,0,139,200,129,225,255,0,0,0,137,13,4.0,103.0,13.0,0.126,10.0,1,8.0,1
0,0,0,0,0,0,0,0,0,4194304,61440,4,0,241664,53248,4096,135168,0,2097152,4096,4096,8,5,0.615,2,7,0,2,7,0,0,1,0,1,1,0,1.057,7,8,128.0,0.0,1,0.0,0.0,3.397,2.596,5.964,5.997,85,139,236,106,255,104,176,193,65,0,104,96,139,65,0,100,161,0,0,0,0,80,100,137,37,0,0,0,0,131,236,88,83,86,87,137,101,232,255,21,36,193,65,0,51,210,138,212,137,21,212,6,66,0,139,200,129,225,255,0,0,0,137,13,12.0,103.0,13.0,0.126,10.0,1,30.0,1
0,0,0,0,0,0,0,0,0,4194304,61440,4,0,245760,53248,4096,139264,0,2097152,4096,4096,8,5,0.615,2,7,0,2,7,0,0,1,0,1,1,0,1.057,7,8,128.0,0.0,1,0.0,0.0,3.396,2.605,6.035,5.997,85,139,236,106,255,104,176,193,65,0,104,96,139,65,0,100,161,0,0,0,0,80,100,137,37,0,0,0,0,131,236,88,83,86,87,137,101,232,255,21,36,193,65,0,51,210,138,212,137,21,212,6,66,0,139,200,129,225,255,0,0,0,137,13,12.0,103.0,13.0,0.126,10.0,1,30.0,1
0,0,0,0,0,0,0,0,0,4194304,65536,4,0,249856,53248,4096,139264,0,2097152,4096,4096,8,5,0.615,2,7,0,2,7,0,0,1,0,1,1,0,1.057,7,8,128.0,0.0,1,0.0,0.0,3.381,2.62,5.981,6.012,85,139,236,106,255,104,176,209,65,0,104,96,155,65,0,100,161,0,0,0,0,80,100,137,37,0,0,0,0,131,236,88,83,86,87,137,101,232,255,21,36,209,65,0,51,210,138,212,137,21,212,22,66,0,139,200,129,225,255,0,0,0,137,13,12.0,103.0,13.0,0.126,10.0,1,30.0,1
0,0,0,0,0,0,0,0,0,4194304,237568,4,0,528384,53248,4096,274432,0,1048576,4096,4096,5,3,0.625,2,2,0,2,2,0,0,1,0,1,1,0,1.057,3,4,1.08,0.0,0,0.0,0.0,3.753,3.521,5.104,6.002,85,139,236,106,255,104,176,113,68,0,104,96,59,68,0,100,161,0,0,0,0,80,100,137,37,0,0,0,0,131,236,88,83,86,87,137,101,232,255,21,36,113,68,0,51,210,138,212,137,21,212,182,68,0,139,200,129,225,255,0,0,0,137,13,11.0,103.0,13.0,0.126,10.0,1,248.0,1
1,0,1,0,0,0,0,1,0,16777216,28672,6,1,212992,53248,4096,131072,0,1048576,8192,4096,6,3,0.667,2,2,0,2,2,0,0,1,0,1,1,0,1.053,3,4,2.024,0.0,0,0.0,0.0,2.575,3.357,6.27,5.998,85,139,236,106,255,104,176,65,1,1,104,36,12,1,1,100,161,0,0,0,0,80,100,137,37,0,0,0,0,131,236,16,83,86,87,137,101,232,255,21,36,65,1,1,51,210,138,212,137,21,208,134,1,1,139,200,129,225,255,0,0,0,137,13,6.0,103.0,13.0,0.126,10.0,1,20.0,1
0,0,0,0,0,0,0,0,0,4194304,45056,4,0,225280,53248,4096,126976,0,2097152,4096,4096,7,5,0.583,2,6,0,2,6,0,0,1,0,1,1,0,1.057,7,8,128.0,0.0,0,0.0,0.0,-1,2.559,6.147,6.004,85,139,236,106,255,104,176,129,65,0,104,96,75,65,0,100,161,0,0,0,0,80,100,137,37,0,0,0,0,131,236,88,83,86,87,137,101,232,255,21,36,129,65,0,51,210,138,212,137,21,212,198,65,0,139,200,129,225,255,0,0,0,137,13,10.0,103.0,13.0,0.126,10.0,1,-1,1
1,0,1,0,0,0,0,1,0,16777216,172032,6,1,430080,53248,4096,204800,0,1048576,65536,4096,6,3,0.667,2,2,0,2,2,0,0,1,0,1,1,0,1.053,3,4,2.381,0.0,0,0.0,0.0,2.312,3.503,5.056,6.07,85,139,236,106,255,104,176,113,3,1,104,36,60,3,1,100,161,0,0,0,0,80,100,137,37,0,0,0,0,131,236,16,83,86,87,137,101,232,255,21,36,113,3,1,51,210,138,212,137,21,208,182,3,1,139,200,129,225,255,0,0,0,137,13,16.0,103.0,13.0,0.126,10.0,1,14.0,1
0,0,0,0,0,0,0,0,0,4194304,81920,4,0,286720,53248,4096,163840,0,1048576,4096,4096,5,3,0.625,2,2,0,2,2,0,0,1,0,1,1,0,1.057,3,4,1.184,0.0,0,0.0,0.0,2.945,3.408,5.801,5.988,85,139,236,106,255,104,176,17,66,0,104,96,219,65,0,100,161,0,0,0,0,80,100,137,37,0,0,0,0,131,236,88,83,86,87,137,101,232,255,21,36,17,66,0,51,210,138,212,137,21,212,86,66,0,139,200,129,225,255,0,0,0,137,13,7.0,103.0,13.0,0.126,10.0,1,60.0,1
0,0,0,0,0,0,0,0,0,4194304,57344,4,0,241664,53248,4096,139264,0,2097152,4096,4096,8,5,0.615,2,7,0,2,7,0,0,1,0,1,1,0,1.057,7,8,128.0,0.0,1,0.0,0.0,3.381,2.626,6.081,6.007,85,139,236,106,255,104,176,177,65,0,104,96,123,65,0,100,161,0,0,0,0,80,100,137,37,0,0,0,0,131,236,88,83,86,87,137,101,232,255,21,36,177,65,0,51,210,138,212,137,21,212,246,65,0,139,200,129,225,255,0,0,0,137,13,12.0,103.0,13.0,0.126,10.0,1,30.0,1
0,0,0,0,0,0,0,0,0,4194304,49152,4,0,229376,53248,4096,135168,0,2097152,4096,4096,8,5,0.615,2,7,0,2,7,0,0,1,0,1,1,0,1.057,7,8,128.0,0.0,1,0.0,0.0,3.389,2.596,6.132,6.013,85,139,236,106,255,104,176,145,65,0,104,96,91,65,0,100,161,0,0,0,0,80,100,137,37,0,0,0,0,131,236,88,83,86,87,137,101,232,255,21,36,145,65,0,51,210,138,212,137,21,212,214,65,0,139,200,129,225,255,0,0,0,137,13,9.0,103.0,13.0,0.126,10.0,1,30.0,1
0,0,0,0,0,0,0,0,0,4194304,57344,4,0,237568,53248,4096,135168,0,2097152,4096,4096,8,5,0.615,2,7,0,2,7,0,0,1,0,1,1,0,1.057,7,8,128.0,0.0,1,0.0,0.0,3.381,2.638,6.052,6.007,85,139,236,106,255,104,176,177,65,0,104,96,123,65,0,100,161,0,0,0,0,80,100,137,37,0,0,0,0,131,236,88,83,86,87,137,101,232,255,21,36,177,65,0,51,210,138,212,137,21,212,246,65,0,139,200,129,225,255,0,0,0,137,13,12.0,103.0,13.0,0.126,10.0,1,30.0,1
1,0,1,0,0,0,0,1,0,16777216,28672,6,1,212992,53248,4096,131072,0,1048576,16384,4096,6,3,0.667,2,2,0,2,2,0,0,1,0,1,1,0,1.053,3,4,2.276,0.0,0,0.0,0.0,2.392,3.418,6.267,5.998,85,139,236,106,255,104,176,65,1,1,104,36,12,1,1,100,161,0,0,0,0,80,100,137,37,0,0,0,0,131,236,16,83,86,87,137,101,232,255,21,36,65,1,1,51,210,138,212,137,21,208,134,1,1,139,200,129,225,255,0,0,0,137,13,7.0,103.0,13.0,0.126,10.0,1,14.0,1
0,0,0,0,0,0,0,1,0,4194304,81920,5,0,299008,53248,4096,159744,0,1048576,4096,4096,4,3,0.571,2,2,0,2,2,0,0,1,0,1,1,0,1.053,3,4,1.08,0.0,0,0.0,0.0,-1,3.332,5.705,6.008,85,139,236,106,255,104,176,17,66,0,104,36,220,65,0,100,161,0,0,0,0,80,100,137,37,0,0,0,0,131,236,16,83,86,87,137,101,232,255,21,36,17,66,0,51,210,138,212,137,21,208,86,66,0,139,200,129,225,255,0,0,0,137,13,3.0,103.0,13.0,0.126,10.0,1,-1,1
0,0,0,0,0,0,0,0,0,4194304,65536,4,0,249856,53248,4096,139264,0,2097152,4096,4096,8,5,0.615,2,7,0,2,7,0,0,1,0,1,1,0,1.057,7,8,128.0,0.0,1,0.0,0.0,3.38,2.609,5.976,6.012,85,139,236,106,255,104,176,209,65,0,104,96,155,65,0,100,161,0,0,0,0,80,100,137,37,0,0,0,0,131,236,88,83,86,87,137,101,232,255,21,36,209,65,0,51,210,138,212,137,21,212,22,66,0,139,200,129,225,255,0,0,0,137,13,12.0,103.0,13.0,0.126,10.0,1,30.0,1
0,0,0,0,0,0,0,0,0,4194304,53248,4,0,233472,53248,4096,135168,0,2097152,4096,4096,8,5,0.615,2,7,0,2,7,0,0,1,0,1,1,0,1.057,7,8,128.0,0.0,1,0.0,0.0,3.383,2.591,6.07,6.004,85,139,236,106,255,104,176,161,65,0,104,96,107,65,0,100,161,0,0,0,0,80,100,137,37,0,0,0,0,131,236,88,83,86,87,137,101,232,255,21,36,161,65,0,51,210,138,212,137,21,212,230,65,0,139,200,129,225,255,0,0,0,137,13,8.0,103.0,13.0,0.126,10.0,1,30.0,1
0,0,0,0,0,0,0,0,0,4194304,69632,4,0,258048,53248,4096,143360,0,2097152,4096,4096,8,5,0.615,2,7,0,2,7,0,0,1,0,1,1,0,1.057,7,8,128.0,0.0,1,0.0,0.0,3.373,2.643,5.977,6.013,85,139,236,106,255,104,176,225,65,0,104,96,171,65,0,100,161,0,0,0,0,80,100,137,37,0,0,0,0,131,236,88,83,86,87,137,101,232,255,21,36,225,65,0,51,210,138,212,137,21,212,38,66,0,139,200,129,225,255,0,0,0,137,13,14.0,103.0,13.0,0.126,10.0,1,30.0,1
0,0,0,0,0,0,0,0,0,4194304,61440,4,0,249856,53248,4096,143360,0,2097152,4096,4096,8,5,0.615,2,7,0,2,7,0,0,1,0,1,1,0,1.057,7,8,128.0,0.0,1,0.0,0.0,3.378,2.606,6.024,5.997,85,139,236,106,255,104,176,193,65,0,104,96,139,65,0,100,161,0,0,0,0,80,100,137,37,0,0,0,0,131,236,88,83,86,87,137,101,232,255,21,36,193,65,0,51,210,138,212,137,21,212,6,66,0,139,200,129,225,255,0,0,0,137,13,13.0,103.0,13.0,0.126,10.0,1,30.0,1
1,0,1,0,1,0,0,0,0,4194304,90112,4,0,274432,53248,4096,147456,0,2097152,4096,4096,7,3,0.7,2,5,0,2,5,0,0,1,0,1,1,0,1.057,5,6,1.237,0.0,0,0.0,0.0,3.556,2.621,5.405,6.002,85,139,236,106,255,104,176,49,66,0,104,96,251,65,0,100,161,0,0,0,0,80,100,137,37,0,0,0,0,131,236,88,83,86,87,137,101,232,255,21,36,49,66,0,51,210,138,212,137,21,212,118,66,0,139,200,129,225,255,0,0,0,137,13,6.0,103.0,13.0,0.126,10.0,1,84.0,1
0,0,0,0,0,0,0,0,0,4194304,929792,4,0,1609728,53248,4096,827392,0,1048576,16384,4096,8,5,0.615,2,5,0,2,5,0,0,1,0,0,0,0,1.057,6,7,170.667,0.0,1,5.987,1.522,6.798,2.326,4.952,5.987,85,139,236,106,255,104,176,1,79,0,104,96,203,78,0,100,161,0,0,0,0,80,100,137,37,0,0,0,0,131,236,88,83,86,87,137,101,232,255,21,36,1,79,0,51,210,138,212,137,21,212,70,79,0,139,200,129,225,255,0,0,0,137,13,14.0,103.0,13.0,0.126,10.0,1,350.0,1
0,0,0,0,0,0,0,0,0,4194304,495616,4,0,942080,53248,4096,442368,0,1048576,131072,4096,5,3,0.625,2,2,0,2,2,0,0,1,0,1,1,0,1.057,3,4,1.08,0.0,0,0.0,0.0,4.959,3.624,4.683,6.01,85,139,236,106,255,104,176,97,72,0,104,96,43,72,0,100,161,0,0,0,0,80,100,137,37,0,0,0,0,131,236,88,83,86,87,137,101,232,255,21,36,97,72,0,51,210,138,212,137,21,212,166,72,0,139,200,129,225,255,0,0,0,137,13,11.0,103.0,13.0,0.126,10.0,1,404.0,1
0,0,0,0,0,0,0,0,0,4194304,49152,4,0,229376,53248,4096,126976,0,2097152,4096,4096,7,5,0.583,2,6,0,2,6,0,0,1,0,1,1,0,1.053,7,8,128.0,0.0,0,0.0,0.0,-1,2.574,6.074,6.03,85,139,236,106,255,104,176,145,65,0,104,36,92,65,0,100,161,0,0,0,0,80,100,137,37,0,0,0,0,131,236,16,83,86,87,137,101,232,255,21,36,145,65,0,51,210,138,212,137,21,208,214,65,0,139,200,129,225,255,0,0,0,137,13,6.0,103.0,13.0,0.126,10.0,1,-1,1
0,0,0,0,0,0,0,0,0,4194304,61440,4,0,245760,53248,4096,139264,0,2097152,4096,4096,8,5,0.615,2,7,0,2,7,0,0,1,0,1,1,0,1.057,7,8,128.0,0.0,1,0.0,0.0,3.38,2.599,6.027,5.997,85,139,236,106,255,104,176,193,65,0,104,96,139,65,0,100,161,0,0,0,0,80,100,137,37,0,0,0,0,131,236,88,83,86,87,137,101,232,255,21,36,193,65,0,51,210,138,212,137,21,212,6,66,0,139,200,129,225,255,0,0,0,137,13,13.0,103.0,13.0,0.126,10.0,1,30.0,1
0,0,0,0,0,0,0,0,0,4194304,57344,4,0,237568,53248,4096,135168,0,2097152,4096,4096,8,5,0.615,2,7,0,2,7,0,0,1,0,1,1,0,1.057,7,8,128.0,0.0,1,0.0,0.0,3.381,2.616,6.06,6.007,85,139,236,106,255,104,176,177,65,0,104,96,123,65,0,100,161,0,0,0,0,80,100,137,37,0,0,0,0,131,236,88,83,86,87,137,101,232,255,21,36,177,65,0,51,210,138,212,137,21,212,246,65,0,139,200,129,225,255,0,0,0,137,13,12.0,103.0,13.0,0.126,10.0,1,30.0,1
1,0,1,0,0,0,0,1,0,4194304,40960,5,0,221184,53248,4096,143360,0,1048576,4096,4096,6,4,0.6,2,2,0,2,2,0,0,1,0,1,1,0,1.057,4,5,1.274,0.0,0,0.0,0.0,4.611,3.527,6.689,6.01,85,139,236,106,255,104,176,113,65,0,104,96,59,65,0,100,161,0,0,0,0,80,100,137,37,0,0,0,0,131,236,88,83,86,87,137,101,232,255,21,36,113,65,0,51,210,138,212,137,21,212,182,65,0,139,200,129,225,255,0,0,0,137,13,8.0,103.0,13.0,0.126,10.0,1,44.0,1
0,0,0,0,0,0,0,0,0,4194304,69632,4,0,258048,53248,4096,143360,0,2097152,4096,4096,8,5,0.615,2,7,0,2,7,0,0,1,0,1,1,0,1.057,7,8,128.0,0.0,1,0.0,0.0,3.39,2.647,5.97,6.013,85,139,236,106,255,104,176,225,65,0,104,96,171,65,0,100,161,0,0,0,0,80,100,137,37,0,0,0,0,131,236,88,83,86,87,137,101,232,255,21,36,225,65,0,51,210,138,212,137,21,212,38,66,0,139,200,129,225,255,0,0,0,137,13,13.0,103.0,13.0,0.126,10.0,1,30.0,1
1,0,1,0,0,0,0,1,0,16777216,32768,6,1,217088,53248,4096,131072,0,1048576,8192,4096,6,3,0.667,2,2,0,2,2,0,0,1,0,1,1,0,1.053,3,4,2.024,0.0,0,0.0,0.0,2.572,3.388,6.223,6.026,85,139,236,106,255,104,176,81,1,1,104,36,28,1,1,100,161,0,0,0,0,80,100,137,37,0,0,0,0,131,236,16,83,86,87,137,101,232,255,21,36,81,1,1,51,210,138,212,137,21,208,150,1,1,139,200,129,225,255,0,0,0,137,13,6.0,103.0,13.0,0.126,10.0,1,20.0,1
0,0,0,0,0,0,0,0,0,4194304,65536,4,0,253952,53248,4096,143360,0,2097152,4096,4096,8,5,0.615,2,7,0,2,7,0,0,1,0,1,1,0,1.057,7,8,128.0,0.0,1,0.0,0.0,3.388,2.608,6.003,6.012,85,139,236,106,255,104,176,209,65,0,104,96,155,65,0,100,161,0,0,0,0,80,100,137,37,0,0,0,0,131,236,88,83,86,87,137,101,232,255,21,36,209,65,0,51,210,138,212,137,21,212,22,66,0,139,200,129,225,255,0,0,0,137,13,12.0,103.0,13.0,0.126,10.0,1,30.0,1
0,0,0,0,0,0,0,0,0,4194304,57344,4,0,237568,53248,4096,135168,0,2097152,4096,4096,8,5,0.615,2,7,0,2,7,0,0,1,0,1,1,0,1.057,7,8,128.0,0.0,1,0.0,0.0,3.385,2.634,6.01,6.007,85,139,236,106,255,104,176,177,65,0,104,96,123,65,0,100,161,0,0,0,0,80,100,137,37,0,0,0,0,131,236,88,83,86,87,137,101,232,255,21,36,177,65,0,51,210,138,212,137,21,212,246,65,0,139,200,129,225,255,0,0,0,137,13,8.0,103.0,13.0,0.126,10.0,1,30.0,1
0,0,0,0,0,0,0,0,0,4194304,53248,4,0,233472,53248,4096,135168,0,2097152,4096,4096,8,5,0.615,2,7,0,2,7,0,0,1,0,1,1,0,1.057,7,8,128.0,0.0,1,0.0,0.0,3.382,2.62,6.061,6.004,85,139,236,106,255,104,176,161,65,0,104,96,107,65,0,100,161,0,0,0,0,80,100,137,37,0,0,0,0,131,236,88,83,86,87,137,101,232,255,21,36,161,65,0,51,210,138,212,137,21,212,230,65,0,139,200,129,225,255,0,0,0,137,13,8.0,103.0,13.0,0.126,10.0,1,30.0,1
0,0,0,0,0,0,0,0,0,4194304,61440,4,0,245760,53248,4096,139264,0,2097152,4096,4096,8,5,0.615,2,7,0,2,7,0,0,1,0,1,1,0,1.057,7,8,128.0,0.0,1,0.0,0.0,3.388,2.636,6.008,5.997,85,139,236,106,255,104,176,193,65,0,104,96,139,65,0,100,161,0,0,0,0,80,100,137,37,0,0,0,0,131,236,88,83,86,87,137,101,232,255,21,36,193,65,0,51,210,138,212,137,21,212,6,66,0,139,200,129,225,255,0,0,0,137,13,12.0,103.0,13.0,0.126,10.0,1,30.0,1
1,0,1,0,0,0,0,1,0,16777216,69632,6,1,253952,53248,4096,131072,0,1048576,8192,4096,6,3,0.667,2,2,0,2,2,0,0,1,0,1,1,0,1.053,3,4,1.947,0.0,0,0.0,0.0,2.683,3.32,5.508,6.041,85,139,236,106,255,104,176,225,1,1,104,36,172,1,1,100,161,0,0,0,0,80,100,137,37,0,0,0,0,131,236,16,83,86,87,137,101,232,255,21,36,225,1,1,51,210,138,212,137,21,208,38,2,1,139,200,129,225,255,0,0,0,137,13,8.0,103.0,13.0,0.126,10.0,1,20.0,1
0,0,0,0,0,0,0,0,0,4194304,49152,4,0,229376,53248,4096,135168,0,2097152,4096,4096,8,5,0.615,2,7,0,2,7,0,0,1,0,1,1,0,1.057,7,8,128.0,0.0,1,0.0,0.0,3.383,2.587,6.117,6.013,85,139,236,106,255,104,176,145,65,0,104,96,91,65,0,100,161,0,0,0,0,80,100,137,37,0,0,0,0,131,236,88,83,86,87,137,101,232,255,21,36,145,65,0,51,210,138,212,137,21,212,214,65,0,139,200,129,225,255,0,0,0,137,13,6.0,103.0,13.0,0.126,10.0,1,30.0,1
0,0,0,0,0,0,0,0,0,4194304,516096,4,0,1003520,53248,4096,434176,0,1048576,4096,4096,5,3,0.625,2,2,0,2,2,0,0,1,0,1,1,0,1.053,3,4,4.197,0.0,0,0.0,0.0,1.014,3.372,4.559,6.014,85,139,236,106,255,104,176,177,72,0,104,36,124,72,0,100,161,0,0,0,0,80,100,137,37,0,0,0,0,131,236,16,83,86,87,137,101,232,255,21,36,177,72,0,51,210,138,212,137,21,208,246,72,0,139,200,129,225,255,0,0,0,137,13,5.0,103.0,13.0,0.126,10.0,1,8.0,1
1,0,1,0,0,0,0,1,0,16777216,786432,6,1,1212416,53248,4096,774144,0,1048576,8192,4096,6,3,0.667,2,2,0,2,2,0,0,1,0,1,1,0,1.057,3,4,1.274,0.0,0,0.0,0.0,7.357,3.421,5.806,6.048,85,139,236,106,255,104,176,209,12,1,104,96,155,12,1,100,161,0,0,0,0,80,100,137,37,0,0,0,0,131,236,88,83,86,87,137,101,232,255,21,36,209,12,1,51,210,138,212,137,21,212,22,13,1,139,200,129,225,255,0,0,0,137,13,16.0,103.0,13.0,0.126,10.0,1,382.0,1
0,0,0,0,0,0,0,1,0,4194304,81920,5,0,299008,53248,4096,159744,0,1048576,4096,4096,4,3,0.571,2,2,0,2,2,0,0,1,0,1,1,0,1.057,3,4,1.08,0.0,0,0.0,0.0,-1,3.339,5.703,5.988,85,139,236,106,255,104,176,17,66,0,104,96,219,65,0,100,161,0,0,0,0,80,100,137,37,0,0,0,0,131,236,88,83,86,87,137,101,232,255,21,36,17,66,0,51,210,138,212,137,21,212,86,66,0,139,200,129,225,255,0,0,0,137,13,3.0,103.0,13.0,0.126,10.0,1,-1,1
0,0,0,0,0,0,0,0,0,4194304,118784,4,0,344064,53248,4096,192512,0,1048576,4096,4096,5,3,0.625,2,2,0,2,2,0,0,1,0,1,1,0,1.057,3,4,1.134,0.0,0,0.0,0.0,3.813,3.364,5.654,6.002,85,139,236,106,255,104,176,161,66,0,104,96,107,66,0,100,161,0,0,0,0,80,100,137,37,0,0,0,0,131,236,88,83,86,87,137,101,232,255,21,36,161,66,0,51,210,138,212,137,21,212,230,66,0,139,200,129,225,255,0,0,0,137,13,10.0,103.0,13.0,0.126,10.0,1,174.0,1
0,0,0,0,0,0,0,0,0,4194304,102400,4,0,315392,53248,4096,184320,0,1048576,4096,4096,5,3,0.625,2,2,0,2,2,0,0,1,0,1,1,0,1.057,3,4,1.08,0.0,0,0.0,0.0,4.924,3.458,5.985,6.014,85,139,236,106,255,104,176,97,66,0,104,96,43,66,0,100,161,0,0,0,0,80,100,137,37,0,0,0,0,131,236,88,83,86,87,137,101,232,255,21,36,97,66,0,51,210,138,212,137,21,212,166,66,0,139,200,129,225,255,0,0,0,137,13,9.0,103.0,13.0,0.126,10.0,1,156.0,1
0,0,0,0,0,0,0,0,0,4194304,86016,4,0,282624,53248,4096,151552,0,2097152,4096,4096,8,5,0.615,2,7,0,2,7,0,0,1,0,1,1,0,1.057,7,8,128.0,0.0,1,0.0,0.0,3.381,2.641,5.725,6.015,85,139,236,106,255,104,176,33,66,0,104,96,235,65,0,100,161,0,0,0,0,80,100,137,37,0,0,0,0,131,236,88,83,86,87,137,101,232,255,21,36,33,66,0,51,210,138,212,137,21,212,102,66,0,139,200,129,225,255,0,0,0,137,13,12.0,103.0,13.0,0.126,10.0,1,30.0,1
0,0,0,0,0,0,0,1,0,268435456,36864,5,0,225280,53248,4096,135168,0,1048576,8192,4096,5,2,0.714,2,2,0,2,2,0,0,1,0,1,1,0,1.057,2,3,1.893,0.0,0,0.0,0.0,3.127,3.608,6.389,6.052,85,139,236,106,255,104,176,97,1,16,104,96,43,1,16,100,161,0,0,0,0,80,100,137,37,0,0,0,0,131,236,88,83,86,87,137,101,232,255,21,36,97,1,16,51,210,138,212,137,21,212,166,1,16,139,200,129,225,255,0,0,0,137,13,7.0,103.0,13.0,0.126,10.0,1,24.0,1
0,0,0,0,0,0,0,1,0,4194304,3207168,5,0,4374528,53248,4096,2695168,0,1048576,4096,4096,5,3,0.625,2,2,0,2,2,0,0,1,0,1,1,0,1.057,3,4,1.08,0.0,0,0.0,0.0,6.71,3.962,5.294,6.003,85,139,236,106,255,104,176,193,113,0,104,96,139,113,0,100,161,0,0,0,0,80,100,137,37,0,0,0,0,131,236,88,83,86,87,137,101,232,255,21,36,193,113,0,51,210,138,212,137,21,212,6,114,0,139,200,129,225,255,0,0,0,137,13,12.0,103.0,13.0,0.126,10.0,1,970.0,1
0,0,0,0,0,0,0,0,0,4194304,155648,4,0,385024,53248,4096,176128,0,1048576,4096,4096,5,3,0.625,2,2,0,2,2,0,0,1,0,1,1,0,1.057,3,4,1.515,0.0,0,0.0,0.0,2.4,3.401,5.105,6.006,85,139,236,106,255,104,176,49,67,0,104,96,251,66,0,100,161,0,0,0,0,80,100,137,37,0,0,0,0,131,236,88,83,86,87,137,101,232,255,21,36,49,67,0,51,210,138,212,137,21,212,118,67,0,139,200,129,225,255,0,0,0,137,13,6.0,103.0,13.0,0.126,10.0,1,26.0,1
0,0,0,0,0,0,0,0,0,4194304,57344,4,0,237568,53248,4096,135168,0,2097152,4096,4096,8,5,0.615,2,7,0,2,7,0,0,1,0,1,1,0,1.057,7,8,128.0,0.0,1,0.0,0.0,3.384,2.588,6.047,6.007,85,139,236,106,255,104,176,177,65,0,104,96,123,65,0,100,161,0,0,0,0,80,100,137,37,0,0,0,0,131,236,88,83,86,87,137,101,232,255,21,36,177,65,0,51,210,138,212,137,21,212,246,65,0,139,200,129,225,255,0,0,0,137,13,12.0,103.0,13.0,0.126,10.0,1,30.0,1
1,0,1,0,1,0,0,0,0,4194304,90112,4,0,274432,53248,4096,147456,0,2097152,4096,4096,7,3,0.7,2,5,0,2,5,0,0,1,0,1,1,0,1.057,5,6,1.237,0.0,0,0.0,0.0,3.547,2.611,5.405,6.002,85,139,236,106,255,104,176,49,66,0,104,96,251,65,0,100,161,0,0,0,0,80,100,137,37,0,0,0,0,131,236,88,83,86,87,137,101,232,255,21,36,49,66,0,51,210,138,212,137,21,212,118,66,0,139,200,129,225,255,0,0,0,137,13,6.0,103.0,13.0,0.126,10.0,1,84.0,1
0,0,0,0,0,0,0,0,0,4194304,73728,4,0,266240,53248,4096,147456,0,2097152,4096,4096,8,5,0.615,2,7,0,2,7,0,0,1,0,1,1,0,1.057,7,8,128.0,0.0,1,0.0,0.0,3.379,2.643,5.913,6.012,85,139,236,106,255,104,176,241,65,0,104,96,187,65,0,100,161,0,0,0,0,80,100,137,37,0,0,0,0,131,236,88,83,86,87,137,101,232,255,21,36,241,65,0,51,210,138,212,137,21,212,54,66,0,139,200,129,225,255,0,0,0,137,13,13.0,103.0,13.0,0.126,10.0,1,30.0,1
0,0,0,0,0,0,0,0,0,4194304,65536,4,0,253952,53248,4096,143360,0,2097152,4096,4096,8,5,0.615,2,7,0,2,7,0,0,1,0,1,1,0,1.057,7,8,128.0,0.0,1,0.0,0.0,3.388,2.6,5.953,6.012,85,139,236,106,255,104,176,209,65,0,104,96,155,65,0,100,161,0,0,0,0,80,100,137,37,0,0,0,0,131,236,88,83,86,87,137,101,232,255,21,36,209,65,0,51,210,138,212,137,21,212,22,66,0,139,200,129,225,255,0,0,0,137,13,9.0,103.0,13.0,0.126,10.0,1,30.0,1
0,0,1,0,0,0,0,1,0,4194304,151552,5,1,405504,53248,4096,200704,0,1048576,4096,4096,5,3,0.625,2,2,0,2,2,0,0,1,0,1,1,0,1.053,3,4,3.012,0.0,0,0.0,0.0,1.747,3.608,5.537,6.033,85,139,236,106,255,104,176,33,67,0,104,36,236,66,0,100,161,0,0,0,0,80,100,137,37,0,0,0,0,131,236,16,83,86,87,137,101,232,255,21,36,33,67,0,51,210,138,212,137,21,208,102,67,0,139,200,129,225,255,0,0,0,137,13,7.0,103.0,13.0,0.126,10.0,1,14.0,1
0,0,0,0,0,0,0,1,0,4194304,491520,5,0,913408,53248,4096,409600,0,1048576,4096,4096,5,3,0.625,2,2,0,2,2,0,0,1,0,1,1,0,1.057,3,4,1.08,0.0,0,0.0,0.0,3.813,3.53,4.553,6.004,85,139,236,106,255,104,176,81,72,0,104,96,27,72,0,100,161,0,0,0,0,80,100,137,37,0,0,0,0,131,236,88,83,86,87,137,101,232,255,21,36,81,72,0,51,210,138,212,137,21,212,150,72,0,139,200,129,225,255,0,0,0,137,13,14.0,103.0,13.0,0.126,10.0,1,316.0,1
0,0,0,0,0,0,0,0,0,4194304,57344,4,0,241664,53248,4096,139264,0,2097152,4096,4096,8,5,0.615,2,7,0,2,7,0,0,1,0,1,1,0,1.057,7,8,128.0,0.0,1,0.0,0.0,3.39,2.605,6.105,6.007,85,139,236,106,255,104,176,177,65,0,104,96,123,65,0,100,161,0,0,0,0,80,100,137,37,0,0,0,0,131,236,88,83,86,87,137,101,232,255,21,36,177,65,0,51,210,138,212,137,21,212,246,65,0,139,200,129,225,255,0,0,0,137,13,13.0,103.0,13.0,0.126,10.0,1,30.0,1
0,0,0,0,0,0,0,0,0,4194304,65536,4,0,249856,53248,4096,139264,0,2097152,4096,4096,8,5,0.615,2,7,0,2,7,0,0,1,0,1,1,0,1.057,7,8,128.0,0.0,1,0.0,0.0,3.385,2.576,5.963,6.012,85,139,236,106,255,104,176,209,65,0,104,96,155,65,0,100,161,0,0,0,0,80,100,137,37,0,0,0,0,131,236,88,83,86,87,137,101,232,255,21,36,209,65,0,51,210,138,212,137,21,212,22,66,0,139,200,129,225,255,0,0,0,137,13,12.0,103.0,13.0,0.126,10.0,1,30.0,1
1,0,1,0,0,0,0,1,0,4194304,7147520,5,0,7548928,53248,4096,6041600,0,1048576,4096,4096,6,4,0.6,2,2,0,2,2,0,0,1,0,1,1,0,1.057,4,5,1.274,0.0,0,0.0,0.0,2.104,3.369,2.166,6.026,85,139,236,106,255,104,176,225,173,0,104,96,171,173,0,100,161,0,0,0,0,80,100,137,37,0,0,0,0,131,236,88,83,86,87,137,101,232,255,21,36,225,173,0,51,210,138,212,137,21,212,38,174,0,139,200,129,225,255,0,0,0,137,13,14.0,103.0,13.0,0.126,10.0,1,82.0,1
0,0,0,0,0,0,0,0,0,4194304,49152,4,0,229376,53248,4096,135168,0,2097152,4096,4096,8,5,0.615,2,7,0,2,7,0,0,1,0,1,1,0,1.057,7,8,128.0,0.0,1,0.0,0.0,3.384,2.594,6.145,6.013,85,139,236,106,255,104,176,145,65,0,104,96,91,65,0,100,161,0,0,0,0,80,100,137,37,0,0,0,0,131,236,88,83,86,87,137,101,232,255,21,36,145,65,0,51,210,138,212,137,21,212,214,65,0,139,200,129,225,255,0,0,0,137,13,8.0,103.0,13.0,0.126,10.0,1,30.0,1
1,0,1,0,0,0,0,1,0,16777216,188416,6,1,397312,53248,4096,278528,0,1048576,8192,4096,6,3,0.667,2,2,0,2,2,0,0,1,0,1,1,0,1.053,3,4,1.27,0.0,0,0.0,0.0,7.373,3.445,6.454,6.062,85,139,236,106,255,104,176,177,3,1,104,36,124,3,1,100,161,0,0,0,0,80,100,137,37,0,0,0,0,131,236,16,83,86,87,137,101,232,255,21,36,177,3,1,51,210,138,212,137,21,208,246,3,1,139,200,129,225,255,0,0,0,137,13,9.0,103.0,13.0,0.126,10.0,1,62.0,1
1,0,1,0,0,0,0,1,0,4194304,204800,5,1,483328,53248,4096,225280,0,1048576,4096,4096,6,4,0.6,2,2,0,2,2,0,0,1,0,1,1,0,1.053,4,5,1.556,0.0,0,0.0,0.0,2.473,3.498,5.194,6.024,85,139,236,106,255,104,176,241,67,0,104,36,188,67,0,100,161,0,0,0,0,80,100,137,37,0,0,0,0,131,236,16,83,86,87,137,101,232,255,21,36,241,67,0,51,210,138,212,137,21,208,54,68,0,139,200,129,225,255,0,0,0,137,13,6.0,103.0,13.0,0.126,10.0,1,30.0,1
0,0,0,0,0,0,0,1,0,4194304,77824,5,0,294912,53248,4096,163840,0,1048576,8192,4096,5,2,0.714,2,2,0,2,2,0,0,1,0,1,1,0,1.053,2,3,2.312,0.0,0,0.0,0.0,2.447,3.769,5.919,5.99,85,139,236,106,255,104,176,1,66,0,104,36,204,65,0,100,161,0,0,0,0,80,100,137,37,0,0,0,0,131,236,16,83,86,87,137,101,232,255,21,36,1,66,0,51,210,138,212,137,21,208,70,66,0,139,200,129,225,255,0,0,0,137,13,10.0,103.0,13.0,0.126,10.0,1,14.0,1
0,0,0,0,0,0,0,0,141461,4194304,4096,4,0,3858432,51200,1024,35840,0,2097152,8192,4096,2,5,0.286,7,7,7,7,7,7,0,1,1,1,0,0,0.998,0,7,0.998,0.062,0,-1,7.95,4.808,3.323,3.437,7.95,235,8,0,198,3,0,0,0,0,0,96,232,0,0,0,0,93,129,237,16,0,0,0,129,237,44,194,58,0,233,4,0,0,0,13,92,147,150,184,44,194,58,0,3,197,129,192,76,0,0,0,185,226,5,0,0,186,99,177,84,172,48,16,64,10.0,12.0,5.0,0.417,-1,1,129.0,0
0,0,0,0,0,0,0,0,86709,4194304,4096,4,0,3817472,20480,1024,36864,2048,4194304,8192,4096,2,10,0.167,11,12,11,11,12,11,0,1,1,1,0,0,0.998,3,12,0.998,0.0,0,-1,7.951,4.888,2.105,3.401,7.951,235,8,0,80,3,0,0,0,0,0,96,232,0,0,0,0,93,129,237,16,0,0,0,129,237,72,35,58,0,233,4,0,0,0,87,162,202,253,184,72,35,58,0,3,197,129,192,76,0,0,0,185,13,6,0,0,186,157,30,232,102,48,16,64,17.0,19.0,5.0,0.263,-1,1,30.0,0
1,0,0,0,0,0,0,1,2736720,4194304,4096,5,1,6762496,763904,1024,1943552,0,2097152,8192,4096,2,6,0.25,8,8,8,8,8,8,0,1,1,1,0,0,0.999,0,8,0.999,0.043,0,-1,7.948,4.943,3.623,3.722,7.948,235,8,0,36,21,0,0,0,0,0,96,232,0,0,0,0,93,129,237,16,0,0,0,129,237,212,18,103,0,233,4,0,0,0,95,176,160,132,184,212,18,103,0,3,197,129,192,76,0,0,0,185,10,6,0,0,186,101,189,40,45,48,16,64,18.0,20.0,5.0,0.25,-1,1,550.0,0
0,0,0,0,0,0,0,0,104135,4194304,4096,4,0,3821568,19456,1024,37888,1536,4194304,8192,4096,2,10,0.167,11,12,11,11,12,11,0,1,1,1,0,0,1.0,3,11,1.0,0.0,0,-1,7.94,4.9,2.1,3.398,7.94,235,8,0,78,3,0,0,0,0,0,96,232,0,0,0,0,93,129,237,16,0,0,0,129,237,68,57,58,0,233,4,0,0,0,211,58,141,32,184,68,57,58,0,3,197,129,192,76,0,0,0,185,247,5,0,0,186,185,98,168,12,48,16,64,17.0,19.0,5.0,0.263,-1,1,30.0,0
0,0,0,0,0,0,0,0,95560,4194304,4096,4,0,3817472,19456,1024,34304,1536,4194304,8192,4096,2,10,0.167,11,12,11,11,12,11,0,1,1,1,0,0,1.0,3,11,1.0,0.0,0,-1,7.95,4.911,2.077,3.4,7.95,235,8,0,80,3,0,0,0,0,0,96,232,0,0,0,0,93,129,237,16,0,0,0,129,237,136,40,58,0,233,4,0,0,0,213,193,141,253,184,136,40,58,0,3,197,129,192,76,0,0,0,185,0,6,0,0,186,235,225,151,162,48,16,64,16.0,18.0,5.0,0.278,-1,1,30.0,0
0,0,0,0,0,0,0,0,305536,4194304,4096,4,0,4034560,94208,4096,163840,0,2097152,8192,4096,2,5,0.286,7,7,7,7,7,7,0,1,1,1,0,0,1.0,0,5,1.0,0.073,0,-1,7.942,2.733,3.444,3.415,7.942,235,8,0,160,4,0,0,0,0,0,96,232,0,0,0,0,93,129,237,16,0,0,0,129,237,208,114,61,0,233,4,0,0,0,124,165,211,5,184,208,114,61,0,3,197,129,192,76,0,0,0,185,211,5,0,0,186,58,53,224,121,48,16,64,12.0,14.0,5.0,0.357,-1,1,141.0,0
0,0,0,0,0,0,0,0,164088,4194304,4096,4,0,3887104,67584,1024,43520,0,2097152,8192,4096,2,5,0.286,7,7,7,7,7,7,0,1,1,1,0,0,0.998,0,7,0.998,0.062,0,-1,7.95,4.746,3.333,3.444,7.95,235,8,0,248,3,0,0,0,0,0,96,232,0,0,0,0,93,129,237,16,0,0,0,129,237,148,51,59,0,233,4,0,0,0,105,182,254,146,184,148,51,59,0,3,197,129,192,76,0,0,0,185,244,5,0,0,186,95,228,58,239,48,16,64,10.0,12.0,5.0,0.417,-1,1,165.0,0
0,0,0,0,0,0,0,1,3240184,4194304,4096,5,0,7090176,1161216,1024,2016256,0,2097152,8192,4096,2,5,0.286,7,7,7,7,7,7,0,1,1,1,0,0,0.997,0,7,0.997,0.072,0,-1,7.95,5.728,3.665,3.614,7.95,235,8,0,24,22,0,0,0,0,0,96,232,0,0,0,0,93,129,237,16,0,0,0,129,237,200,15,108,0,233,4,0,0,0,36,207,139,199,184,200,15,108,0,3,197,129,192,76,0,0,0,185,223,5,0,0,186,162,134,166,186,48,16,64,12.0,14.0,5.0,0.357,-1,1,755.0,0
1,0,0,0,0,0,0,1,121485,4194304,4096,5,0,3837952,19968,1024,36864,0,2097152,8192,4096,2,6,0.25,8,8,8,8,8,8,0,1,1,1,0,0,0.998,0,8,0.998,0.021,0,-1,7.949,3.868,3.37,3.43,7.949,235,8,0,148,3,0,0,0,0,0,96,232,0,0,0,0,93,129,237,16,0,0,0,129,237,156,116,58,0,233,4,0,0,0,91,122,16,179,184,156,116,58,0,3,197,129,192,76,0,0,0,185,227,5,0,0,186,1,215,14,142,48,16,64,12.0,14.0,5.0,0.357,-1,1,43.0,0
0,0,0,0,0,0,0,0,92381,4194304,4096,4,0,3821568,16896,1024,32768,1536,4194304,8192,4096,2,10,0.167,11,12,11,11,12,11,0,1,1,1,0,0,0.998,3,12,0.998,0.0,0,-1,7.949,4.892,2.096,3.39,7.949,235,8,0,78,3,0,0,0,0,0,96,232,0,0,0,0,93,129,237,16,0,0,0,129,237,180,51,58,0,233,4,0,0,0,42,110,124,134,184,180,51,58,0,3,197,129,192,76,0,0,0,185,5,6,0,0,186,56,254,92,174,48,16,64,17.0,19.0,5.0,0.263,-1,1,30.0,0
0,0,0,0,0,0,0,1,290116,4194304,4096,5,1,4038656,86528,1024,189952,0,2097152,8192,4096,2,5,0.286,7,7,7,7,7,7,0,1,1,1,0,0,0.997,0,7,0.997,0.072,0,-1,7.95,4.04,3.471,3.5,7.95,235,8,0,248,4,0,0,0,0,0,96,232,0,0,0,0,93,129,237,16,0,0,0,129,237,28,126,61,0,233,4,0,0,0,223,216,17,253,184,28,126,61,0,3,197,129,192,76,0,0,0,185,251,5,0,0,186,229,177,9,153,48,16,64,10.0,12.0,5.0,0.417,-1,1,19.0,0
1,0,0,0,0,0,0,1,46090,4194304,8192,4,0,3817472,4096,8192,17408,0,2097152,8192,8192,2,4,0.333,6,6,6,6,6,6,0,1,1,1,0,0,0.994,1,6,0.994,0.0,0,-1,7.944,5.614,2.306,3.377,7.944,235,8,0,114,3,0,0,0,0,0,96,232,0,0,0,0,93,129,237,16,0,0,0,129,237,204,17,58,0,233,4,0,0,0,240,74,71,105,184,204,17,58,0,3,197,129,192,76,0,0,0,185,7,6,0,0,186,142,125,201,152,48,16,64,8.0,10.0,5.0,0.5,-1,1,34.0,0
0,0,0,0,0,0,0,1,0,4194304,4096,5,1,3809280,5632,1024,25600,0,2097152,8192,4096,2,6,0.25,8,8,8,8,8,8,0,1,1,1,0,0,0.999,1,8,0.999,0.0,0,-1,7.941,3.455,3.265,3.364,7.941,235,8,0,106,3,0,0,0,0,0,96,232,0,0,0,0,93,129,237,16,0,0,0,129,237,128,5,58,0,233,4,0,0,0,122,90,76,76,184,128,5,58,0,3,197,129,192,76,0,0,0,185,3,6,0,0,186,8,146,39,248,48,16,64,7.0,9.0,5.0,0.556,-1,1,34.0,0
0,0,0,0,0,0,0,0,0,4194304,4096,4,0,3801088,8192,4096,20480,0,2097152,8192,4096,2,5,0.286,7,7,7,7,7,7,0,1,1,1,0,0,1.0,1,4,1.0,0.0,0,-1,7.946,1.895,3.259,3.406,7.946,235,8,0,112,3,0,0,0,0,0,96,232,0,0,0,0,93,129,237,16,0,0,0,129,237,72,230,57,0,233,4,0,0,0,71,191,119,215,184,72,230,57,0,3,197,129,192,76,0,0,0,185,244,5,0,0,186,13,114,5,224,48,16,64,10.0,12.0,5.0,0.417,-1,1,28.0,0
0,0,0,0,0,0,0,0,85351,4194304,4096,4,0,4157440,52224,1024,14848,332800,4194304,8192,4096,2,7,0.222,8,9,8,8,9,8,0,1,1,1,0,0,0.999,2,8,1.0,0.0,0,-1,7.947,2.927,2.223,3.171,7.947,235,8,0,148,3,0,0,0,0,0,96,232,0,0,0,0,93,129,237,16,0,0,0,129,237,244,85,63,0,233,4,0,0,0,52,252,116,158,184,244,85,63,0,3,197,129,192,76,0,0,0,185,5,6,0,0,186,50,109,198,45,48,16,64,8.0,10.0,5.0,0.5,-1,1,20.0,0
0,0,0,0,0,0,0,1,6268317,4194304,4096,5,1,10301440,1693696,1024,4558848,0,2097152,8192,4096,2,5,0.286,7,7,7,7,7,7,0,1,1,1,0,0,0.998,0,7,0.998,0.072,0,-1,7.942,5.148,3.876,3.886,7.942,235,8,0,236,44,0,0,0,0,0,96,232,0,0,0,0,93,129,237,16,0,0,0,129,237,80,19,157,0,233,4,0,0,0,222,101,162,15,184,80,19,157,0,3,197,129,192,76,0,0,0,185,233,5,0,0,186,204,78,202,203,48,16,64,18.0,20.0,5.0,0.25,-1,1,753.0,0
0,0,0,0,0,0,0,0,0,4194304,4096,4,0,4018176,155648,1024,82432,0,2097152,8192,4096,2,5,0.286,7,7,7,7,7,7,0,1,1,1,0,0,0.998,0,7,0.998,0.072,0,-1,7.947,3.452,3.478,3.425,7.947,235,8,0,188,4,0,0,0,0,0,96,232,0,0,0,0,93,129,237,16,0,0,0,129,237,28,53,61,0,233,4,0,0,0,24,180,234,237,184,28,53,61,0,3,197,129,192,76,0,0,0,185,244,5,0,0,186,118,2,245,177,48,16,64,12.0,14.0,5.0,0.357,-1,1,218.0,0
0,0,0,0,0,0,0,0,53866,4194304,4096,4,0,3809280,11776,1024,25600,1536,4194304,8192,4096,2,10,0.167,11,12,11,11,12,11,0,1,1,1,0,0,0.997,3,12,0.997,0.0,0,-1,7.934,4.875,2.026,3.388,7.934,235,8,0,64,3,0,0,0,0,0,96,232,0,0,0,0,93,129,237,16,0,0,0,129,237,0,0,58,0,233,4,0,0,0,46,117,2,105,184,0,0,58,0,3,197,129,192,76,0,0,0,185,255,5,0,0,186,156,77,32,211,48,16,64,16.0,18.0,5.0,0.278,-1,1,30.0,0
0,0,0,0,0,0,0,1,485761,4194304,4096,5,0,4648960,199168,1024,244224,0,2097152,8192,4096,2,5,0.286,7,7,7,7,7,7,0,1,1,1,0,0,0.999,0,7,0.999,0.018,0,-1,7.946,3.592,3.186,3.222,7.946,235,8,0,2,6,0,0,0,0,0,96,232,0,0,0,0,93,129,237,16,0,0,0,129,237,236,213,70,0,233,4,0,0,0,62,57,129,62,184,236,213,70,0,3,197,129,192,76,0,0,0,185,229,5,0,0,186,44,243,115,21,48,16,64,11.0,13.0,5.0,0.385,-1,1,153.0,0
1,0,0,0,0,0,0,1,814043,4194304,4096,5,1,4546560,116224,1024,667136,0,2097152,8192,4096,2,6,0.25,8,8,8,8,8,8,0,1,1,1,0,0,1.0,0,7,1.0,0.03,0,-1,7.951,3.99,3.195,3.397,7.951,235,8,0,158,6,0,0,0,0,0,96,232,0,0,0,0,93,129,237,16,0,0,0,129,237,140,73,69,0,233,4,0,0,0,220,38,110,7,184,140,73,69,0,3,197,129,192,76,0,0,0,185,250,5,0,0,186,154,215,13,81,48,16,64,10.0,12.0,5.0,0.417,-1,1,22.0,0
0,0,0,0,0,0,0,0,119888,4194304,4096,4,0,3837952,28160,1024,54784,1536,4194304,8192,4096,2,10,0.167,11,12,11,11,12,11,0,1,1,1,0,0,0.997,3,12,0.997,0.0,0,-1,7.951,4.895,2.077,3.41,7.951,235,8,0,96,3,0,0,0,0,0,96,232,0,0,0,0,93,129,237,16,0,0,0,129,237,24,109,58,0,233,4,0,0,0,217,86,164,206,184,24,109,58,0,3,197,129,192,76,0,0,0,185,244,5,0,0,186,79,15,169,175,48,16,64,19.0,21.0,5.0,0.238,-1,1,30.0,0
1,0,0,0,0,0,0,1,228116,16777216,4096,6,1,4059136,43008,1024,133120,0,524288,16384,4096,2,5,0.286,7,7,7,7,7,7,0,1,1,1,0,0,1.0,1,5,1.0,0.0,0,-1,7.954,7.373,3.28,3.473,7.954,235,8,0,80,5,0,0,0,0,0,96,232,0,0,0,0,93,129,237,16,0,0,0,129,237,160,217,61,0,233,4,0,0,0,181,141,168,79,184,160,217,61,0,3,197,129,192,76,0,0,0,185,243,5,0,0,186,203,202,112,198,48,16,64,12.0,14.0,5.0,0.357,-1,1,62.0,0
0,0,0,0,0,0,0,0,0,4194304,4096,4,0,4009984,145408,1024,80384,0,2097152,8192,4096,2,5,0.286,7,7,7,7,7,7,0,1,1,1,0,0,0.998,0,7,0.998,0.072,0,-1,7.938,3.454,3.439,3.423,7.938,235,8,0,170,4,0,0,0,0,0,96,232,0,0,0,0,93,129,237,16,0,0,0,129,237,208,17,61,0,233,4,0,0,0,75,15,47,198,184,208,17,61,0,3,197,129,192,76,0,0,0,185,9,6,0,0,186,113,226,0,182,48,16,64,12.0,14.0,5.0,0.357,-1,1,218.0,0
1,0,0,0,0,0,0,1,594129,16777216,4096,6,1,4800512,99328,1024,487424,0,524288,16384,4096,2,5,0.286,7,7,7,7,7,7,0,1,1,1,0,0,0.999,0,7,0.999,0.052,0,-1,7.948,6.036,3.377,3.494,7.948,235,8,0,66,11,0,0,0,0,0,96,232,0,0,0,0,93,129,237,16,0,0,0,129,237,208,40,73,0,233,4,0,0,0,222,31,236,188,184,208,40,73,0,3,197,129,192,76,0,0,0,185,242,5,0,0,186,204,120,13,159,48,16,64,13.0,15.0,5.0,0.333,-1,1,225.0,0
0,0,0,0,0,0,0,0,0,4194304,4096,4,0,4284416,339456,1024,136192,0,1048576,262144,4096,2,5,0.286,7,7,7,7,7,7,0,1,1,1,0,0,0.997,0,7,0.997,0.072,0,-1,7.951,5.291,3.527,3.48,7.951,235,8,0,116,6,0,0,0,0,0,96,232,0,0,0,0,93,129,237,16,0,0,0,129,237,196,62,65,0,233,4,0,0,0,177,139,140,56,184,196,62,65,0,3,197,129,192,76,0,0,0,185,24,6,0,0,186,103,248,207,8,48,16,64,12.0,14.0,5.0,0.357,-1,1,359.0,0
1,0,0,0,0,0,0,1,92673,4194304,4096,5,0,3805184,3584,1024,26112,0,2097152,8192,4096,2,6,0.25,8,8,8,8,8,8,0,1,1,1,0,0,0.997,0,7,1.0,0.025,0,-1,7.949,3.42,3.261,3.41,7.949,235,8,0,108,3,0,0,0,0,0,96,232,0,0,0,0,93,129,237,16,0,0,0,129,237,72,237,57,0,233,4,0,0,0,238,70,25,168,184,72,237,57,0,3,197,129,192,76,0,0,0,185,249,5,0,0,186,92,201,224,77,48,16,64,12.0,14.0,5.0,0.357,-1,1,43.0,0
0,0,0,0,0,0,0,0,66614,4194304,4096,4,0,3809280,12288,1024,27136,2048,4194304,8192,4096,2,10,0.167,11,12,11,11,12,11,0,1,1,1,0,0,0.998,3,12,0.998,0.0,0,-1,7.949,4.876,2.056,3.393,7.949,235,8,0,66,3,0,0,0,0,0,96,232,0,0,0,0,93,129,237,16,0,0,0,129,237,140,2,58,0,233,4,0,0,0,160,144,163,99,184,140,2,58,0,3,197,129,192,76,0,0,0,185,255,5,0,0,186,190,203,31,181,48,16,64,17.0,19.0,5.0,0.263,-1,1,30.0,0
1,0,0,0,0,0,0,1,0,4194304,4096,5,1,23343104,10805760,1024,8640000,0,2097152,8192,4096,2,7,0.222,9,9,9,9,9,9,0,1,1,1,0,0,0.998,1,9,0.998,0.0,0,-1,7.946,4.628,3.736,4.628,7.946,235,8,0,172,148,0,0,0,0,0,96,232,0,0,0,0,93,129,237,16,0,0,0,129,237,72,17,100,1,233,4,0,0,0,96,121,191,40,184,72,17,100,1,3,197,129,192,76,0,0,0,185,247,5,0,0,186,126,134,247,36,48,16,64,20.0,22.0,5.0,0.227,-1,1,54.0,0
0,0,0,0,0,0,0,0,1689401,4194304,4096,4,0,5451776,1332224,1024,321536,0,2097152,8192,4096,2,5,0.286,7,7,7,7,7,7,0,1,1,1,0,0,0.996,0,7,0.996,0.072,0,-1,7.951,3.944,3.513,3.536,7.951,235,8,0,156,12,0,0,0,0,0,96,232,0,0,0,0,93,129,237,16,0,0,0,129,237,128,11,83,0,233,4,0,0,0,224,128,212,61,184,128,11,83,0,3,197,129,192,76,0,0,0,185,9,6,0,0,186,254,65,177,114,48,16,64,14.0,16.0,5.0,0.312,-1,1,97.0,0
0,0,0,0,0,0,0,0,0,4194304,4096,4,0,5496832,1122304,1536,90112,0,2097152,16384,4096,2,9,0.182,11,11,11,11,11,11,0,1,1,1,0,0,0.997,3,11,0.997,0.0,0,-1,7.908,4.279,1.714,3.654,7.908,235,8,0,238,11,0,0,0,0,0,96,232,0,0,0,0,93,129,237,16,0,0,0,129,237,112,189,83,0,233,4,0,0,0,13,29,69,125,184,112,189,83,0,3,197,129,192,76,0,0,0,185,250,5,0,0,186,99,138,216,30,48,16,64,11.0,13.0,5.0,0.385,-1,1,202.0,0
0,0,0,0,0,0,0,1,80981,486539264,4096,5,0,3805184,2560,1024,23552,0,4000000,8192,4096,2,5,0.286,7,7,7,7,7,7,0,1,1,1,0,0,0.999,0,7,0.999,0.021,0,-1,7.95,4.335,3.106,3.368,7.95,235,8,0,104,3,0,0,0,0,0,96,232,0,0,0,0,93,129,237,16,0,0,0,129,237,0,246,57,0,233,4,0,0,0,222,141,240,202,184,0,246,57,0,3,197,129,192,76,0,0,0,185,235,5,0,0,186,204,54,172,20,48,16,64,9.0,11.0,5.0,0.455,-1,1,44.0,0
0,0,0,0,0,0,0,0,224466,4194304,4096,4,0,3923968,28672,4096,139264,0,2097152,8192,4096,2,5,0.286,7,7,7,7,7,7,0,1,1,1,0,0,1.0,0,5,1.0,0.073,0,-1,7.938,4.004,3.362,3.372,7.938,235,8,0,240,3,0,0,0,0,0,96,232,0,0,0,0,93,129,237,16,0,0,0,129,237,140,196,59,0,233,4,0,0,0,11,125,173,86,184,140,196,59,0,3,197,129,192,76,0,0,0,185,254,5,0,0,186,49,154,63,224,48,16,64,13.0,15.0,5.0,0.333,-1,1,128.0,0
1,0,0,0,0,0,0,1,69956,4194304,8192,4,0,3842048,8192,8192,27648,0,2097152,8192,8192,2,4,0.333,6,6,6,6,6,6,0,1,1,1,0,0,0.992,1,6,0.992,0.0,0,-1,7.937,5.832,2.304,3.38,7.937,235,8,0,162,3,0,0,0,0,0,96,232,0,0,0,0,93,129,237,16,0,0,0,129,237,212,108,58,0,233,4,0,0,0,196,29,233,174,184,212,108,58,0,3,197,129,192,76,0,0,0,185,236,5,0,0,186,66,52,44,108,48,16,64,8.0,10.0,5.0,0.5,-1,1,58.0,0
0,0,0,0,0,0,0,0,0,4194304,4096,4,0,3792896,12288,4096,28672,0,2097152,8192,4096,2,5,0.286,7,7,7,7,7,7,0,1,1,1,0,0,1.0,0,5,1.0,0.073,0,-1,7.943,3.702,3.173,3.371,7.943,235,8,0,144,3,0,0,0,0,0,96,232,0,0,0,0,93,129,237,16,0,0,0,129,237,208,198,57,0,233,4,0,0,0,89,23,121,5,184,208,198,57,0,3,197,129,192,76,0,0,0,185,243,5,0,0,186,207,219,3,59,48,16,64,10.0,12.0,5.0,0.417,-1,1,38.0,0
0,0,0,0,0,0,0,0,89416,4194304,4096,4,0,3821568,19968,1024,35840,1536,4194304,8192,4096,2,10,0.167,11,12,11,11,12,11,0,1,1,1,0,0,0.996,3,12,0.996,0.0,0,-1,7.951,4.894,2.108,3.399,7.951,235,8,0,78,3,0,0,0,0,0,96,232,0,0,0,0,93,129,237,16,0,0,0,129,237,160,42,58,0,233,4,0,0,0,68,1,200,209,184,160,42,58,0,3,197,129,192,76,0,0,0,185,5,6,0,0,186,194,107,252,104,48,16,64,16.0,18.0,5.0,0.278,-1,1,30.0,0
1,0,0,0,0,0,0,1,51738,16777216,4096,6,1,3784704,16384,1024,9728,0,524288,16384,4096,2,5,0.286,7,7,7,7,7,7,0,1,1,1,0,0,0.997,1,7,0.997,0.0,0,-1,7.949,4.411,3.222,3.383,7.949,235,8,0,54,3,0,0,0,0,0,96,232,0,0,0,0,93,129,237,16,0,0,0,129,237,56,157,57,0,233,4,0,0,0,30,155,38,110,184,56,157,57,0,3,197,129,192,76,0,0,0,185,15,6,0,0,186,12,130,69,177,48,16,64,11.0,13.0,5.0,0.385,-1,1,20.0,0
0,0,0,0,0,0,0,0,108110,4194304,4096,4,0,3821568,20480,1024,37376,1536,4194304,8192,4096,2,10,0.167,11,12,11,11,12,11,0,1,1,1,0,0,0.997,3,12,0.997,0.0,0,-1,7.955,4.878,2.106,3.406,7.955,235,8,0,82,3,0,0,0,0,0,96,232,0,0,0,0,93,129,237,16,0,0,0,129,237,104,45,58,0,233,4,0,0,0,22,192,255,103,184,104,45,58,0,3,197,129,192,76,0,0,0,185,249,5,0,0,186,68,222,24,251,48,16,64,17.0,19.0,5.0,0.263,-1,1,30.0,0
1,0,0,0,0,0,0,1,682666,4194304,4096,5,1,4526080,352768,1024,291328,0,2097152,8192,4096,2,6,0.25,8,8,8,8,8,8,0,1,1,1,0,0,1.0,0,7,1.0,0.028,0,-1,7.954,4.556,3.693,3.463,7.954,235,8,0,138,7,0,0,0,0,0,96,232,0,0,0,0,93,129,237,16,0,0,0,129,237,72,249,68,0,233,4,0,0,0,130,110,40,106,184,72,249,68,0,3,197,129,192,76,0,0,0,185,9,6,0,0,186,208,198,238,204,48,16,64,15.0,17.0,5.0,0.294,-1,1,624.0,0
0,0,0,0,0,0,0,0,0,4194304,4096,5,0,11264000,4730368,1536,2393600,0,2097152,32768,4096,2,12,0.143,12,14,12,12,14,12,0,1,1,1,0,0,0.999,4,14,0.999,0.0,0,-1,7.949,5.098,2.063,3.839,7.949,235,8,0,82,45,0,0,0,0,0,96,232,0,0,0,0,93,129,237,16,0,0,0,129,237,232,193,171,0,233,4,0,0,0,119,0,111,60,184,232,193,171,0,3,197,129,192,76,0,0,0,185,248,5,0,0,186,189,79,74,214,48,16,64,15.0,17.0,5.0,0.294,-1,1,471.0,0
1,0,0,0,0,0,0,1,98864,4194304,4096,5,0,3805184,3072,1024,26112,0,2097152,8192,4096,2,6,0.25,8,8,8,8,8,8,0,1,1,1,0,0,0.996,0,7,1.0,0.025,0,-1,7.945,4.179,3.318,3.418,7.945,235,8,0,108,3,0,0,0,0,0,96,232,0,0,0,0,93,129,237,16,0,0,0,129,237,220,234,57,0,233,4,0,0,0,48,167,74,38,184,220,234,57,0,3,197,129,192,76,0,0,0,185,22,6,0,0,186,206,127,199,249,48,16,64,12.0,14.0,5.0,0.357,-1,1,43.0,0
1,0,0,0,0,0,0,1,725100,4194304,4096,5,1,4489216,116224,1024,558592,0,2097152,8192,4096,2,6,0.25,8,8,8,8,8,8,0,1,1,1,0,0,0.999,0,8,0.999,0.072,0,-1,7.956,5.086,3.104,3.541,7.956,235,8,0,214,7,0,0,0,0,0,96,232,0,0,0,0,93,129,237,16,0,0,0,129,237,228,102,68,0,233,4,0,0,0,170,82,0,122,184,228,102,68,0,3,197,129,192,76,0,0,0,185,253,5,0,0,186,184,78,114,56,48,16,64,11.0,13.0,5.0,0.385,-1,1,102.0,0
1,0,0,0,0,0,0,1,56991,4194304,4096,5,1,3784704,5120,1024,8704,0,2097152,8192,4096,2,7,0.222,9,9,9,9,9,9,0,1,1,1,0,0,0.999,1,9,0.999,0.0,0,-1,7.952,5.115,3.197,3.415,7.952,235,8,0,38,3,0,0,0,0,0,96,232,0,0,0,0,93,129,237,16,0,0,0,129,237,144,166,57,0,233,4,0,0,0,141,57,221,167,184,144,166,57,0,3,197,129,192,76,0,0,0,185,227,5,0,0,186,227,82,167,74,48,16,64,14.0,16.0,5.0,0.312,-1,1,8.0,0
0,0,0,0,0,0,0,0,0,4194304,4096,4,0,4259840,398336,1024,103936,0,2097152,8192,4096,2,5,0.286,7,7,7,7,7,7,0,1,1,1,0,0,1.0,1,6,1.0,0.0,0,-1,7.946,3.165,3.261,3.481,7.946,235,8,0,46,6,0,0,0,0,0,96,232,0,0,0,0,93,129,237,16,0,0,0,129,237,252,234,64,0,233,4,0,0,0,160,3,212,125,184,252,234,64,0,3,197,129,192,76,0,0,0,185,11,6,0,0,186,190,6,211,52,48,16,64,8.0,10.0,5.0,0.5,-1,1,8.0,0
0,0,0,0,0,0,0,0,0,4194304,4096,4,0,3784704,3072,1024,15872,0,2097152,8192,4096,2,5,0.286,7,7,7,7,7,7,0,1,1,1,0,0,0.997,2,7,0.997,0.0,0,-1,7.949,5.036,2.905,3.38,7.949,235,8,0,60,3,0,0,0,0,0,96,232,0,0,0,0,93,129,237,16,0,0,0,129,237,144,159,57,0,233,4,0,0,0,170,39,195,89,184,144,159,57,0,3,197,129,192,76,0,0,0,185,254,5,0,0,186,184,27,193,140,48,16,64,7.0,9.0,5.0,0.556,-1,1,36.0,0
0,0,0,0,0,0,0,0,101938,4194304,4096,4,0,3842048,50688,1024,27136,0,2097152,8192,4096,2,5,0.286,7,7,7,7,7,7,0,1,1,1,0,0,0.999,0,7,0.999,0.072,0,-1,7.947,3.6,3.201,3.44,7.947,235,8,0,172,3,0,0,0,0,0,96,232,0,0,0,0,93,129,237,16,0,0,0,129,237,240,136,58,0,233,4,0,0,0,165,232,204,160,184,240,136,58,0,3,197,129,192,76,0,0,0,185,15,6,0,0,186,59,44,227,1,48,16,64,13.0,15.0,5.0,0.333,-1,1,140.0,0
1,0,0,0,0,0,0,1,118864,4194304,4096,5,1,3858432,18432,1024,48128,0,2097152,8192,4096,2,6,0.25,8,8,8,8,8,8,0,1,1,1,0,0,0.997,0,8,0.997,0.031,0,-1,7.947,5.864,3.586,3.407,7.947,235,8,0,176,3,0,0,0,0,0,96,232,0,0,0,0,93,129,237,16,0,0,0,129,237,212,190,58,0,233,4,0,0,0,11,103,87,163,184,212,190,58,0,3,197,129,192,76,0,0,0,185,8,6,0,0,186,49,116,103,59,48,16,64,12.0,14.0,5.0,0.357,-1,1,122.0,0
0,0,0,0,0,0,0,0,269152,4194304,4096,4,0,4100096,36864,4096,315392,0,2097152,8192,4096,2,5,0.286,7,7,7,7,7,7,0,1,1,1,0,0,1.0,0,5,1.0,0.073,0,-1,7.949,3.406,3.325,3.279,7.949,235,8,0,48,4,0,0,0,0,0,96,232,0,0,0,0,93,129,237,16,0,0,0,129,237,88,121,62,0,233,4,0,0,0,169,166,208,37,184,88,121,62,0,3,197,129,192,76,0,0,0,185,20,6,0,0,186,159,90,133,220,48,16,64,9.0,11.0,5.0,0.455,-1,1,54.0,0
0,0,0,0,0,0,0,0,73496,4194304,4096,4,0,3825664,10752,1024,40960,1536,4194304,8192,4096,2,10,0.167,11,12,11,11,12,11,0,1,1,1,0,0,0.997,3,12,0.997,0.0,0,-1,7.945,4.905,2.07,3.422,7.945,235,8,0,130,3,0,0,0,0,0,96,232,0,0,0,0,93,129,237,16,0,0,0,129,237,132,60,58,0,233,4,0,0,0,195,94,131,229,184,132,60,58,0,3,197,129,192,76,0,0,0,185,235,5,0,0,186,41,101,255,171,48,16,64,16.0,18.0,5.0,0.278,-1,1,30.0,0
0,0,0,0,0,0,0,0,46275,4194304,4096,4,0,3809280,34816,1024,43520,3584,4194304,8192,4096,1,8,0.111,8,9,8,8,9,8,0,1,1,1,0,0,0.996,2,9,0.996,0.0,0,-1,7.949,-1,2.189,3.389,7.949,235,8,0,92,3,0,0,0,0,0,96,232,0,0,0,0,93,129,237,16,0,0,0,129,237,152,252,57,0,233,4,0,0,0,71,32,88,198,184,152,252,57,0,3,197,129,192,76,0,0,0,185,238,5,0,0,186,13,235,22,136,48,16,64,11.0,13.0,5.0,0.385,-1,1,-1,0
0,0,0,0,0,0,0,0,92300,4194304,4096,4,0,3813376,13824,1024,29184,1536,4194304,8192,4096,2,10,0.167,11,12,11,11,12,11,0,1,1,1,0,0,0.997,3,12,0.997,0.0,0,-1,7.951,4.883,2.085,3.388,7.951,235,8,0,70,3,0,0,0,0,0,96,232,0,0,0,0,93,129,237,16,0,0,0,129,237,188,12,58,0,233,4,0,0,0,48,193,129,117,184,188,12,58,0,3,197,129,192,76,0,0,0,185,249,5,0,0,186,206,9,57,148,48,16,64,14.0,16.0,5.0,0.312,-1,1,30.0,0
1,0,0,0,0,0,0,1,359229,1255145472,4096,6,1,4096000,142848,1024,158720,0,2097152,2072576,4096,2,5,0.286,7,7,7,7,7,7,0,1,1,1,0,0,1.0,1,6,1.0,0.0,0,-1,7.944,4.001,3.326,3.374,7.944,235,8,0,210,4,0,0,0,0,0,96,232,0,0,0,0,93,129,237,16,0,0,0,129,237,232,105,62,0,233,4,0,0,0,207,129,247,212,184,232,105,62,0,3,197,129,192,76,0,0,0,185,243,5,0,0,186,85,177,140,247,48,16,64,10.0,12.0,5.0,0.417,-1,1,68.0,0
1,0,0,0,0,0,0,1,3027784,4194304,4096,5,1,6914048,2148864,1024,899072,0,2097152,8192,4096,2,6,0.25,8,8,8,8,8,8,0,1,1,1,0,0,1.0,0,8,1.0,0.072,0,-1,7.951,4.637,3.532,3.912,7.951,235,8,0,206,22,0,0,0,0,0,96,232,0,0,0,0,93,129,237,16,0,0,0,129,237,240,102,105,0,233,4,0,0,0,231,182,189,117,184,240,102,105,0,3,197,129,192,76,0,0,0,185,9,6,0,0,186,173,160,171,117,48,16,64,23.0,25.0,5.0,0.2,-1,1,158.0,0
0,0,0,0,0,0,0,0,0,4194304,4096,4,0,3874816,61440,1024,50176,0,2097152,8192,4096,2,5,0.286,7,7,7,7,7,7,0,1,1,1,0,0,0.998,0,6,1.0,0.062,0,-1,7.946,3.604,3.255,3.453,7.946,235,8,0,240,3,0,0,0,0,0,96,232,0,0,0,0,93,129,237,16,0,0,0,129,237,188,4,59,0,233,4,0,0,0,232,206,196,231,184,188,4,59,0,3,197,129,192,76,0,0,0,185,244,5,0,0,186,198,32,130,0,48,16,64,10.0,12.0,5.0,0.417,-1,1,159.0,0
0,0,0,0,0,0,0,0,173083,4194304,4096,4,0,3891200,24576,4096,122880,0,2097152,8192,4096,1,4,0.2,5,5,5,5,5,5,0,1,1,1,0,0,1.0,0,3,1.0,0.073,0,-1,7.942,-1,3.405,3.37,7.942,235,8,0,192,3,0,0,0,0,0,96,232,0,0,0,0,93,129,237,16,0,0,0,129,237,40,72,59,0,233,4,0,0,0,31,51,87,47,184,40,72,59,0,3,197,129,192,76,0,0,0,185,237,5,0,0,186,37,130,41,243,48,16,64,8.0,10.0,5.0,0.5,-1,1,-1,0
0,0,0,0,0,0,0,1,504430,4194304,4096,5,0,4313088,206848,1024,253440,0,2097152,8192,4096,2,5,0.286,7,7,7,7,7,7,0,1,1,1,0,0,0.999,0,6,1.0,0.021,0,-1,7.947,3.928,3.237,3.467,7.947,235,8,0,64,6,0,0,0,0,0,96,232,0,0,0,0,93,129,237,16,0,0,0,129,237,112,184,65,0,233,4,0,0,0,160,72,169,122,184,112,184,65,0,3,197,129,192,76,0,0,0,185,250,5,0,0,186,190,195,110,113,48,16,64,11.0,13.0,5.0,0.385,-1,1,180.0,0
0,0,0,0,0,0,0,0,135896,4194304,4096,4,0,3874816,62464,1024,36352,0,2097152,8192,4096,2,5,0.286,7,7,7,7,7,7,0,1,1,1,0,0,0.997,0,7,0.997,0.062,0,-1,7.948,4.125,3.345,3.437,7.948,235,8,0,226,3,0,0,0,0,0,96,232,0,0,0,0,93,129,237,16,0,0,0,129,237,36,254,58,0,233,4,0,0,0,176,114,107,159,184,36,254,58,0,3,197,129,192,76,0,0,0,185,249,5,0,0,186,78,95,71,55,48,16,64,10.0,12.0,5.0,0.417,-1,1,125.0,0
0,0,0,0,0,0,0,0,140793,4194304,4096,4,0,3862528,47104,1024,40960,0,2097152,8192,4096,2,5,0.286,7,7,7,7,7,7,0,1,1,1,0,0,0.998,0,6,1.0,0.062,0,-1,7.947,5.14,3.299,3.435,7.947,235,8,0,208,3,0,0,0,0,0,96,232,0,0,0,0,93,129,237,16,0,0,0,129,237,152,212,58,0,233,4,0,0,0,26,245,50,178,184,152,212,58,0,3,197,129,192,76,0,0,0,185,9,6,0,0,186,168,171,245,116,48,16,64,11.0,13.0,5.0,0.385,-1,1,142.0,0
1,0,0,0,0,0,0,1,154549,4194304,4096,5,0,3887104,66048,1024,43008,0,2097152,8192,4096,2,6,0.25,8,8,8,8,8,8,0,1,1,1,0,0,0.997,0,8,0.997,0.072,0,-1,7.953,3.409,3.148,3.435,7.953,235,8,0,236,3,0,0,0,0,0,96,232,0,0,0,0,93,129,237,16,0,0,0,129,237,56,45,59,0,233,4,0,0,0,64,204,90,45,184,56,45,59,0,3,197,129,192,76,0,0,0,185,216,5,0,0,186,94,158,117,15,48,16,64,8.0,10.0,5.0,0.5,-1,1,74.0,0
0,0,0,0,0,0,0,0,0,4194304,4096,4,0,3846144,48128,1024,26112,0,2097152,8192,4096,2,5,0.286,7,7,7,7,7,7,0,1,1,1,0,0,0.998,0,7,0.998,0.062,0,-1,7.942,3.521,3.127,3.425,7.942,235,8,0,166,3,0,0,0,0,0,96,232,0,0,0,0,93,129,237,16,0,0,0,129,237,228,147,58,0,233,4,0,0,0,56,93,223,65,184,228,147,58,0,3,197,129,192,76,0,0,0,185,1,6,0,0,186,150,134,230,88,48,16,64,11.0,13.0,5.0,0.385,-1,1,144.0,0
0,0,0,0,0,0,0,0,280941,4194304,4096,4,0,3993600,77824,4096,159744,0,2097152,8192,4096,2,5,0.286,7,7,7,7,7,7,0,1,1,1,0,0,1.0,0,5,1.0,0.073,0,-1,7.946,3.041,3.471,3.383,7.946,235,8,0,96,4,0,0,0,0,0,96,232,0,0,0,0,93,129,237,16,0,0,0,129,237,164,210,60,0,233,4,0,0,0,154,197,51,63,184,164,210,60,0,3,197,129,192,76,0,0,0,185,16,6,0,0,186,40,8,30,157,48,16,64,10.0,12.0,5.0,0.417,-1,1,112.0,0
0,0,0,0,0,0,0,0,0,4194304,4096,4,0,4755456,646656,1024,259584,0,2097152,32768,4096,2,9,0.182,9,11,9,9,11,9,0,1,1,1,0,0,0.999,3,11,0.999,0.0,0,-1,7.947,5.021,2.052,3.68,7.947,235,8,0,26,10,0,0,0,0,0,96,232,0,0,0,0,93,129,237,16,0,0,0,129,237,100,116,72,0,233,4,0,0,0,156,150,79,123,184,100,116,72,0,3,197,129,192,76,0,0,0,185,23,6,0,0,186,90,193,71,242,48,16,64,10.0,12.0,5.0,0.417,-1,1,304.0,0
1,0,0,0,0,0,0,1,0,4194304,8192,4,0,3964928,122368,8192,37376,0,2097152,8192,8192,2,4,0.333,6,6,6,6,6,6,0,1,1,1,0,0,0.994,1,6,0.994,0.0,0,-1,7.947,6.644,2.36,3.51,7.947,235,8,0,48,5,0,0,0,0,0,96,232,0,0,0,0,93,129,237,16,0,0,0,129,237,144,84,60,0,233,4,0,0,0,17,59,75,146,184,144,84,60,0,3,197,129,192,76,0,0,0,185,11,6,0,0,186,199,24,182,72,48,16,64,8.0,10.0,5.0,0.5,-1,1,38.0,0
1,0,0,0,0,0,0,1,133674,4194304,4096,5,0,3985408,48128,1024,171520,0,65536,65536,4096,2,6,0.25,8,8,8,8,8,8,0,1,1,1,0,0,0.999,1,8,0.999,0.0,0,-1,7.948,3.394,3.004,3.33,7.948,235,8,0,170,3,0,0,0,0,0,96,232,0,0,0,0,93,129,237,16,0,0,0,129,237,244,181,60,0,233,4,0,0,0,108,194,158,98,184,244,181,60,0,3,197,129,192,76,0,0,0,185,253,5,0,0,186,170,136,235,112,48,16,64,10.0,12.0,5.0,0.417,-1,1,30.0,0
0,0,0,0,0,0,0,1,318572,4194304,4096,5,0,4067328,237568,1024,55296,0,2097152,8192,4096,2,5,0.286,7,7,7,7,7,7,0,1,1,1,0,0,0.998,0,7,0.998,0.072,0,-1,7.953,3.726,3.194,3.478,7.953,235,8,0,30,5,0,0,0,0,0,96,232,0,0,0,0,93,129,237,16,0,0,0,129,237,140,244,61,0,233,4,0,0,0,212,237,217,115,184,140,244,61,0,3,197,129,192,76,0,0,0,185,240,5,0,0,186,210,5,131,158,48,16,64,13.0,15.0,5.0,0.333,-1,1,102.0,0
1,0,0,0,0,0,0,1,776609,4194304,4096,5,1,4612096,424960,1024,303616,0,2097152,8192,4096,2,6,0.25,8,8,8,8,8,8,0,1,1,1,0,0,0.998,0,8,0.998,0.028,0,-1,7.948,4.558,3.837,3.496,7.948,235,8,0,42,8,0,0,0,0,0,96,232,0,0,0,0,93,129,237,16,0,0,0,129,237,192,67,70,0,233,4,0,0,0,243,25,114,43,184,192,67,70,0,3,197,129,192,76,0,0,0,185,245,5,0,0,186,217,44,127,103,48,16,64,15.0,17.0,5.0,0.294,-1,1,624.0,0
1,0,0,0,0,0,0,1,272847,16777216,4096,6,1,4038656,39936,1024,179712,0,524288,16384,4096,2,5,0.286,7,7,7,7,7,7,0,1,1,1,0,0,1.0,0,6,1.0,0.072,0,-1,7.942,4.447,3.265,3.417,7.942,235,8,0,28,5,0,0,0,0,0,96,232,0,0,0,0,93,129,237,16,0,0,0,129,237,156,138,61,0,233,4,0,0,0,220,120,183,194,184,156,138,61,0,3,197,129,192,76,0,0,0,185,217,5,0,0,186,154,217,6,106,48,16,64,15.0,17.0,5.0,0.294,-1,1,161.0,0
0,0,0,0,0,0,0,1,102949,4194304,4096,5,0,3825664,61440,1024,9216,0,2097152,16384,4096,2,4,0.333,6,6,6,6,6,6,0,1,1,1,0,0,0.999,1,6,0.999,0.0,0,-1,7.949,4.159,3.67,3.422,7.949,235,8,0,136,3,0,0,0,0,0,96,232,0,0,0,0,93,129,237,16,0,0,0,129,237,208,70,58,0,233,4,0,0,0,47,79,1,158,184,208,70,58,0,3,197,129,192,76,0,0,0,185,250,5,0,0,186,181,191,120,168,48,16,64,12.0,14.0,5.0,0.357,-1,1,14.0,0
0,0,0,0,0,0,0,0,102643,4194304,4096,4,0,3842048,9216,1024,57344,1536,4194304,8192,4096,2,10,0.167,11,12,11,11,12,11,0,1,1,1,0,0,0.998,3,12,0.998,0.0,0,-1,7.94,4.877,2.088,3.427,7.94,235,8,0,170,3,0,0,0,0,0,96,232,0,0,0,0,93,129,237,16,0,0,0,129,237,140,129,58,0,233,4,0,0,0,150,133,117,182,184,140,129,58,0,3,197,129,192,76,0,0,0,185,15,6,0,0,186,196,39,245,246,48,16,64,15.0,17.0,5.0,0.294,-1,1,30.0,0
0,0,0,0,0,0,0,0,189185,4194304,4096,4,0,3948544,73216,1024,48640,0,2097152,8192,4096,2,5,0.286,7,7,7,7,7,7,0,1,1,1,0,0,0.999,0,7,0.999,0.023,0,-1,7.95,5.027,3.221,3.411,7.95,235,8,0,8,4,0,0,0,0,0,96,232,0,0,0,0,93,129,237,16,0,0,0,129,237,136,37,60,0,233,4,0,0,0,223,10,232,196,184,136,37,60,0,3,197,129,192,76,0,0,0,185,1,6,0,0,186,229,147,196,78,48,16,64,11.0,13.0,5.0,0.385,-1,1,134.0,0
0,0,0,0,0,0,0,0,25623,4194304,8192,4,0,3784704,7168,8192,2048,0,2097152,8192,8192,2,4,0.333,6,6,6,6,6,6,0,1,1,1,0,0,0.995,1,6,0.995,0.0,0,-1,7.948,4.003,2.282,3.37,7.948,235,8,0,60,3,0,0,0,0,0,96,232,0,0,0,0,93,129,237,16,0,0,0,129,237,176,152,57,0,233,4,0,0,0,130,202,247,214,184,176,152,57,0,3,197,129,192,76,0,0,0,185,235,5,0,0,186,208,194,142,31,48,16,64,8.0,10.0,5.0,0.5,-1,1,14.0,0
1,0,0,0,0,0,0,1,684753,4194304,4096,5,1,4407296,174080,1024,462336,0,2097152,8192,4096,2,6,0.25,8,8,8,8,8,8,0,1,1,1,0,0,0.999,0,7,1.0,0.072,0,-1,7.945,3.775,3.508,3.603,7.945,235,8,0,128,7,0,0,0,0,0,96,232,0,0,0,0,93,129,237,16,0,0,0,129,237,56,39,67,0,233,4,0,0,0,41,64,36,0,184,56,39,67,0,3,197,129,192,76,0,0,0,185,244,5,0,0,186,31,88,43,206,48,16,64,10.0,12.0,5.0,0.417,-1,1,96.0,0
0,0,0,0,0,0,0,0,55853,4194304,4096,4,0,3813376,16384,1024,31744,1536,4194304,8192,4096,2,10,0.167,11,12,11,11,12,11,0,1,1,1,0,0,0.998,3,12,0.998,0.0,0,-1,7.943,4.879,2.061,3.393,7.943,235,8,0,78,3,0,0,0,0,0,96,232,0,0,0,0,93,129,237,16,0,0,0,129,237,128,16,58,0,233,4,0,0,0,191,73,228,164,184,128,16,58,0,3,197,129,192,76,0,0,0,185,253,5,0,0,186,197,183,153,230,48,16,64,17.0,19.0,5.0,0.263,-1,1,30.0,0
0,0,0,0,0,0,0,0,104208,4194304,4096,4,0,3837952,33280,1024,33280,0,2097152,131072,4096,2,6,0.25,8,8,8,8,8,8,0,1,1,1,0,0,0.996,0,8,0.996,0.062,0,-1,7.949,3.564,2.379,3.39,7.949,235,8,0,148,3,0,0,0,0,0,96,232,0,0,0,0,93,129,237,16,0,0,0,129,237,160,107,58,0,233,4,0,0,0,174,13,223,7,184,160,107,58,0,3,197,129,192,76,0,0,0,185,229,5,0,0,186,28,50,255,248,48,16,64,9.0,11.0,5.0,0.455,-1,1,81.0,0
1,0,0,0,0,0,0,1,177326,4194304,4096,5,1,3891200,60928,1024,68608,0,2097152,8192,4096,2,6,0.25,8,8,8,8,8,8,0,1,1,1,0,0,1.0,0,7,1.0,0.072,0,-1,7.94,4.274,3.258,3.455,7.94,235,8,0,230,3,0,0,0,0,0,96,232,0,0,0,0,93,129,237,16,0,0,0,129,237,112,74,59,0,233,4,0,0,0,181,72,61,100,184,112,74,59,0,3,197,129,192,76,0,0,0,185,243,5,0,0,186,203,13,47,205,48,16,64,8.0,10.0,5.0,0.5,-1,1,22.0,0
1,0,0,0,0,0,0,1,86533,4194304,4096,5,0,3805184,3072,1024,26112,0,2097152,8192,4096,2,6,0.25,8,8,8,8,8,8,0,1,1,1,0,0,0.997,0,7,1.0,0.025,0,-1,7.942,3.958,3.28,3.41,7.942,235,8,0,108,3,0,0,0,0,0,96,232,0,0,0,0,93,129,237,16,0,0,0,129,237,236,236,57,0,233,4,0,0,0,229,178,4,227,184,236,236,57,0,3,197,129,192,76,0,0,0,185,8,6,0,0,186,123,236,47,252,48,16,64,13.0,15.0,5.0,0.333,-1,1,43.0,0
1,0,0,0,0,0,0,1,103759,4194304,4096,5,1,3833856,29696,1024,28160,0,2097152,8192,4096,2,6,0.25,8,8,8,8,8,8,0,1,1,1,0,0,0.998,0,8,0.998,0.062,0,-1,7.949,3.475,3.255,3.402,7.949,235,8,0,134,3,0,0,0,0,0,96,232,0,0,0,0,93,129,237,16,0,0,0,129,237,148,98,58,0,233,4,0,0,0,222,186,222,231,184,148,98,58,0,3,197,129,192,76,0,0,0,185,240,5,0,0,186,204,155,246,223,48,16,64,8.0,10.0,5.0,0.5,-1,1,26.0,0
1,0,0,0,0,0,0,0,59473,4194304,4096,4,0,3813376,14848,1024,34816,3072,4194304,8192,4096,2,9,0.182,10,11,10,10,11,10,0,1,1,1,0,0,0.999,2,11,0.999,0.0,0,-1,7.952,3.069,2.125,3.374,7.952,235,8,0,76,3,0,0,0,0,0,96,232,0,0,0,0,93,129,237,16,0,0,0,129,237,184,22,58,0,233,4,0,0,0,100,231,146,138,184,184,22,58,0,3,197,129,192,76,0,0,0,185,244,5,0,0,186,226,228,97,115,48,16,64,10.0,12.0,5.0,0.417,-1,1,51.0,0
0,0,0,0,0,0,0,0,0,4194304,4096,4,0,3829760,45056,4096,32768,0,2097152,8192,4096,2,5,0.286,7,7,7,7,7,7,0,1,1,1,0,0,1.0,0,4,1.0,0.073,0,-1,7.943,2.115,3.263,3.383,7.943,235,8,0,176,3,0,0,0,0,0,96,232,0,0,0,0,93,129,237,16,0,0,0,129,237,116,77,58,0,233,4,0,0,0,7,49,140,243,184,116,77,58,0,3,197,129,192,76,0,0,0,185,231,5,0,0,186,205,141,138,176,48,16,64,10.0,12.0,5.0,0.417,-1,1,53.0,0
0,0,0,0,0,0,0,0,80768,4194304,4096,4,0,3801088,20480,4096,24576,0,2097152,8192,4096,2,5,0.286,7,7,7,7,7,7,0,1,1,1,0,0,1.0,0,4,1.0,0.073,0,-1,7.949,5.364,3.273,3.402,7.949,235,8,0,160,3,0,0,0,0,0,96,232,0,0,0,0,93,129,237,16,0,0,0,129,237,180,231,57,0,233,4,0,0,0,94,38,169,121,184,180,231,57,0,3,197,129,192,76,0,0,0,185,234,5,0,0,186,76,27,7,39,48,16,64,11.0,13.0,5.0,0.385,-1,1,31.0,0
1,0,0,0,0,0,0,1,0,4194304,8192,4,0,3817472,20480,8192,9728,0,2097152,8192,8192,2,4,0.333,6,6,6,6,6,6,0,1,1,1,0,0,0.994,1,6,0.994,0.0,0,-1,7.952,5.018,2.258,3.367,7.952,235,8,0,112,3,0,0,0,0,0,96,232,0,0,0,0,93,129,237,16,0,0,0,129,237,144,20,58,0,233,4,0,0,0,34,28,32,187,184,144,20,58,0,3,197,129,192,76,0,0,0,185,20,6,0,0,186,112,187,95,104,48,16,64,8.0,10.0,5.0,0.5,-1,1,30.0,0
0,0,0,0,0,0,0,0,101204,4194304,4096,4,0,3817472,16896,1024,34304,1536,4194304,8192,4096,2,10,0.167,11,12,11,11,12,11,0,1,1,1,0,0,0.998,3,12,0.998,0.0,0,-1,7.95,4.888,2.083,3.396,7.95,235,8,0,72,3,0,0,0,0,0,96,232,0,0,0,0,93,129,237,16,0,0,0,129,237,32,35,58,0,233,4,0,0,0,170,178,233,130,184,32,35,58,0,3,197,129,192,76,0,0,0,185,5,6,0,0,186,184,174,60,110,48,16,64,18.0,20.0,5.0,0.25,-1,1,30.0,0
0,0,0,0,0,0,0,0,125289,4194304,4096,4,0,3878912,55808,1024,44032,0,2097152,8192,4096,2,5,0.286,7,7,7,7,7,7,0,1,1,1,0,0,0.998,0,7,0.998,0.062,0,-1,7.941,4.919,3.282,3.436,7.941,235,8,0,236,3,0,0,0,0,0,96,232,0,0,0,0,93,129,237,16,0,0,0,129,237,200,17,59,0,233,4,0,0,0,168,242,27,244,184,200,17,59,0,3,197,129,192,76,0,0,0,185,1,6,0,0,186,134,158,90,237,48,16,64,10.0,12.0,5.0,0.417,-1,1,160.0,0
1,0,0,0,0,0,0,1,834864,16777216,4096,6,1,4636672,339456,1024,435712,0,524288,16384,4096,2,5,0.286,7,7,7,7,7,7,0,1,1,1,0,0,0.998,0,6,1.0,0.072,0,-1,7.955,6.105,3.175,3.5,7.955,235,8,0,90,8,0,0,0,0,0,96,232,0,0,0,0,93,129,237,16,0,0,0,129,237,172,162,70,0,233,4,0,0,0,220,91,179,135,184,172,162,70,0,3,197,129,192,76,0,0,0,185,5,6,0,0,186,154,4,24,145,48,16,64,16.0,18.0,5.0,0.278,-1,1,311.0,0
0,0,0,0,0,0,0,0,91040,4194304,4096,4,0,3801088,8192,1024,21504,1536,4194304,8192,4096,2,10,0.167,11,12,11,11,12,11,0,1,1,1,0,0,0.999,3,12,0.999,0.0,0,-1,7.952,4.89,2.055,3.394,7.952,235,8,0,60,3,0,0,0,0,0,96,232,0,0,0,0,93,129,237,16,0,0,0,129,237,212,229,57,0,233,4,0,0,0,222,244,196,41,184,212,229,57,0,3,197,129,192,76,0,0,0,185,229,5,0,0,186,204,69,130,42,48,16,64,13.0,15.0,5.0,0.333,-1,1,30.0,0
1,0,0,0,0,0,0,1,279762,4194304,4096,5,1,4067328,71680,1024,161792,0,2097152,8192,4096,2,6,0.25,8,8,8,8,8,8,0,1,1,1,0,0,1.0,0,7,1.0,0.072,0,-1,7.946,6.914,3.4,3.499,7.946,235,8,0,50,5,0,0,0,0,0,96,232,0,0,0,0,93,129,237,16,0,0,0,129,237,64,250,61,0,233,4,0,0,0,14,215,244,128,184,64,250,61,0,3,197,129,192,76,0,0,0,185,17,6,0,0,186,124,220,118,38,48,16,64,10.0,12.0,5.0,0.417,-1,1,69.0,0
1,0,0,0,0,0,0,1,235329,16777216,4096,6,1,4050944,43008,1024,140288,0,524288,139264,4096,2,5,0.286,7,7,7,7,7,7,0,1,1,1,0,0,0.998,0,7,0.998,0.042,0,-1,7.946,7.227,3.231,3.467,7.946,235,8,0,58,5,0,0,0,0,0,96,232,0,0,0,0,93,129,237,16,0,0,0,129,237,48,180,61,0,233,4,0,0,0,113,139,31,200,184,48,180,61,0,3,197,129,192,76,0,0,0,185,245,5,0,0,186,39,242,224,236,48,16,64,14.0,16.0,5.0,0.312,-1,1,85.0,0
1,0,0,0,0,0,0,1,95879,4194304,4096,5,0,3817472,16896,1024,26624,0,2097152,8192,4096,2,6,0.25,8,8,8,8,8,8,0,1,1,1,0,0,0.998,0,8,0.998,0.062,0,-1,7.926,5.592,3.292,3.42,7.926,235,8,0,94,3,0,0,0,0,0,96,232,0,0,0,0,93,129,237,16,0,0,0,129,237,28,36,58,0,233,4,0,0,0,105,0,135,69,184,28,36,58,0,3,197,129,192,76,0,0,0,185,239,5,0,0,186,95,30,26,220,48,16,64,14.0,16.0,5.0,0.312,-1,1,31.0,0
1,0,0,0,0,0,0,1,126863,16777216,4096,6,1,3969024,9728,1024,102912,0,524288,16384,4096,2,5,0.286,7,7,7,7,7,7,0,1,1,1,0,0,0.999,1,7,0.999,0.0,0,-1,7.943,6.622,3.236,3.41,7.943,235,8,0,168,4,0,0,0,0,0,96,232,0,0,0,0,93,129,237,16,0,0,0,129,237,200,119,60,0,233,4,0,0,0,35,43,177,18,184,200,119,60,0,3,197,129,192,76,0,0,0,185,254,5,0,0,186,137,90,71,95,48,16,64,10.0,12.0,5.0,0.417,-1,1,86.0,0
0,0,0,0,0,0,0,0,83505,4194304,4096,4,0,3846144,19456,1024,62464,1536,4194304,8192,4096,2,10,0.167,11,12,11,11,12,11,0,1,1,1,0,0,0.998,3,12,0.998,0.0,0,-1,7.951,4.887,2.12,3.382,7.951,235,8,0,86,3,0,0,0,0,0,96,232,0,0,0,0,93,129,237,16,0,0,0,129,237,68,147,58,0,233,4,0,0,0,165,16,44,91,184,68,147,58,0,3,197,129,192,76,0,0,0,185,249,5,0,0,186,59,20,110,219,48,16,64,19.0,21.0,5.0,0.238,-1,1,30.0,0
0,0,0,0,0,0,0,0,52127,4194304,4096,4,0,3813376,11264,1024,25600,1536,4194304,8192,4096,2,10,0.167,11,12,11,11,12,11,0,1,1,1,0,0,0.996,3,12,0.996,0.0,0,-1,7.946,4.89,2.063,3.394,7.946,235,8,0,64,3,0,0,0,0,0,96,232,0,0,0,0,93,129,237,16,0,0,0,129,237,144,11,58,0,233,4,0,0,0,13,39,65,11,184,144,11,58,0,3,197,129,192,76,0,0,0,185,252,5,0,0,186,99,132,5,80,48,16,64,16.0,18.0,5.0,0.278,-1,1,30.0,0
0,0,0,0,0,0,0,0,68625,4194304,4096,4,0,3817472,13312,1024,29184,1536,4194304,8192,4096,2,10,0.167,11,12,11,11,12,11,0,1,1,1,0,0,0.996,3,12,0.996,0.0,0,-1,7.947,4.885,2.076,3.391,7.947,235,8,0,66,3,0,0,0,0,0,96,232,0,0,0,0,93,129,237,16,0,0,0,129,237,244,27,58,0,233,4,0,0,0,254,138,104,206,184,244,27,58,0,3,197,129,192,76,0,0,0,185,224,5,0,0,186,236,238,144,136,48,16,64,18.0,20.0,5.0,0.25,-1,1,30.0,0
0,0,0,0,0,0,0,0,0,4194304,4096,4,0,3874816,56320,1024,45568,0,2097152,8192,4096,2,5,0.286,7,7,7,7,7,7,0,1,1,1,0,0,0.998,0,6,1.0,0.072,0,-1,7.954,3.665,3.243,3.421,7.954,235,8,0,222,3,0,0,0,0,0,96,232,0,0,0,0,93,129,237,16,0,0,0,129,237,124,1,59,0,233,4,0,0,0,9,72,112,242,184,124,1,59,0,3,197,129,192,76,0,0,0,185,245,5,0,0,186,255,28,51,244,48,16,64,11.0,13.0,5.0,0.385,-1,1,156.0,0
0,0,0,0,0,0,0,0,133973,4194304,4096,4,0,3878912,65536,1024,43008,0,2097152,8192,4096,2,5,0.286,7,7,7,7,7,7,0,1,1,1,0,0,0.999,0,6,1.0,0.072,0,-1,7.949,3.898,3.147,3.442,7.949,235,8,0,230,3,0,0,0,0,0,96,232,0,0,0,0,93,129,237,16,0,0,0,129,237,152,24,59,0,233,4,0,0,0,115,239,23,221,184,152,24,59,0,3,197,129,192,76,0,0,0,185,2,6,0,0,186,89,6,141,229,48,16,64,11.0,13.0,5.0,0.385,-1,1,160.0,0
0,0,0,0,0,0,0,0,0,4194304,4096,4,0,3821568,18432,1024,42496,0,2097152,8192,4096,2,5,0.286,7,7,7,7,7,7,0,1,1,1,0,0,0.998,0,6,1.0,0.014,0,-1,7.945,5.799,3.363,3.371,7.945,235,8,0,74,3,0,0,0,0,0,96,232,0,0,0,0,93,129,237,16,0,0,0,129,237,84,49,58,0,233,4,0,0,0,134,41,24,183,184,84,49,58,0,3,197,129,192,76,0,0,0,185,17,6,0,0,186,52,170,36,222,48,16,64,11.0,13.0,5.0,0.385,-1,1,31.0,0
0,0,0,0,0,0,0,0,0,4194304,4096,4,0,4481024,530432,1024,124416,0,2097152,32768,4096,2,9,0.182,9,11,9,9,11,9,0,1,1,1,0,0,0.997,2,11,0.997,0.0,0,-1,7.951,3.828,2.101,3.546,7.951,235,8,0,136,7,0,0,0,0,0,96,232,0,0,0,0,93,129,237,16,0,0,0,129,237,236,62,68,0,233,4,0,0,0,167,166,222,203,184,236,62,68,0,3,197,129,192,76,0,0,0,185,248,5,0,0,186,109,10,25,155,48,16,64,10.0,12.0,5.0,0.417,-1,1,217.0,0
0,0,0,0,0,0,0,0,119154,4194304,4096,4,0,3854336,49152,4096,45056,0,2097152,8192,4096,2,5,0.286,7,7,7,7,7,7,0,1,1,1,0,0,1.0,0,5,1.0,0.073,0,-1,7.941,2.954,3.157,3.432,7.941,235,8,0,240,3,0,0,0,0,0,96,232,0,0,0,0,93,129,237,16,0,0,0,129,237,160,171,58,0,233,4,0,0,0,174,187,206,84,184,160,171,58,0,3,197,129,192,76,0,0,0,185,2,6,0,0,186,28,48,151,149,48,16,64,11.0,13.0,5.0,0.385,-1,1,41.0,0
0,0,0,0,0,0,0,1,0,4194304,4096,5,0,3821568,51712,1024,19968,0,2097152,8192,4096,1,4,0.2,5,5,5,5,5,5,0,1,1,1,0,0,0.999,0,5,0.999,0.072,0,-1,7.94,-1,3.378,3.405,7.94,235,8,0,140,3,0,0,0,0,0,96,232,0,0,0,0,93,129,237,16,0,0,0,129,237,104,55,58,0,233,4,0,0,0,121,9,44,227,184,104,55,58,0,3,197,129,192,76,0,0,0,185,237,5,0,0,186,239,128,242,221,48,16,64,7.0,9.0,5.0,0.556,-1,1,-1,0
1,0,0,0,0,0,0,1,57223,16777216,4096,6,1,3776512,11776,1024,4096,0,524288,16384,4096,2,5,0.286,7,7,7,7,7,7,0,1,1,1,0,0,0.998,1,7,0.998,0.0,0,-1,7.943,4.382,3.206,3.382,7.943,235,8,0,38,3,0,0,0,0,0,96,232,0,0,0,0,93,129,237,16,0,0,0,129,237,172,131,57,0,233,4,0,0,0,12,151,209,192,184,172,131,57,0,3,197,129,192,76,0,0,0,185,10,6,0,0,186,74,76,59,248,48,16,64,10.0,12.0,5.0,0.417,-1,1,20.0,0
0,0,0,0,0,0,0,0,70524,4194304,4096,4,0,3817472,15360,1024,31232,1536,4194304,8192,4096,2,10,0.167,11,12,11,11,12,11,0,1,1,1,0,0,0.997,3,12,0.997,0.0,0,-1,7.955,4.883,2.073,3.399,7.955,235,8,0,70,3,0,0,0,0,0,96,232,0,0,0,0,93,129,237,16,0,0,0,129,237,48,31,58,0,233,4,0,0,0,15,190,172,232,184,48,31,58,0,3,197,129,192,76,0,0,0,185,226,5,0,0,186,149,147,233,250,48,16,64,17.0,19.0,5.0,0.263,-1,1,30.0,0
0,0,0,0,0,0,0,0,44059,4194304,4096,4,0,3796992,8192,1024,20480,1536,4194304,8192,4096,2,10,0.167,11,12,11,11,12,11,0,1,1,1,0,0,1.0,3,11,1.0,0.0,0,-1,7.946,4.886,2.056,3.388,7.946,235,8,0,58,3,0,0,0,0,0,96,232,0,0,0,0,93,129,237,16,0,0,0,129,237,116,216,57,0,233,4,0,0,0,154,244,107,133,184,116,216,57,0,3,197,129,192,76,0,0,0,185,247,5,0,0,186,40,159,242,202,48,16,64,12.0,14.0,5.0,0.357,-1,1,30.0,0
0,0,0,0,0,0,0,0,48174,4194304,4096,4,0,3772416,8192,4096,12288,0,2097152,8192,4096,2,5,0.286,7,7,7,7,7,7,0,1,1,1,0,0,1.0,0,2,1.0,0.073,0,-1,7.942,1.947,3.135,3.396,7.942,235,8,0,112,3,0,0,0,0,0,96,232,0,0,0,0,93,129,237,16,0,0,0,129,237,132,115,57,0,233,4,0,0,0,54,6,123,140,184,132,115,57,0,3,197,129,192,76,0,0,0,185,247,5,0,0,186,100,183,183,248,48,16,64,10.0,12.0,5.0,0.417,-1,1,29.0,0
1,0,0,0,0,0,0,1,1174185,4194304,4096,6,0,5038080,822784,1024,321536,0,2097152,8192,4096,2,6,0.25,8,8,8,8,8,8,0,1,1,1,0,0,1.0,0,6,1.0,0.028,0,-1,7.949,2.761,3.882,3.534,7.949,235,8,0,12,11,0,0,0,0,0,96,232,0,0,0,0,93,129,237,16,0,0,0,129,237,240,201,76,0,233,4,0,0,0,38,119,215,165,184,240,201,76,0,3,197,129,192,76,0,0,0,185,231,5,0,0,186,212,62,20,51,48,16,64,14.0,16.0,5.0,0.312,-1,1,106.0,0
0,0,0,0,0,0,0,0,53467,4194304,4096,4,0,3809280,10240,1024,24576,1536,4194304,8192,4096,2,10,0.167,11,12,11,11,12,11,0,1,1,1,0,0,0.999,3,12,0.999,0.0,0,-1,7.95,4.893,2.057,3.392,7.95,235,8,0,62,3,0,0,0,0,0,96,232,0,0,0,0,93,129,237,16,0,0,0,129,237,12,5,58,0,233,4,0,0,0,139,91,70,178,184,12,5,58,0,3,197,129,192,76,0,0,0,185,253,5,0,0,186,177,84,113,125,48,16,64,17.0,19.0,5.0,0.263,-1,1,30.0,0
1,0,0,0,0,0,0,1,0,4194304,8192,4,0,3809280,28160,8192,6144,0,2097152,8192,8192,2,4,0.333,6,6,6,6,6,6,0,1,1,1,0,0,0.994,1,6,0.994,0.0,0,-1,7.95,4.672,2.252,3.378,7.95,235,8,0,112,3,0,0,0,0,0,96,232,0,0,0,0,93,129,237,16,0,0,0,129,237,184,244,57,0,233,4,0,0,0,159,50,35,20,184,184,244,57,0,3,197,129,192,76,0,0,0,185,15,6,0,0,186,165,117,129,248,48,16,64,8.0,10.0,5.0,0.5,-1,1,26.0,0
0,0,0,0,0,0,0,0,85370,4194304,4096,4,0,3801088,9728,1024,22016,1536,4194304,8192,4096,2,10,0.167,11,12,11,11,12,11,0,1,1,1,0,0,1.0,3,11,1.0,0.0,0,-1,7.953,4.882,2.069,3.385,7.953,235,8,0,62,3,0,0,0,0,0,96,232,0,0,0,0,93,129,237,16,0,0,0,129,237,96,232,57,0,233,4,0,0,0,108,210,243,205,184,96,232,57,0,3,197,129,192,76,0,0,0,185,252,5,0,0,186,170,24,186,134,48,16,64,12.0,14.0,5.0,0.357,-1,1,30.0,0
0,0,0,0,0,0,0,1,639394,4194304,4096,5,0,5394432,206336,1024,1424384,0,2097152,8192,4096,2,5,0.286,7,7,7,7,7,7,0,1,1,1,0,0,0.998,0,7,0.998,0.002,0,-1,7.95,4.841,3.276,2.976,7.95,235,8,0,44,7,0,0,0,0,0,96,232,0,0,0,0,93,129,237,16,0,0,0,129,237,104,52,82,0,233,4,0,0,0,50,147,175,230,184,104,52,82,0,3,197,129,192,76,0,0,0,185,237,5,0,0,186,0,220,76,77,48,16,64,10.0,12.0,5.0,0.417,-1,1,68.0,0
0,0,0,0,0,0,0,0,38708,4194304,4096,4,0,3805184,9216,1024,21504,1536,4194304,8192,4096,2,10,0.167,11,12,11,11,12,11,0,1,1,1,0,0,0.997,3,12,0.997,0.0,0,-1,7.949,4.872,2.066,3.388,7.949,235,8,0,60,3,0,0,0,0,0,96,232,0,0,0,0,93,129,237,16,0,0,0,129,237,108,239,57,0,233,4,0,0,0,3,184,47,50,184,108,239,57,0,3,197,129,192,76,0,0,0,185,17,6,0,0,186,105,28,6,77,48,16,64,12.0,14.0,5.0,0.357,-1,1,30.0,0
1,0,0,0,0,0,0,1,2470825,4194304,4096,5,1,8130560,301056,1024,4031488,0,2097152,8192,4096,2,6,0.25,8,8,8,8,8,8,0,1,1,1,0,0,0.998,1,8,0.998,0.0,0,-1,7.954,4.823,3.477,2.644,7.954,235,8,0,244,13,0,0,0,0,0,96,232,0,0,0,0,93,129,237,16,0,0,0,129,237,24,241,123,0,233,4,0,0,0,8,10,48,203,184,24,241,123,0,3,197,129,192,76,0,0,0,185,23,6,0,0,186,230,230,215,202,48,16,64,13.0,15.0,5.0,0.333,-1,1,271.0,0
0,0,0,0,0,0,0,0,59437,4194304,4096,4,0,3829760,22528,1024,39424,1536,4194304,8192,4096,2,10,0.167,11,12,11,11,12,11,0,1,1,1,0,0,0.997,3,12,0.997,0.0,0,-1,7.945,4.892,2.088,3.397,7.945,235,8,0,86,3,0,0,0,0,0,96,232,0,0,0,0,93,129,237,16,0,0,0,129,237,12,77,58,0,233,4,0,0,0,116,112,98,250,184,12,77,58,0,3,197,129,192,76,0,0,0,185,235,5,0,0,186,114,199,96,31,48,16,64,16.0,18.0,5.0,0.278,-1,1,30.0,0
0,0,0,0,0,0,0,1,529413,4194304,4096,5,0,4259840,323584,1024,148480,0,2097152,8192,4096,2,5,0.286,7,7,7,7,7,7,0,1,1,1,0,0,1.0,0,6,1.0,0.072,0,-1,7.946,4.016,3.298,3.449,7.946,235,8,0,0,6,0,0,0,0,0,96,232,0,0,0,0,93,129,237,16,0,0,0,129,237,236,233,64,0,233,4,0,0,0,193,96,26,120,184,236,233,64,0,3,197,129,192,76,0,0,0,185,233,5,0,0,186,247,70,68,182,48,16,64,14.0,16.0,5.0,0.312,-1,1,282.0,0
0,0,0,0,0,0,0,0,94232,4194304,4096,4,0,3805184,14848,1024,28672,1536,4194304,8192,4096,2,10,0.167,11,12,11,11,12,11,0,1,1,1,0,0,1.0,3,11,1.0,0.0,0,-1,7.945,4.911,2.053,3.392,7.945,235,8,0,74,3,0,0,0,0,0,96,232,0,0,0,0,93,129,237,16,0,0,0,129,237,4,250,57,0,233,4,0,0,0,209,191,68,234,184,4,250,57,0,3,197,129,192,76,0,0,0,185,253,5,0,0,186,135,15,146,60,48,16,64,12.0,14.0,5.0,0.357,-1,1,30.0,0
0,0,0,0,0,0,0,0,90806,4194304,4096,4,0,3854336,24576,4096,77824,0,2097152,8192,4096,2,5,0.286,7,7,7,7,7,7,0,1,1,1,0,0,1.0,0,4,1.0,0.073,0,-1,7.945,2.962,3.182,3.405,7.945,235,8,0,208,3,0,0,0,0,0,96,232,0,0,0,0,93,129,237,16,0,0,0,129,237,188,173,58,0,233,4,0,0,0,42,64,60,208,184,188,173,58,0,3,197,129,192,76,0,0,0,185,25,6,0,0,186,56,128,232,180,48,16,64,10.0,12.0,5.0,0.417,-1,1,49.0,0
0,0,0,0,0,0,0,0,56328,4194304,4096,4,0,3809280,19456,1024,32768,5632,4194304,8192,4096,1,10,0.091,10,11,10,10,11,10,0,1,1,1,0,0,0.999,2,11,0.999,0.0,0,-1,7.944,-1,2.096,3.372,7.944,235,8,0,66,3,0,0,0,0,0,96,232,0,0,0,0,93,129,237,16,0,0,0,129,237,112,7,58,0,233,4,0,0,0,77,150,135,72,184,112,7,58,0,3,197,129,192,76,0,0,0,185,13,6,0,0,186,163,97,136,49,48,16,64,9.0,11.0,5.0,0.455,-1,1,-1,0
0,0,0,0,0,0,0,0,700543,4194304,4096,5,0,1658880,19456,1024,32768,5632,2097152,4096,4096,6,6,0.5,3,6,0,3,6,0,0,1,0,1,1,0,1.001,10,10,1.243,0.0,0,0.0,0.0,-1,2.588,3.989,7.769,104,62,86,193,71,232,172,90,254,255,15,130,138,76,254,255,139,117,240,233,185,24,0,0,85,246,209,139,236,141,100,36,184,139,72,8,245,102,129,242,135,24,15,179,218,139,80,12,245,61,206,80,236,106,83,248,102,59,207,86,87,209,214,191,6.0,11.0,4.0,0.364,1.0,1,-1,0
0,0,0,0,0,0,0,0,878552,4194304,4096,5,0,1986560,46080,1024,32768,0,1048576,4096,4096,4,3,0.571,3,2,0,3,2,0,0,1,0,1,1,0,1.0,4,4,1.153,0.0,0,0.0,0.0,3.703,2.607,4.119,7.857,104,7,6,226,108,232,142,152,255,255,233,184,45,254,255,139,84,37,0,139,125,4,138,77,8,141,173,2,0,0,0,102,247,198,71,24,15,173,250,233,236,113,0,0,137,125,216,233,112,245,254,255,233,116,26,10,0,104,71,134,77,112,232,85,13.0,18.0,4.0,0.222,1.0,1,42.0,0
1,0,1,0,0,0,0,1,1409624,4194304,4096,5,1,3334144,116224,1024,558592,0,1048576,4096,4096,5,3,0.625,3,2,0,3,2,0,0,1,0,1,1,0,1.0,4,4,1.399,0.0,0,0.0,0.0,5.144,2.856,4.121,7.884,104,137,58,48,118,232,157,201,16,0,139,76,37,0,102,153,102,139,85,4,129,197,6,0,0,0,233,81,122,17,0,102,137,140,95,128,1,0,0,233,70,64,0,0,24,234,30,196,57,220,110,66,50,222,62,253,75,11,200,233,187,65,18,0,12.0,17.0,4.0,0.235,1.0,1,42.0,0
1,0,1,0,0,0,0,1,861817,4194304,4096,5,1,2019328,38400,1024,24064,0,1048576,4096,4096,5,3,0.625,3,2,0,3,2,0,0,1,0,1,1,0,1.0,4,4,1.471,0.0,0,0.0,0.0,3.689,2.761,4.156,7.834,104,44,80,82,0,232,23,200,0,0,143,68,37,0,233,161,174,255,255,164,8,234,44,19,16,58,0,69,24,80,20,81,32,125,52,157,4,164,40,234,36,122,24,150,52,56,66,163,211,117,252,32,136,221,83,0,238,8,36,19,12,130,36,58,5.0,10.0,4.0,0.4,1.0,1,14.0,0
1,0,1,0,0,0,0,1,966207,16777216,4096,6,1,2019328,9728,1024,102912,0,262144,8192,4096,4,3,0.571,3,2,0,3,2,0,0,1,0,1,1,0,1.0,3,3,1.422,0.0,0,0.0,0.0,6.622,2.8,4.377,7.824,104,12,252,171,199,232,56,161,255,255,129,238,1,0,0,0,246,219,102,211,202,128,194,77,15,182,22,159,102,211,251,86,102,247,198,147,51,139,218,102,15,189,197,102,193,240,91,233,0,94,244,255,85,139,236,129,255,11,5,16,20,102,133,197,10.0,15.0,4.0,0.267,1.0,1,86.0,0
0,0,0,0,0,0,0,0,664406,4194304,4096,5,0,1658880,12800,1024,28160,1536,2097152,4096,4096,7,6,0.538,3,7,0,3,7,0,0,1,0,1,1,0,1.0,10,10,1.035,0.0,0,0.0,0.0,4.891,2.624,3.997,7.797,104,196,65,217,22,232,182,61,255,255,233,203,58,0,0,137,85,4,233,29,129,0,0,84,4,128,40,137,52,148,12,153,24,198,8,199,20,6,0,77,28,82,32,83,48,201,20,19,17,22,60,63,19,104,241,86,0,36,195,84,60,41,128,32,14.0,19.0,4.0,0.211,1.0,1,30.0,0
0,0,0,0,0,0,0,0,885319,4194304,4096,5,0,2256896,36864,4096,315392,0,1048576,4096,4096,4,3,0.571,3,2,0,3,2,0,0,1,0,1,1,0,1.0,4,4,2.901,0.0,0,0.0,0.0,3.083,2.609,3.765,7.86,104,249,191,26,247,232,119,232,255,255,233,152,127,9,0,15,130,87,176,255,255,102,131,248,90,233,69,207,255,255,123,112,93,0,151,233,124,90,9,211,38,15,131,191,207,93,88,102,137,84,37,0,233,109,42,11,0,233,105,127,9,0,73,44,10.0,15.0,5.0,0.333,1.0,1,26.0,0
0,0,0,0,0,0,0,1,1134265,4194304,4096,5,0,3170304,199168,1024,244224,0,1048576,4096,4096,4,3,0.571,3,2,0,3,2,0,0,1,0,1,1,0,1.0,4,4,1.231,0.0,0,0.0,0.0,3.719,2.73,3.662,7.907,104,33,186,173,109,232,18,143,3,0,141,73,252,61,0,0,0,1,233,186,226,0,0,212,94,3,160,202,96,108,101,72,57,246,84,32,233,44,211,2,0,254,8,114,40,49,20,114,4,49,52,114,16,49,56,114,24,49,12,114,48,49,32,114,12.0,17.0,4.0,0.235,1.0,1,38.0,0
0,0,0,0,0,0,0,0,769332,4194304,4096,5,0,1720320,27648,1024,43520,1536,2097152,4096,4096,7,6,0.538,3,7,0,3,7,0,0,1,0,1,1,0,1.0,10,10,1.041,0.0,0,0.0,0.0,4.892,2.628,4.125,7.838,104,80,65,60,100,232,97,199,9,0,54,4,47,8,116,40,112,32,47,52,116,24,112,36,47,12,116,20,112,48,47,52,116,44,112,4,151,56,133,23,172,80,150,88,0,197,11,47,218,193,48,28,111,56,104,48,100,20,95,12,92,36,43,24,13.0,18.0,4.0,0.222,1.0,1,30.0,0
0,0,1,0,0,0,0,1,787182,4194304,4096,5,1,1802240,55296,1024,53760,0,1048576,4096,4096,4,3,0.571,3,2,0,3,2,0,0,1,0,1,1,0,1.0,4,4,1.156,0.0,0,0.0,0.0,3.762,2.687,4.147,7.86,104,127,214,250,169,232,33,66,1,0,155,12,156,16,47,44,61,24,155,8,156,60,47,40,61,20,155,52,156,32,47,36,235,81,87,187,64,248,62,244,80,0,197,116,61,28,182,8,42,160,197,45,112,74,66,244,80,0,251,117,155,56,150,156,8.0,13.0,4.0,0.308,1.0,1,14.0,0
0,0,0,0,0,0,0,0,701810,4194304,4096,5,0,1765376,20480,4096,122880,0,1048576,4096,4096,3,3,0.5,3,2,0,3,2,0,0,1,0,1,1,0,1.003,4,4,3.448,0.0,0,0.0,0.0,-1,2.503,3.919,7.81,104,221,125,251,67,232,26,192,0,0,15,182,6,129,198,1,0,0,0,254,205,102,247,209,102,3,205,102,15,182,12,4,129,237,2,0,0,0,233,106,148,1,0,76,28,176,44,203,40,240,48,12,8,76,20,176,32,203,16,240,36,12,12,76,8.0,13.0,4.0,0.308,1.0,1,-1,0
0,0,0,0,0,0,0,0,684142,4194304,4096,5,0,1646592,14336,1024,28672,10752,2097152,4096,4096,7,6,0.538,3,7,0,3,7,0,0,1,0,1,1,0,1.001,10,10,1.126,0.0,0,0.0,0.0,4.879,2.552,3.891,7.688,104,253,199,222,50,232,241,128,255,255,15,141,249,138,255,255,141,126,255,233,7,54,254,255,102,137,69,4,233,90,164,255,255,143,68,37,0,233,107,76,247,255,2,20,2,52,2,32,2,12,2,24,2,16,2,40,2,44,2,28,2,4,2,60,13.0,18.0,4.0,0.222,1.0,1,30.0,0
1,0,1,0,0,0,0,1,0,4194304,4096,5,1,31129600,10805760,4096,8640000,0,1048576,4096,4096,6,5,0.545,3,2,0,3,2,0,0,1,0,1,1,0,1.0,7,7,1.515,0.0,0,0.0,0.0,4.635,2.91,3.367,7.966,104,15,238,193,106,232,228,173,255,255,102,137,93,4,233,76,90,253,255,0,176,69,1,68,4,165,0,4,0,0,0,4,176,69,1,24,5,165,0,4,0,0,0,101,47,246,107,88,116,108,85,26,170,203,45,210,120,135,135,196,30,174,105,44,23.0,29.0,4.0,0.138,2.0,1,46.0,0
0,0,0,0,0,0,0,0,716088,4194304,4096,5,0,1695744,22528,1024,36352,1536,2097152,4096,4096,7,6,0.538,3,7,0,3,7,0,0,1,0,1,1,0,1.0,10,10,1.146,0.0,0,0.0,0.0,4.894,2.614,4.103,7.845,104,95,210,92,251,232,146,17,9,0,149,192,63,193,65,45,242,109,56,210,40,240,254,156,209,27,231,71,58,252,77,35,241,47,246,138,132,182,205,121,60,206,89,40,216,46,137,93,4,233,226,165,255,255,129,201,46,240,88,78,102,139,84,37,10.0,15.0,4.0,0.267,1.0,1,30.0,0
0,0,0,0,0,0,0,0,843346,4194304,4096,5,0,2158592,77824,4096,159744,0,1048576,4096,4096,4,3,0.571,3,2,0,3,2,0,0,1,0,1,1,0,1.004,4,4,2.306,0.0,0,0.0,0.0,2.643,2.674,3.896,7.847,104,157,143,155,106,232,186,67,9,0,15,133,232,255,255,255,95,193,198,253,91,249,129,214,219,118,50,43,43,192,102,15,206,15,183,245,94,139,229,93,233,213,183,255,255,102,137,76,37,0,233,30,91,0,0,60,59,245,129,237,2,0,0,0,13.0,18.0,4.0,0.222,1.0,1,62.0,0
0,0,0,0,0,0,0,0,731537,4194304,4096,5,0,2007040,32768,1024,53760,268288,2097152,4096,4096,7,6,0.538,3,7,0,3,7,0,0,1,0,1,1,0,1.001,10,10,1.252,0.0,0,0.0,0.0,4.905,2.652,3.66,7.832,104,242,223,150,110,232,125,112,0,0,238,28,254,4,27,20,75,32,89,12,100,52,151,0,212,36,238,60,254,56,27,44,35,0,41,98,52,141,179,88,80,200,83,0,29,251,75,48,25,89,16,86,100,56,41,125,57,133,62,88,84,200,83,0,15.0,20.0,4.0,0.2,1.0,1,30.0,0
0,0,0,0,0,0,0,0,756088,4194304,4096,5,0,1736704,17408,1024,33792,1536,2097152,4096,4096,7,6,0.538,3,7,0,3,7,0,0,1,0,1,1,0,1.0,10,10,1.28,0.0,0,0.0,0.0,4.89,2.624,4.231,7.863,104,250,105,51,255,232,1,9,246,255,102,137,84,37,0,233,153,58,255,255,15,183,245,135,246,91,102,15,77,241,102,135,246,94,139,229,247,213,93,233,212,126,246,255,145,47,227,95,115,191,12,126,38,252,219,248,33,241,251,226,79,197,41,138,15.0,20.0,4.0,0.2,1.0,1,30.0,0
0,0,1,0,0,0,0,1,755099,4194304,4096,5,1,1789952,69120,1024,65024,0,1048576,4096,4096,4,3,0.571,3,2,0,3,2,0,0,1,0,1,1,0,1.001,4,4,1.152,0.0,0,0.0,0.0,3.761,2.733,3.946,7.808,104,156,28,64,231,232,138,146,254,255,137,68,37,0,15,191,242,102,135,246,94,233,127,255,255,255,0,42,162,217,136,55,140,58,43,163,173,239,226,52,191,157,47,174,224,145,238,0,133,26,142,142,160,222,206,189,24,184,214,1,159,230,253,58,9.0,14.0,4.0,0.286,1.0,1,14.0,0
1,0,1,0,0,0,0,1,844247,4194304,4096,6,3,1908736,16896,1024,9216,0,262144,8192,4096,5,3,0.625,3,2,0,3,2,0,0,1,0,1,1,0,1.0,4,4,1.311,0.0,0,0.0,0.0,3.981,2.767,4.078,7.769,104,237,93,125,20,232,170,97,254,255,250,27,244,43,238,125,48,218,13,190,244,72,62,207,4,230,109,148,210,15,132,24,195,254,255,138,78,1,70,132,201,233,235,252,254,255,102,247,209,102,35,209,233,61,8,255,255,79,59,215,233,244,126,254,10.0,15.0,4.0,0.267,1.0,1,14.0,0
0,0,0,0,0,0,0,0,704128,4194304,4096,5,0,1720320,30208,1024,59392,2560,2097152,4096,4096,7,6,0.538,3,7,0,3,7,0,0,1,0,1,1,0,1.0,10,10,1.246,0.0,0,0.0,0.0,4.898,2.66,4.001,7.765,104,60,24,202,69,232,56,0,247,255,58,0,43,44,43,40,43,20,43,56,43,24,43,4,43,8,43,12,43,32,43,36,43,24,43,0,96,48,55,44,127,163,226,89,0,71,119,186,251,22,30,28,96,16,55,32,96,12,55,8,96,4,55,24,16.0,21.0,4.0,0.19,1.0,1,30.0,0
1,0,1,0,0,0,0,1,827077,4194304,4096,5,1,1880064,3072,1024,6144,0,1048576,4096,4096,5,3,0.625,3,2,0,3,2,0,0,1,0,1,1,0,1.0,4,4,1.463,0.0,0,0.0,0.0,4.517,2.733,4.087,7.745,104,253,164,123,176,232,46,153,255,255,139,69,4,139,84,37,0,139,77,8,247,249,233,235,105,245,255,213,16,249,8,218,60,196,4,185,40,184,52,162,44,139,56,123,36,31,20,249,56,218,28,196,16,12,32,12,181,8,185,32,12,146,155,16,7.0,12.0,4.0,0.333,1.0,1,14.0,0
1,0,1,0,0,0,0,1,876721,4194304,4096,5,0,2129920,3584,1024,26112,0,1048576,4096,4096,5,3,0.625,3,2,0,3,2,0,0,1,0,1,1,0,1.0,4,4,1.422,0.0,0,0.0,0.0,3.471,2.667,4.072,7.819,104,181,66,89,253,232,204,193,245,255,137,68,37,0,233,177,12,244,255,137,69,4,233,201,231,255,255,65,8,244,20,37,52,65,48,244,24,37,60,65,0,244,28,37,32,65,40,244,16,59,20,79,204,245,255,6,20,225,78,83,0,61,8,30,9.0,14.0,4.0,0.286,1.0,1,38.0,0
0,0,0,0,0,0,0,0,700364,4194304,4096,5,0,1642496,13824,1024,28672,1536,2097152,4096,4096,7,6,0.538,3,7,0,3,7,0,0,1,0,1,1,0,1.0,10,10,1.073,0.0,0,0.0,0.0,4.885,2.633,3.927,7.75,104,16,28,234,223,232,90,232,255,255,137,69,4,233,82,88,254,255,79,233,255,17,255,255,138,132,13,244,254,255,255,60,65,233,177,215,254,255,0,5,0,56,78,248,221,25,87,129,250,155,195,23,208,16,201,156,142,84,20,193,119,60,36,23,13.0,18.0,4.0,0.222,1.0,1,30.0,0
1,0,1,0,0,0,0,1,1178525,4194304,4096,5,1,3354624,92672,1024,799744,0,1048576,4096,4096,5,3,0.625,3,2,0,3,2,0,0,1,0,1,1,0,1.0,4,4,1.34,0.0,0,0.0,0.0,3.775,2.839,3.621,7.856,104,23,51,205,106,232,156,198,16,0,156,143,68,37,0,233,139,247,0,0,15,133,236,78,1,0,15,183,68,79,4,249,102,131,248,65,233,220,62,16,0,102,139,92,37,0,15,189,197,102,13,84,119,129,197,2,0,0,0,129,238,1,0,0,9.0,14.0,4.0,0.286,1.0,1,14.0,0
1,0,1,0,0,0,0,1,934903,4194304,4096,5,1,2166784,64512,1024,95744,0,1048576,4096,4096,5,3,0.625,3,2,0,3,2,0,0,1,0,1,1,0,1.0,4,4,1.43,0.0,0,0.0,0.0,3.116,2.805,4.071,7.822,104,66,184,24,64,232,53,219,1,0,15,131,117,245,0,0,139,60,48,129,250,84,19,15,23,132,215,51,250,246,197,249,245,59,121,48,233,62,119,1,0,79,59,214,59,223,15,132,155,54,1,0,15,182,59,193,230,8,193,224,8,11,247,67,10.0,15.0,5.0,0.333,1.0,1,30.0,0
0,0,0,0,0,0,0,0,716039,4194304,4096,5,0,1671168,15872,1024,31232,1536,2097152,4096,4096,7,6,0.538,3,7,0,3,7,0,0,1,0,1,1,0,1.001,10,10,1.067,0.0,0,0.0,0.0,4.893,2.598,4.011,7.773,104,55,244,160,225,232,72,202,0,0,85,139,236,129,236,4,1,0,0,86,247,196,24,124,120,58,102,247,214,87,102,15,171,199,139,248,141,133,252,254,255,255,233,114,51,1,0,139,197,129,237,4,0,0,0,233,202,234,0,0,139,92,37,0,10.0,15.0,4.0,0.267,1.0,1,30.0,0
0,0,0,0,0,0,0,0,748352,4194304,4096,5,0,1687552,13312,1024,29184,1536,2097152,4096,4096,7,6,0.538,3,7,0,3,7,0,0,1,0,1,1,0,1.001,10,10,1.064,0.0,0,0.0,0.0,4.893,2.61,4.08,7.819,104,53,46,238,17,232,221,103,254,255,139,124,37,0,139,69,4,129,197,8,0,0,0,233,206,189,254,255,122,44,115,20,47,60,221,56,184,32,115,0,47,24,221,52,184,16,115,36,47,60,221,44,184,44,48,8,250,18,128,160,177,81,0,1,15.0,20.0,4.0,0.2,1.0,1,30.0,0
0,0,0,0,0,0,0,1,781618,4194304,4096,5,0,1855488,19968,1024,5120,0,1048576,8192,4096,3,3,0.5,3,2,0,3,2,0,0,1,0,1,1,0,1.0,3,3,1.143,0.0,0,0.0,0.0,4.28,2.689,4.109,7.861,104,43,130,206,2,232,170,225,246,255,113,11,178,156,136,187,191,194,63,198,109,94,116,116,87,83,8,209,111,136,25,233,166,132,255,255,96,32,155,145,148,130,184,194,48,224,127,13,136,25,233,223,230,255,255,104,147,65,215,2,232,115,225,246,6.0,11.0,4.0,0.364,1.0,1,14.0,0
0,0,0,0,0,0,0,0,701706,4194304,4096,5,0,1691648,12288,1024,26624,1536,2097152,4096,4096,7,6,0.538,3,7,0,3,7,0,0,1,0,1,1,0,1.0,10,10,1.094,0.0,0,0.0,0.0,4.903,2.56,4.124,7.814,104,192,223,85,87,232,148,48,255,255,102,137,76,37,0,233,67,73,255,255,15,132,151,58,255,255,15,182,17,245,132,232,193,230,8,193,224,8,59,220,248,11,242,139,212,15,191,208,65,137,77,248,27,210,15,183,140,95,200,1,0,0,137,77,13.0,18.0,4.0,0.222,1.0,1,30.0,0
1,0,1,0,0,1,0,1,1263932,4194304,143360,5,1,2990080,398336,1024,143360,0,1048576,4096,4096,8,6,0.571,3,4,0,3,4,0,0,1,0,1,1,0,1.0,10,10,1.407,0.0,0,0.0,0.0,2.528,2.287,4.101,7.886,104,125,28,44,216,232,91,189,0,0,139,84,37,0,102,15,186,241,244,102,15,171,233,102,129,255,69,32,54,102,139,10,129,197,2,0,0,0,233,46,15,1,0,246,211,233,169,242,0,0,137,69,8,156,233,169,120,1,0,153,247,69,63,179,6.0,11.0,4.0,0.364,1.0,1,40.0,0
0,0,0,0,0,0,0,0,722870,4194304,4096,5,0,1724416,28160,1024,54784,1536,2097152,4096,4096,7,6,0.538,3,7,0,3,7,0,0,1,0,1,1,0,1.0,10,10,1.166,0.0,0,0.0,0.0,4.899,2.59,3.993,7.779,104,126,100,247,215,232,102,172,255,255,141,84,18,1,233,177,21,247,255,249,34,208,233,137,239,254,255,13,161,193,12,208,55,227,98,86,125,102,112,87,105,4,205,44,200,45,18,133,213,65,23,11,190,211,94,82,15,132,193,189,255,255,138,193,16.0,21.0,4.0,0.19,1.0,1,30.0,0
0,0,0,0,0,0,0,0,759971,4194304,4096,5,0,1683456,25600,1024,32256,3072,2097152,4096,4096,6,5,0.545,3,7,0,3,7,0,0,1,0,1,1,0,1.001,9,9,1.378,0.0,0,0.0,0.0,-1,2.584,4.123,7.813,104,98,184,74,15,232,128,95,0,0,246,0,53,28,53,8,53,16,53,32,53,40,53,48,53,44,53,36,53,12,53,48,53,28,53,0,150,20,109,84,172,204,7,87,0,227,187,243,22,111,46,56,71,24,14,12,236,36,199,44,150,48,109,40,5.0,10.0,4.0,0.4,1.0,1,-1,0
1,0,1,0,0,0,0,1,827022,4194304,4096,5,1,1908736,5120,1024,8704,0,1048576,4096,4096,5,4,0.556,3,2,0,3,2,0,0,1,0,1,1,0,1.0,5,5,1.299,0.0,0,0.0,0.0,5.124,2.685,4.122,7.772,104,80,1,46,128,232,98,8,245,255,104,241,55,41,128,232,88,8,245,255,225,52,53,20,53,0,53,44,53,8,53,60,53,32,53,56,53,28,53,24,53,36,53,48,53,52,78,36,68,45,20,53,52,25,114,173,40,78,58,20,53,25,7,92,12.0,17.0,4.0,0.235,1.0,1,8.0,0
0,0,0,0,0,0,0,0,760969,4194304,4096,5,0,1839104,20480,4096,24576,0,1048576,4096,4096,4,3,0.571,3,2,0,3,2,0,0,1,0,1,1,0,1.004,4,4,2.473,0.0,0,0.0,0.0,5.355,2.558,3.979,7.775,104,139,108,72,161,232,151,147,254,255,15,132,97,155,254,255,138,202,187,108,73,10,63,249,211,195,138,77,255,2,218,50,195,233,72,155,254,255,233,20,58,255,255,233,86,115,254,255,233,11,148,254,255,96,56,34,24,203,52,171,20,34,0,203,10.0,15.0,4.0,0.267,1.0,1,26.0,0
1,0,1,0,1,0,0,1,374147,4194304,8192,4,0,647168,26624,1024,2560,0,1048576,4096,8192,3,3,0.5,3,1,0,3,1,0,0,1,0,1,1,0,1.001,2,2,64.0,0.0,0,0.0,-1,3.511,2.672,4.685,7.143,255,37,0,0,68,0,245,64,0,69,11,2,0,0,23,69,1,0,0,0,174,88,47,191,178,69,1,0,0,0,153,69,36,41,4,0,32,88,47,191,41,69,1,0,0,0,109,88,130,191,47,69,1,0,0,0,188,69,73,191,4,0,174,88,1.0,0.0,0.0,0.0,1.0,1,14.0,0
1,0,1,0,0,0,0,1,993584,1255145472,4096,6,1,2396160,142848,1024,158720,0,1048576,1036288,4096,4,3,0.571,3,2,0,3,2,0,0,1,0,1,1,0,1.0,3,3,1.463,0.0,0,0.0,0.0,4.002,2.972,3.943,7.825,104,19,185,244,73,232,77,224,1,0,176,32,110,52,51,28,232,36,213,60,151,24,110,40,51,44,232,8,213,0,151,44,110,44,51,32,224,16,164,138,52,232,56,0,11,12,56,224,138,52,213,150,7,243,74,23,218,172,17,170,23,48,164,11,7.0,12.0,4.0,0.333,1.0,1,68.0,0
0,0,0,0,0,0,0,0,695012,4194304,4096,5,0,1699840,18432,1024,37376,1536,2097152,4096,4096,7,6,0.538,3,7,0,3,7,0,0,1,0,1,1,0,1.001,10,10,1.151,0.0,0,0.0,0.0,4.9,2.581,4.058,7.782,104,157,24,228,141,232,147,254,246,255,139,76,37,0,102,15,65,211,211,234,139,85,4,248,245,129,197,8,0,0,0,233,185,174,255,255,81,4,182,197,55,187,246,69,39,255,94,12,188,217,113,153,169,219,35,24,214,137,93,4,233,88,28,255,16.0,21.0,4.0,0.19,1.0,1,30.0,0
0,0,0,0,0,0,0,0,718685,4194304,4096,5,0,1695744,17920,1024,33792,1536,2097152,4096,4096,7,6,0.538,3,7,0,3,7,0,0,1,0,1,1,0,1.0,10,10,1.022,0.0,0,0.0,0.0,4.904,2.638,4.091,7.823,104,255,105,166,205,232,95,14,1,0,139,68,37,0,138,93,4,129,197,6,0,0,0,38,136,24,233,57,160,0,0,136,2,233,62,72,0,0,233,26,45,0,0,8,32,115,28,137,56,179,44,206,20,218,24,8,52,115,36,137,16,179,8,206,14.0,19.0,4.0,0.211,1.0,1,30.0,0
0,0,0,0,0,0,0,0,706009,4194304,4096,5,0,1658880,20480,1024,36864,2048,2097152,4096,4096,7,6,0.538,3,7,0,3,7,0,0,1,0,1,1,0,1.001,10,10,1.027,0.0,0,0.0,0.0,4.891,2.638,3.921,7.736,104,71,155,229,204,232,40,15,8,0,60,0,0,0,139,92,37,0,139,77,4,233,39,47,0,0,104,17,134,225,76,232,14,15,8,0,243,164,157,94,233,20,64,255,255,221,68,48,245,107,118,123,117,6,180,199,23,15,131,180,47,8,0,139,14.0,19.0,4.0,0.211,1.0,1,30.0,0
1,0,1,0,0,0,0,1,893755,4194304,4096,10,0,2207744,22016,1024,41984,0,262144,4096,4096,5,3,0.625,3,2,0,3,2,0,0,1,0,1,1,0,1.0,4,4,1.347,0.0,0,0.0,0.0,3.186,2.746,4.05,7.839,104,138,143,16,123,232,173,163,254,255,15,130,182,153,253,255,86,15,182,241,102,15,171,210,15,191,196,102,153,184,109,193,22,108,254,194,102,129,234,187,100,102,211,242,247,230,102,15,186,240,73,102,59,229,139,198,43,194,193,230,218,209,232,141,8.0,13.0,4.0,0.308,1.0,1,14.0,0
1,0,1,0,0,0,0,1,848885,16777216,4096,6,1,2027520,34304,1024,27136,0,262144,8192,4096,4,3,0.571,3,2,0,3,2,0,0,1,0,1,1,0,1.0,3,3,1.306,0.0,0,0.0,0.0,4.327,2.811,4.067,7.785,104,18,57,99,247,232,128,20,1,0,141,148,122,94,5,0,0,233,188,105,0,0,15,132,84,24,0,0,65,249,233,65,24,0,0,247,215,233,222,95,255,255,102,139,124,37,0,193,217,141,3,207,141,173,2,0,0,0,15,191,205,249,15,182,9.0,14.0,4.0,0.286,1.0,1,20.0,0
0,0,0,0,0,0,0,0,714346,4194304,4096,5,0,1736704,16896,1024,34304,32256,2097152,4096,4096,7,6,0.538,3,7,0,3,7,0,0,1,0,1,1,0,1.001,10,10,1.277,0.0,0,0.0,0.0,4.898,2.642,3.997,7.758,104,109,87,60,112,232,247,51,10,0,210,40,46,36,148,32,93,20,46,24,148,8,93,28,46,0,148,56,93,44,46,48,148,4,93,40,8,4,8,39,2,252,59,81,0,132,36,174,92,48,129,52,8,4,8,44,8,56,8,0,8,28,8,8,14.0,19.0,4.0,0.211,1.0,1,30.0,0
1,0,1,0,0,0,0,1,1106180,4194304,4096,5,1,2625536,93696,1024,195584,0,1048576,4096,4096,5,3,0.625,3,2,0,3,2,0,0,1,0,1,1,0,1.0,4,4,1.333,0.0,0,0.0,0.0,3.859,2.861,4.019,7.824,104,111,115,172,124,232,246,72,14,0,139,68,37,0,75,198,199,1,139,93,4,245,247,208,246,197,28,247,211,245,102,133,203,35,195,137,69,4,233,220,201,255,255,0,0,86,101,114,81,117,101,114,121,86,97,108,117,101,87,0,3,251,94,49,10.0,15.0,4.0,0.267,1.0,1,14.0,0
0,0,0,0,0,0,0,0,668469,4194304,4096,5,0,1703936,36864,1024,58880,10752,2097152,4096,4096,7,6,0.538,3,7,0,3,7,0,0,1,0,1,1,0,1.0,10,10,1.123,0.0,0,0.0,0.0,4.887,2.661,3.901,7.745,104,27,148,140,38,232,246,139,8,0,73,175,81,0,79,178,81,0,12,121,89,0,176,18,89,0,173,140,89,0,93,103,80,0,0,184,81,0,15,49,248,245,129,237,8,0,0,0,233,88,14,9,0,55,24,55,32,55,16,55,36,55,28,55,14.0,19.0,4.0,0.211,1.0,1,30.0,0
1,0,1,0,0,0,0,1,854362,4194304,4096,5,0,1912832,8192,1024,11776,0,1048576,4096,4096,5,3,0.625,3,2,0,3,2,0,0,1,0,1,1,0,1.0,4,4,1.354,0.0,0,0.0,0.0,3.705,2.697,4.093,7.743,104,216,3,168,128,232,172,48,254,255,15,175,202,128,252,82,59,241,233,196,244,253,255,237,60,199,16,40,40,199,32,40,24,199,0,40,36,199,20,40,8,199,4,40,44,199,0,40,60,41,48,41,76,16,199,28,41,33,160,56,41,163,16,40,8.0,13.0,4.0,0.308,1.0,1,14.0,0
0,0,0,0,0,0,0,0,0,4194304,4096,5,0,1843200,24576,4096,36864,0,1048576,4096,4096,3,3,0.5,3,2,0,3,2,0,0,1,0,1,1,0,1.003,4,4,2.738,0.0,0,0.0,0.0,-1,2.439,3.837,7.753,104,18,239,125,143,232,181,228,254,255,85,129,213,117,49,15,65,249,139,236,102,59,239,248,102,247,196,104,18,81,248,83,86,3,222,254,203,43,221,87,211,235,139,248,139,241,36,22,211,203,43,210,141,73,0,15,146,192,138,15,198,199,13,138,11.0,16.0,4.0,0.25,1.0,1,-1,0
1,0,1,0,0,0,0,1,892604,16777216,4096,6,1,2056192,88576,1024,19968,0,262144,8192,4096,4,3,0.571,3,2,0,3,2,0,0,1,0,1,1,0,1.0,3,3,1.414,0.0,0,0.0,0.0,3.411,2.823,4.065,7.786,104,149,79,176,192,232,147,138,245,255,129,238,1,0,0,0,102,15,164,242,205,192,210,228,15,182,30,102,15,182,20,28,247,197,51,83,67,121,233,118,244,0,0,232,20,136,135,144,169,225,71,82,34,244,125,254,133,210,233,194,194,1,0,174,7.0,12.0,4.0,0.333,1.0,1,8.0,0
1,0,1,0,0,0,0,1,895325,16777216,4096,6,1,1986560,36864,1024,13312,0,262144,8192,4096,4,3,0.571,3,2,0,3,2,0,0,1,0,1,1,0,1.001,3,3,1.324,0.0,0,0.0,0.0,3.827,2.795,4.199,7.807,104,74,223,29,95,232,78,131,11,0,102,15,182,69,2,138,84,37,0,141,173,254,255,255,255,102,129,253,173,31,246,234,233,85,87,12,0,5,54,7,0,0,233,101,81,12,0,143,68,37,0,233,189,14,10,0,139,76,37,0,210,242,254,206,5.0,10.0,4.0,0.4,1.0,1,20.0,0
1,0,1,0,0,0,0,1,1037992,4194304,4096,6,0,2404352,141824,1024,106496,0,1048576,4096,4096,5,3,0.625,3,2,0,3,2,0,0,1,0,1,1,0,1.0,4,4,1.488,0.0,0,0.0,0.0,3.888,2.871,4.161,7.874,104,133,138,250,24,232,47,254,2,0,156,143,68,37,0,233,221,147,0,0,207,110,119,67,82,149,237,98,119,101,90,2,165,184,9,139,124,37,0,102,139,69,4,129,197,6,0,0,0,54,102,137,7,233,128,62,255,255,249,245,43,201,34,200,12.0,17.0,4.0,0.235,1.0,1,14.0,0
0,0,1,0,0,0,0,1,0,4194304,4096,5,1,1597440,6144,1024,7168,0,1048576,4096,4096,4,3,0.571,3,2,0,3,2,0,0,1,0,1,1,0,1.0,4,4,1.488,0.0,0,0.0,0.0,4.707,2.668,4.059,7.795,104,253,77,59,71,232,87,31,248,255,15,135,155,177,248,255,139,196,210,203,102,11,253,185,64,0,0,0,102,129,223,214,107,141,92,37,128,11,253,129,227,252,255,255,255,15,191,252,43,217,139,227,86,102,15,70,244,139,250,156,135,247,139,240,4.0,9.0,4.0,0.444,1.0,1,8.0,0
0,0,0,0,0,0,0,0,748450,4194304,4096,5,0,1724416,17408,1024,33792,1536,2097152,4096,4096,7,6,0.538,3,7,0,3,7,0,0,1,0,1,1,0,1.001,10,10,1.058,0.0,0,0.0,0.0,4.89,2.611,4.16,7.817,104,104,86,37,113,232,122,35,10,0,129,237,2,0,0,0,2,200,233,114,140,0,0,192,12,98,48,57,56,221,40,98,36,57,20,221,28,98,52,57,60,41,213,44,144,204,92,60,123,155,0,41,150,85,242,234,80,0,129,13,105,122,50,73,14.0,19.0,4.0,0.211,1.0,1,30.0,0
1,0,1,0,0,0,0,1,999563,4194304,4096,6,0,2461696,220672,1024,34304,0,262144,8192,4096,4,3,0.571,3,2,0,3,2,0,0,1,0,1,1,0,1.001,3,3,1.463,0.0,0,0.0,0.0,3.331,2.863,4.006,7.828,104,16,196,167,0,232,118,195,255,255,15,130,235,100,11,0,86,153,245,15,182,241,184,109,193,22,108,15,171,250,139,215,247,230,15,172,224,30,15,191,195,139,198,43,194,209,232,3,194,102,15,186,250,125,59,219,193,232,5,247,196,56,79,30,4.0,9.0,4.0,0.444,1.0,1,26.0,0
0,0,0,0,0,0,0,0,714446,4194304,4096,5,0,1683456,14336,1024,29696,1536,2097152,4096,4096,7,6,0.538,3,7,0,3,7,0,0,1,0,1,1,0,1.0,10,10,1.058,0.0,0,0.0,0.0,4.9,2.634,4.05,7.782,104,138,240,175,127,232,105,106,0,0,156,143,68,37,0,233,137,108,248,255,15,132,69,222,255,255,139,68,157,0,102,247,198,25,27,80,249,245,129,235,1,0,0,0,233,40,222,255,255,102,137,124,37,0,233,22,139,247,255,233,250,52,248,255,14.0,19.0,4.0,0.211,1.0,1,30.0,0
0,0,0,0,0,0,0,0,0,4194304,4096,5,0,1990656,61440,4096,50176,0,1048576,4096,4096,4,3,0.571,3,2,0,3,2,0,0,1,0,1,1,0,1.0,4,4,1.069,0.0,0,0.0,0.0,3.909,2.57,3.934,7.784,104,155,13,152,40,232,92,242,9,0,66,233,5,75,9,0,70,52,43,4,43,12,43,8,43,20,43,28,43,60,43,24,43,56,43,32,43,52,43,4,43,52,33,20,33,52,33,173,40,33,48,206,189,44,33,3,40,33,4,37,172,161,82,0,12.0,17.0,4.0,0.235,1.0,1,46.0,0
0,0,0,0,0,0,0,0,761170,4194304,4096,5,0,1712128,14336,1024,28672,1536,2097152,4096,4096,7,6,0.538,3,7,0,3,7,0,0,1,0,1,1,0,1.0,10,10,1.088,0.0,0,0.0,0.0,4.901,2.61,4.167,7.821,104,70,17,47,27,232,227,19,247,255,136,2,233,239,52,246,255,137,84,37,0,233,35,48,247,255,163,28,20,60,139,40,116,48,20,8,139,24,116,44,20,0,139,56,116,16,20,24,139,56,116,28,130,28,96,68,235,134,70,80,0,29,221,86,13.0,18.0,4.0,0.222,1.0,1,30.0,0
0,0,0,0,0,0,0,0,726001,4194304,4096,5,0,1732608,40960,1024,61440,1536,2097152,4096,4096,7,6,0.538,3,7,0,3,7,0,0,1,0,1,1,0,1.0,10,10,1.021,0.0,0,0.0,0.0,4.907,2.65,4.054,7.79,104,131,113,30,192,232,73,64,247,255,50,56,122,12,131,8,162,24,50,16,122,28,131,60,162,48,50,4,122,40,131,20,19,112,71,253,222,203,88,0,7,52,162,20,251,24,47,24,247,50,0,187,122,36,199,141,2,131,32,27,52,24,36,51,14.0,19.0,4.0,0.211,1.0,1,30.0,0
0,0,0,0,0,0,0,0,667957,4194304,4096,5,0,1650688,9216,1024,21504,1536,2097152,4096,4096,7,6,0.538,3,7,0,3,7,0,0,1,0,1,1,0,1.001,10,10,1.239,0.0,0,0.0,0.0,4.883,2.599,4.034,7.797,104,231,226,203,211,232,169,72,8,0,15,131,140,131,254,255,139,193,102,43,207,185,0,8,0,0,233,127,150,0,0,237,124,70,37,246,32,239,90,2,177,27,128,175,241,57,253,113,85,50,139,69,4,139,84,37,0,59,198,245,129,237,4,0,9.0,14.0,4.0,0.286,1.0,1,30.0,0
0,0,1,0,0,0,0,1,696183,4194304,4096,5,1,1695744,43520,1024,31232,0,1048576,4096,4096,4,4,0.5,3,2,0,3,2,0,0,1,0,1,1,0,1.0,5,5,1.32,0.0,0,0.0,0.0,5.163,2.667,4.002,7.796,104,106,14,137,33,232,104,230,0,0,255,48,52,40,58,24,62,0,74,56,82,8,84,52,91,32,105,28,117,36,125,44,0,253,65,40,162,40,158,138,44,247,144,60,243,12,50,102,219,234,238,50,50,160,79,0,25,6,163,44,50,207,228,113,4.0,9.0,4.0,0.444,1.0,1,10.0,0
0,0,0,0,0,0,0,0,696479,4194304,4096,5,0,1617920,8192,1024,21504,1536,2097152,4096,4096,7,6,0.538,3,7,0,3,7,0,0,1,0,1,1,0,1.0,10,10,1.239,0.0,0,0.0,0.0,4.899,2.596,3.938,7.742,104,116,184,84,210,232,209,0,1,0,15,131,198,123,0,0,139,193,135,201,185,0,8,0,0,43,203,249,248,193,249,5,248,3,207,79,193,255,126,139,125,200,245,233,5,94,0,0,233,241,164,0,0,233,24,1,1,0,15,130,51,204,255,255,10.0,15.0,4.0,0.267,1.0,1,30.0,0
0,0,0,0,0,0,0,0,686359,4194304,4096,5,0,1638400,9728,1024,23040,1536,2097152,4096,4096,7,6,0.538,3,7,0,3,7,0,0,1,0,1,1,0,1.0,10,10,1.123,0.0,0,0.0,0.0,4.895,2.602,3.975,7.774,104,206,141,84,0,232,95,100,0,0,66,133,222,245,137,85,248,169,11,54,93,56,209,232,249,102,129,251,104,40,141,60,63,102,59,223,59,240,233,211,153,248,255,183,0,254,8,28,36,179,20,183,28,254,16,28,56,179,40,183,60,254,48,28,13.0,18.0,4.0,0.222,1.0,1,30.0,0
1,0,1,0,0,0,0,1,0,4194304,4096,5,1,2138112,11776,1024,16384,0,1048576,4096,4096,5,3,0.625,3,2,0,3,2,0,0,1,0,1,1,0,1.0,4,4,1.354,0.0,0,0.0,0.0,4.594,2.715,3.992,7.764,104,54,179,234,250,232,145,10,0,0,40,28,40,0,40,20,40,48,40,24,40,44,40,36,40,60,40,16,40,12,40,8,220,20,223,48,91,239,2,34,160,157,182,97,94,0,235,28,46,40,12,161,46,40,4,46,40,56,142,201,126,148,22,233,7.0,12.0,4.0,0.333,1.0,1,20.0,0
0,0,0,0,0,0,0,0,811005,4194304,4096,5,0,1982464,62464,1024,36352,0,1048576,4096,4096,4,3,0.571,3,2,0,3,2,0,0,1,0,1,1,0,1.0,4,4,1.092,0.0,0,0.0,0.0,4.293,2.642,3.912,7.76,104,176,254,5,188,232,36,23,0,0,139,229,93,233,145,127,245,255,216,0,0,24,249,56,0,16,249,40,0,28,249,48,0,32,249,4,0,12,249,20,0,4,249,0,28,12,28,215,20,0,56,28,16,28,32,28,51,32,28,218,164,51,103,82,13.0,18.0,4.0,0.222,1.0,1,38.0,0
0,0,0,0,0,0,0,0,713871,16777216,4096,5,0,1642496,23552,1536,16384,0,262144,4096,4096,2,3,0.4,3,2,0,3,2,0,0,1,0,1,1,0,1.001,3,3,1.422,0.0,0,0.0,0.0,-1,2.565,4.085,7.791,104,250,195,3,222,232,32,188,7,0,248,59,251,15,133,198,207,8,0,128,125,16,0,233,80,8,9,0,15,132,226,155,8,0,139,64,124,133,213,59,196,102,247,193,126,103,83,87,137,69,240,59,253,169,151,2,211,1,245,199,69,248,255,255,6.0,11.0,4.0,0.364,1.0,1,-1,0
1,0,1,0,0,0,0,1,909579,4194304,4096,5,1,2138112,68096,1024,66048,0,1048576,4096,4096,5,3,0.625,3,2,0,3,2,0,0,1,0,1,1,0,1.0,4,4,1.414,0.0,0,0.0,0.0,3.746,2.775,4.113,7.829,104,242,134,234,162,232,141,152,1,0,143,68,37,0,233,157,176,253,255,233,52,180,0,0,100,59,239,127,68,87,41,228,109,121,126,17,102,139,84,37,0,134,219,50,254,141,173,2,0,0,0,129,238,1,0,0,0,102,15,182,223,15,182,30,9.0,14.0,4.0,0.286,1.0,1,14.0,0
0,0,0,0,0,0,0,0,746547,4194304,4096,5,0,1724416,40448,1024,50176,3584,2097152,4096,4096,6,4,0.6,3,6,0,3,6,0,0,1,0,1,1,0,1.001,8,8,1.13,0.0,0,0.0,0.0,-1,2.579,4.114,7.823,104,227,90,243,244,232,226,177,247,255,139,68,37,0,210,235,15,162,129,237,12,0,0,0,233,122,189,246,255,233,208,68,247,255,143,68,37,0,233,199,68,247,255,137,77,204,15,133,143,119,247,255,139,93,236,233,207,63,248,255,87,232,228,28,8.0,13.0,4.0,0.308,1.0,1,-1,0
0,0,1,0,0,0,0,1,803364,268435456,4096,5,0,1871872,44032,1024,4608,0,1048576,8192,4096,3,3,0.5,3,2,0,3,2,0,0,1,0,1,1,0,1.001,3,3,1.211,0.0,0,0.0,0.0,4.287,2.68,4.044,7.821,104,17,17,188,119,232,57,84,245,255,137,69,4,156,233,92,124,254,255,143,68,37,0,233,223,26,246,255,15,182,22,102,211,209,245,102,193,209,108,141,182,1,0,0,0,102,255,201,102,15,182,12,20,102,247,194,44,94,245,233,231,131,254,255,8.0,14.0,5.0,0.357,1.0,1,14.0,0
1,0,1,0,1,0,0,1,364338,4194304,8192,4,0,589824,4096,1024,17408,0,1048576,4096,8192,3,3,0.5,3,1,0,3,1,0,0,1,0,1,1,0,1.001,2,2,64.0,0.0,0,0.0,-1,5.615,2.774,4.692,7.085,255,37,0,128,67,0,72,7,0,0,0,131,139,0,0,1,128,0,0,192,0,0,72,0,0,0,0,72,92,0,0,0,44,149,0,0,1,48,0,0,72,1,0,0,0,72,63,0,0,0,44,149,0,0,1,192,0,0,72,2,0,0,0,72,1.0,0.0,0.0,0.0,1.0,1,34.0,0
1,0,1,0,1,0,0,0,841621,4194304,4096,5,0,2166784,16384,1024,22016,36352,2097152,4096,4096,7,4,0.636,3,5,0,3,5,0,0,1,0,1,1,0,1.001,7,7,1.362,0.0,0,0.0,0.0,3.98,2.679,3.849,7.732,104,224,10,49,63,232,79,32,0,0,15,131,26,236,254,255,139,85,8,139,77,248,233,14,231,255,255,3,194,137,68,37,252,132,197,133,219,15,132,56,85,0,0,139,68,157,0,80,248,129,235,1,0,0,0,233,33,85,0,0,233,186,46,0,8.0,13.0,4.0,0.308,1.0,1,22.0,0
0,0,0,0,0,0,0,1,1102356,4194304,4096,5,0,2764800,206848,1024,253440,0,1048576,4096,4096,4,3,0.571,3,2,0,3,2,0,0,1,0,1,1,0,1.0,4,4,1.176,0.0,0,0.0,0.0,3.906,2.739,3.957,7.876,104,86,60,122,97,232,106,5,0,0,15,130,29,112,240,255,86,15,182,241,184,109,193,22,108,247,230,102,15,193,192,245,139,198,102,15,187,238,43,194,102,129,222,141,33,15,183,243,209,232,135,246,102,193,214,15,15,186,246,58,3,194,102,15,12.0,17.0,4.0,0.235,1.0,1,46.0,0
0,0,0,0,0,0,0,0,847825,4194304,4096,5,0,1949696,49152,4096,45056,0,1048576,4096,4096,4,3,0.571,3,2,0,3,2,0,0,1,0,1,1,0,1.004,4,4,2.745,0.0,0,0.0,0.0,4.816,2.678,4.039,7.838,104,128,163,99,24,232,116,201,253,255,15,140,5,0,0,0,185,3,0,0,0,139,85,224,233,124,194,255,255,156,233,87,22,255,255,15,131,222,104,255,255,139,85,8,139,77,248,233,129,35,254,255,59,251,233,232,59,254,255,156,233,57,43,254,13.0,18.0,4.0,0.222,1.0,1,26.0,0
1,0,1,0,0,0,0,1,862743,4194304,4096,6,3,2039808,48640,1024,23040,0,262144,8192,4096,5,3,0.625,3,2,0,3,2,0,0,1,0,1,1,0,1.0,4,4,1.369,0.0,0,0.0,0.0,4.647,2.758,4.141,7.823,104,99,104,85,134,232,82,216,244,255,143,68,37,0,233,220,215,0,0,15,133,114,138,244,255,247,210,137,84,37,0,233,64,212,0,0,102,15,182,68,37,0,138,77,2,129,237,2,0,0,0,233,238,133,245,255,102,142,193,233,128,128,245,255,11.0,16.0,4.0,0.25,1.0,1,14.0,0
1,0,1,0,0,0,0,1,822273,16777216,4096,6,1,1912832,19968,1024,13824,0,262144,8192,4096,4,3,0.571,3,2,0,3,2,0,0,1,0,1,1,0,1.001,3,3,1.43,0.0,0,0.0,0.0,3.758,2.773,4.102,7.788,104,150,28,117,220,232,61,238,255,255,156,233,54,251,244,255,182,48,188,12,156,16,114,0,113,24,108,44,103,52,85,20,72,36,3,32,236,24,234,32,225,48,20,4,196,6,12,224,4,20,6,46,4,196,6,12,188,242,161,27,1,165,86,36,9.0,14.0,4.0,0.286,1.0,1,20.0,0
0,0,0,0,0,0,0,0,720015,4194304,4096,5,0,1675264,9728,1024,24064,1536,2097152,4096,4096,7,6,0.538,3,7,0,3,7,0,0,1,0,1,1,0,1.0,10,10,1.103,0.0,0,0.0,0.0,4.902,2.619,4.063,7.793,104,243,137,193,78,232,183,40,248,255,25,36,194,12,234,0,242,40,25,48,194,28,234,8,242,24,25,4,194,20,234,20,39,28,39,28,107,242,52,39,28,39,28,114,25,56,129,194,32,39,28,39,28,134,234,16,166,242,60,25,20,104,20,39,14.0,19.0,4.0,0.211,1.0,1,30.0,0
0,0,0,0,0,0,0,0,731489,4194304,4096,5,0,1716224,49152,1024,66048,3072,2097152,4096,4096,6,5,0.545,3,7,0,3,7,0,0,1,0,1,1,0,1.001,9,9,1.264,0.0,0,0.0,0.0,-1,2.625,4.071,7.811,104,33,174,185,198,232,210,207,1,0,74,59,202,233,169,149,2,0,139,92,37,0,139,11,233,254,1,2,0,102,15,182,68,37,0,138,93,2,169,158,53,177,53,233,0,51,10,0,213,36,16,48,213,12,16,20,213,24,16,8,213,28,16,0,7.0,12.0,4.0,0.333,1.0,1,-1,0
1,0,1,0,0,1,0,1,1198674,4194304,151552,5,1,2957312,403968,1024,150528,0,1048576,4096,4096,8,6,0.571,3,4,0,3,4,0,0,1,0,1,1,0,1.0,10,10,1.293,0.0,0,0.0,0.0,2.536,2.34,3.996,7.873,104,251,33,79,167,232,56,177,239,255,87,91,55,194,48,227,88,121,127,121,72,34,234,102,67,0,16,64,0,233,32,165,239,255,90,12,246,48,46,44,90,0,246,52,46,4,90,32,246,16,46,56,90,36,246,36,51,52,237,3,132,33,0,50,6.0,11.0,4.0,0.364,1.0,1,40.0,0
0,0,0,0,0,0,0,0,721028,4194304,4096,5,0,1671168,12288,1024,27648,1536,2097152,4096,4096,7,6,0.538,3,7,0,3,7,0,0,1,0,1,1,0,1.0,10,10,1.079,0.0,0,0.0,0.0,4.902,2.571,4.054,7.8,104,37,28,181,42,232,21,227,246,255,249,83,87,57,69,8,233,179,18,247,255,105,0,159,56,141,28,131,40,115,36,114,8,64,24,58,12,46,32,228,52,225,48,161,4,159,0,40,60,192,60,26,252,221,88,0,50,223,32,71,234,50,44,70,13.0,18.0,4.0,0.222,1.0,1,30.0,0
0,0,0,0,0,0,0,0,748616,4194304,4096,5,0,1695744,9728,1024,23552,1536,2097152,4096,4096,7,6,0.538,3,7,0,3,7,0,0,1,0,1,1,0,1.0,10,10,1.082,0.0,0,0.0,0.0,4.901,2.611,4.133,7.829,104,160,67,70,46,232,148,210,255,255,139,229,233,226,113,1,0,233,89,199,254,255,233,161,139,255,255,78,88,16,183,240,102,102,65,111,75,39,219,58,104,98,143,70,46,232,108,210,255,255,102,139,68,37,0,248,129,197,2,0,0,0,233,56,13.0,18.0,4.0,0.222,1.0,1,30.0,0
0,0,0,0,0,0,0,0,700871,4194304,4096,5,0,1716224,37376,1024,59392,2560,2097152,4096,4096,7,6,0.538,3,7,0,3,7,0,0,1,0,1,1,0,1.0,10,10,1.182,0.0,0,0.0,0.0,4.901,2.68,3.982,7.758,104,1,89,18,123,232,93,13,9,0,156,233,114,164,8,0,233,203,13,9,0,241,114,47,204,24,168,201,68,32,239,110,121,68,66,36,244,117,146,184,248,64,103,62,196,70,32,144,143,68,37,0,233,220,253,255,255,139,69,4,102,185,155,63,16.0,21.0,4.0,0.19,1.0,1,30.0,0
1,0,1,0,0,0,0,1,952766,4194304,4096,5,1,2187264,75264,1024,72192,0,1048576,4096,4096,5,3,0.625,3,2,0,3,2,0,0,1,0,1,1,0,1.0,4,4,1.399,0.0,0,0.0,0.0,3.777,2.823,4.152,7.856,104,147,230,125,190,232,10,149,255,255,156,233,181,18,0,0,240,12,164,205,36,233,92,74,6,236,144,128,172,222,59,161,139,77,8,129,254,254,16,213,117,247,249,233,85,227,1,0,26,36,123,12,164,24,197,0,26,56,123,40,164,48,197,60,9.0,14.0,4.0,0.286,1.0,1,14.0,0
1,0,1,0,0,0,0,1,2956295,4194304,4096,5,1,7360512,763904,1024,1943552,0,1048576,4096,4096,5,3,0.625,3,2,0,3,2,0,0,1,0,1,1,0,1.0,4,4,1.438,0.0,0,0.0,0.0,5.027,2.9,4.012,7.951,104,162,89,25,42,232,155,73,250,255,137,92,37,0,233,19,100,1,0,143,68,37,0,233,221,215,2,0,137,84,37,0,233,140,186,250,255,69,96,126,81,95,37,225,102,42,231,154,161,137,202,1,218,13,195,81,96,126,87,72,34,230,74,41,21.0,26.0,4.0,0.154,1.0,1,186.0,0
1,0,1,0,0,0,0,1,931448,4194304,4096,5,0,2179072,11264,1024,45056,0,1048576,4096,4096,5,3,0.625,3,2,0,3,2,0,0,1,0,1,1,0,1.0,4,4,1.438,0.0,0,0.0,0.0,5.187,2.722,4.025,7.804,104,197,68,253,148,232,120,134,244,255,233,218,255,255,255,104,69,93,62,178,232,105,134,244,255,195,91,58,209,45,205,118,67,38,204,83,19,163,186,221,71,58,209,33,239,117,68,47,198,124,4,139,206,1,167,27,137,232,3,216,16,221,60,254,13.0,18.0,4.0,0.222,1.0,1,70.0,0
0,0,0,0,0,0,0,0,715376,4194304,4096,5,0,1687552,7168,1024,18944,1536,2097152,4096,4096,7,6,0.538,3,7,0,3,7,0,0,1,0,1,1,0,1.001,10,10,1.293,0.0,0,0.0,0.0,4.911,2.6,4.16,7.814,104,162,53,80,17,232,31,16,1,0,75,233,117,222,0,0,133,219,233,167,169,0,0,104,136,22,103,17,232,8,16,1,0,233,164,131,0,0,137,85,4,233,29,104,10,0,233,151,131,0,0,102,137,68,37,0,233,170,155,0,0,11,44,66,9.0,14.0,4.0,0.286,1.0,1,30.0,0
0,0,0,0,0,0,0,0,682399,4194304,4096,5,0,1675264,16384,1024,32768,1536,2097152,4096,4096,7,6,0.538,3,7,0,3,7,0,0,1,0,1,1,0,1.0,10,10,1.316,0.0,0,0.0,0.0,4.902,2.611,3.998,7.736,104,58,91,54,18,232,208,210,7,0,102,15,182,69,2,246,218,210,194,138,84,37,0,141,173,254,255,255,255,245,233,61,248,253,255,15,132,22,168,255,255,64,59,231,102,193,227,82,248,43,69,8,102,255,207,15,172,202,221,139,77,12,192,218,14.0,19.0,4.0,0.211,1.0,1,30.0,0
1,0,1,0,0,0,0,1,827194,4194304,4096,5,1,1990656,29184,1024,27136,0,1048576,4096,4096,5,3,0.625,3,2,0,3,2,0,0,1,0,1,1,0,1.001,4,4,1.471,0.0,0,0.0,0.0,3.476,2.757,4.105,7.793,104,129,160,114,11,232,247,91,254,255,136,84,15,255,233,69,135,244,255,2,0,76,44,2,28,76,48,2,12,76,16,2,60,76,20,2,52,76,8,2,36,163,94,109,75,203,177,60,239,92,0,64,0,8,76,32,38,8,2,36,213,232,60,66,7.0,12.0,4.0,0.333,1.0,1,26.0,0
1,0,1,0,0,0,0,1,829213,16777216,4096,6,1,2007040,60928,1024,10240,0,262144,8192,4096,4,3,0.571,3,2,0,3,2,0,0,1,0,1,1,0,1.0,3,3,1.347,0.0,0,0.0,0.0,4.175,2.816,4.108,7.818,104,74,181,52,39,232,170,188,246,255,139,84,37,0,139,93,4,128,225,93,138,77,8,249,233,63,227,255,255,215,40,226,52,30,36,85,48,146,32,167,16,172,56,205,28,215,24,226,8,30,12,131,32,155,36,31,85,60,146,0,186,48,62,205,8.0,13.0,4.0,0.308,1.0,1,14.0,0
1,0,1,0,0,0,0,1,1012305,16777216,4096,6,1,2539520,247808,1024,116736,0,262144,8192,4096,4,3,0.571,3,2,0,3,2,0,0,1,0,1,1,0,1.0,3,3,1.369,0.0,0,0.0,0.0,3.797,2.922,4.021,7.888,104,145,210,120,111,232,167,61,13,0,206,100,118,79,106,111,99,122,101,91,0,180,222,14,222,57,163,15,157,172,27,187,248,93,16,203,42,27,128,2,211,62,201,79,34,15,132,72,24,0,0,15,182,24,51,217,102,129,252,250,102,245,129,227,14.0,19.0,4.0,0.211,1.0,1,20.0,0
1,0,1,0,1,0,0,0,919182,4194304,4096,5,0,2211840,16384,1024,22016,36352,2097152,4096,4096,7,4,0.636,3,5,0,3,5,0,0,1,0,1,1,0,1.0,7,7,1.471,0.0,0,0.0,0.0,3.986,2.679,3.982,7.808,104,243,118,37,253,232,49,142,1,0,137,69,4,233,235,59,1,0,233,135,144,0,0,26,4,26,36,26,52,26,16,26,44,26,12,26,0,26,8,26,56,26,24,26,60,172,4,11,56,135,26,40,26,24,114,60,127,12,147,24,189,8,215,0,8.0,13.0,4.0,0.308,1.0,1,22.0,0
1,0,1,0,0,0,0,1,1034576,16777216,4096,6,1,2412544,43008,1024,140288,0,262144,69632,4096,4,3,0.571,3,2,0,3,2,0,0,1,0,1,1,0,1.0,3,3,1.463,0.0,0,0.0,0.0,7.226,2.842,4.211,7.788,104,54,135,3,58,232,194,33,254,255,79,248,129,253,166,11,157,37,59,223,233,221,218,253,255,153,222,27,139,174,215,39,212,24,132,237,107,142,222,3,175,185,198,8,203,17,182,211,5,169,255,99,27,136,20,4,233,176,70,254,255,15,49,249,17.0,22.0,4.0,0.182,1.0,1,80.0,0
0,0,0,0,0,0,0,0,702462,4194304,4096,5,0,1675264,9728,1024,23552,1536,2097152,4096,4096,7,6,0.538,3,7,0,3,7,0,0,1,0,1,1,0,1.0,10,10,1.11,0.0,0,0.0,0.0,4.903,2.606,4.068,7.765,104,148,215,56,28,232,1,49,255,255,5,16,32,8,32,36,32,12,32,32,32,60,32,48,32,52,32,20,32,0,32,16,32,56,32,16,54,20,91,24,54,234,20,91,30,28,54,173,88,28,98,79,0,58,109,83,12,41,7,24,91,196,44,32,13.0,18.0,4.0,0.222,1.0,1,30.0,0
0,0,0,0,0,0,0,0,730490,4194304,4096,5,0,1667072,11264,1024,25088,3584,2097152,4096,4096,7,6,0.538,3,7,0,3,7,0,0,1,0,1,1,0,1.001,10,10,1.1,0.0,0,0.0,0.0,4.886,2.587,4.03,7.761,104,111,240,244,169,232,23,89,247,255,15,132,44,203,247,255,139,93,248,233,185,15,0,0,255,208,95,91,102,15,68,247,102,190,2,36,94,139,229,102,139,237,93,233,173,79,247,255,102,139,124,37,0,102,35,205,102,139,77,2,233,206,119,248,13.0,18.0,4.0,0.222,1.0,1,30.0,0
1,0,1,0,1,0,0,0,884187,4194304,4096,5,0,2195456,16384,1024,22016,36352,2097152,4096,4096,7,4,0.636,3,5,0,3,5,0,0,1,0,1,1,0,1.0,7,7,1.369,0.0,0,0.0,0.0,3.984,2.697,3.928,7.777,104,228,160,120,114,232,133,83,0,0,233,207,6,1,0,15,130,88,202,0,0,141,133,236,254,255,255,233,1,202,0,0,52,16,52,8,52,0,52,20,52,52,52,36,52,60,52,32,52,44,52,28,52,4,217,32,245,52,90,153,126,14,206,143,8.0,13.0,4.0,0.308,1.0,1,22.0,0
0,0,0,0,0,0,0,0,876696,4194304,4096,5,0,2211840,94208,4096,163840,0,1048576,4096,4096,4,3,0.571,3,2,0,3,2,0,0,1,0,1,1,0,1.003,4,4,2.188,0.0,0,0.0,0.0,2.499,2.679,3.896,7.849,104,219,99,46,70,232,78,111,1,0,25,0,64,36,82,8,170,28,191,60,203,32,222,44,25,48,64,4,82,20,170,52,98,102,211,223,72,210,28,218,93,0,36,139,191,40,14,242,177,222,215,197,45,32,218,93,0,155,148,203,52,171,222,40,14.0,20.0,4.0,0.2,1.0,1,82.0,0
0,0,0,0,0,0,0,0,671682,4194304,4096,5,0,1695744,9216,1024,57344,1536,2097152,4096,4096,7,6,0.538,3,7,0,3,7,0,0,1,0,1,1,0,1.001,10,10,1.12,0.0,0,0.0,0.0,4.883,2.611,3.944,7.757,104,3,189,190,150,232,58,164,0,0,112,10,171,254,23,131,164,198,33,241,98,106,107,143,68,37,0,233,244,19,0,0,102,15,182,76,37,0,210,227,138,93,2,102,247,197,56,43,248,249,141,173,254,255,255,255,102,247,198,225,98,246,209,245,12.0,17.0,4.0,0.235,1.0,1,30.0,0
1,0,1,0,0,0,0,1,907291,4194304,4096,5,0,2129920,3584,1024,26112,0,1048576,4096,4096,5,3,0.625,3,2,0,3,2,0,0,1,0,1,1,0,1.0,4,4,1.422,0.0,0,0.0,0.0,4.917,2.703,4.075,7.806,104,212,170,225,13,232,234,221,255,255,15,135,90,176,0,0,15,183,192,102,129,249,242,97,248,131,192,32,233,80,176,0,0,233,55,13,0,0,139,206,43,200,102,133,235,129,249,4,1,0,0,233,151,54,0,0,102,139,215,129,243,121,95,125,9.0,14.0,4.0,0.286,1.0,1,38.0,0
1,0,1,0,0,0,0,1,1038209,4194304,4096,5,0,2379776,66048,1024,43008,0,1048576,4096,4096,5,3,0.625,3,2,0,3,2,0,0,1,0,1,1,0,1.0,4,4,1.293,0.0,0,0.0,0.0,3.476,2.753,4.125,7.833,104,0,81,132,68,232,107,2,13,0,92,56,208,48,204,28,188,20,160,60,157,32,151,0,143,36,47,40,226,52,210,44,208,32,204,56,57,8,57,202,48,188,44,57,195,7,8,57,185,48,160,162,88,98,0,134,13,0,240,73,124,56,57,12,9.0,14.0,4.0,0.286,1.0,1,66.0,0
1,0,1,0,0,0,0,1,1394616,4194304,4096,5,1,3317760,90112,1024,542720,0,1048576,4096,4096,5,3,0.625,3,2,0,3,2,0,0,1,0,1,1,0,1.0,4,4,1.376,0.0,0,0.0,0.0,3.799,2.823,4.236,7.901,104,111,213,112,58,232,27,26,239,255,61,196,29,121,73,131,232,1,15,133,210,201,237,255,137,87,8,129,253,160,18,4,0,199,71,4,0,0,0,0,247,196,249,88,12,39,128,249,9,233,79,67,238,255,119,4,182,215,114,120,121,117,87,13,9.0,14.0,4.0,0.286,1.0,1,14.0,0
1,0,1,0,0,0,0,1,919873,4194304,4096,5,1,2117632,67584,1024,66048,0,1048576,4096,4096,5,3,0.625,3,2,0,3,2,0,0,1,0,1,1,0,1.001,4,4,1.407,0.0,0,0.0,0.0,3.773,2.782,4.063,7.824,104,122,44,255,58,232,208,224,255,255,129,238,2,0,0,0,210,230,128,226,115,15,183,22,102,133,231,129,237,2,0,0,0,233,112,168,0,0,233,55,64,2,0,102,211,232,233,208,144,0,0,51,44,89,20,44,40,89,32,44,36,89,16,44,9.0,14.0,4.0,0.286,1.0,1,14.0,0
1,0,1,0,1,0,0,0,936194,4194304,4096,5,0,2224128,16384,1024,22016,36352,2097152,4096,4096,7,4,0.636,3,5,0,3,5,0,0,1,0,1,1,0,1.0,7,7,1.414,0.0,0,0.0,0.0,3.983,2.69,4.02,7.81,104,253,67,84,0,232,80,217,1,0,138,20,10,233,41,87,0,0,59,198,15,131,193,50,0,0,138,12,16,102,129,222,223,28,102,15,206,3,194,102,129,230,15,19,193,238,14,139,240,132,201,233,66,245,255,255,7,56,229,36,199,8,198,20,8.0,13.0,4.0,0.308,1.0,1,22.0,0
0,0,0,0,0,0,0,1,684391,4194304,4096,5,0,1642496,10240,1024,7168,0,1048576,4096,4096,4,3,0.571,3,2,0,3,2,0,0,1,0,1,1,0,1.0,4,4,1.493,0.0,0,0.0,0.0,4.09,2.616,4.1,7.777,104,204,139,23,125,232,29,133,255,255,204,90,11,177,152,131,168,241,16,204,27,173,181,150,48,213,40,19,28,110,52,150,32,213,36,19,0,110,4,150,60,213,56,19,24,44,40,110,16,242,32,127,32,95,235,234,151,116,192,88,0,56,21,150,7.0,12.0,4.0,0.333,1.0,1,8.0,0
0,0,0,0,0,0,0,0,843165,4194304,4096,5,0,1925120,24576,4096,32768,0,1048576,4096,4096,4,3,0.571,3,2,0,3,2,0,0,1,0,1,1,0,1.005,4,4,9.615,0.0,0,0.0,0.0,0.891,2.623,4.075,7.839,104,105,48,88,39,232,125,205,0,0,209,72,47,225,12,189,237,101,4,176,233,187,234,102,139,76,37,0,102,139,125,2,248,245,129,237,2,0,0,0,58,245,102,3,207,233,111,27,10,0,237,20,50,44,145,4,68,52,50,16,145,56,68,32,10.0,15.0,5.0,0.333,1.0,1,8.0,0
0,0,0,0,0,0,0,0,780830,4194304,4096,5,0,1740800,24064,1024,42496,1536,2097152,4096,4096,7,6,0.538,3,7,0,3,7,0,0,1,0,1,1,0,1.0,10,10,1.252,0.0,0,0.0,0.0,4.892,2.646,4.18,7.842,104,195,157,248,43,232,129,91,1,0,195,108,103,102,38,225,104,94,49,214,18,217,6,223,105,125,16,99,28,95,8,70,24,68,56,50,40,251,48,245,4,240,0,226,12,224,48,189,4,186,16,27,60,230,113,237,252,201,88,0,246,223,135,114,14.0,19.0,4.0,0.211,1.0,1,30.0,0
0,0,0,0,0,0,0,0,757658,4194304,4096,5,0,1695744,9216,1024,21504,1536,2097152,4096,4096,7,6,0.538,3,7,0,3,7,0,0,1,0,1,1,0,1.001,10,10,1.247,0.0,0,0.0,0.0,4.899,2.609,4.186,7.858,104,42,186,144,85,232,241,100,10,0,139,124,37,0,211,203,141,173,4,0,0,0,102,211,203,15,182,30,248,233,203,134,9,0,139,229,102,152,157,102,153,93,15,191,208,15,183,212,88,15,183,211,153,139,253,89,102,135,250,153,94,15,144,198,8.0,13.0,4.0,0.308,1.0,1,30.0,0
1,0,1,0,0,0,0,1,885906,4194304,4096,6,3,2043904,55808,1024,24576,0,262144,8192,4096,5,3,0.625,3,2,0,3,2,0,0,1,0,1,1,0,1.001,4,4,1.362,0.0,0,0.0,0.0,4.026,2.781,4.054,7.779,104,119,217,154,63,232,185,96,253,255,179,40,192,20,132,8,44,52,192,32,132,4,44,12,192,24,132,16,251,122,0,46,41,31,36,251,207,48,46,200,248,48,251,130,44,44,48,76,91,0,8,218,166,211,89,8,56,192,126,28,46,122,0,251,11.0,16.0,4.0,0.25,1.0,1,14.0,0
0,0,0,0,0,0,0,0,711646,4194304,4096,5,0,1662976,12288,1024,26624,1536,2097152,4096,4096,7,6,0.538,3,7,0,3,7,0,0,1,0,1,1,0,1.0,10,10,1.113,0.0,0,0.0,0.0,4.89,2.552,4.025,7.754,104,217,46,97,20,232,98,111,254,255,156,233,100,76,254,255,143,68,37,0,233,67,96,254,255,195,0,0,103,116,107,95,100,105,97,108,111,103,95,103,101,116,95,116,121,112,101,0,143,68,37,0,233,7,123,254,255,1,8,1,4,1,36,1,12.0,17.0,4.0,0.235,1.0,1,30.0,0
0,0,0,0,0,0,0,0,779691,4194304,4096,5,0,1802240,4096,1024,4096,0,1048576,4096,4096,4,3,0.571,3,2,0,3,2,0,0,1,0,1,1,0,1.001,4,4,2.943,0.0,0,0.0,0.0,1.797,2.506,4.05,7.857,104,253,10,162,226,232,107,130,245,255,102,137,125,4,233,171,149,255,255,59,231,209,232,233,240,99,255,255,139,84,37,0,138,77,4,133,248,249,129,237,2,0,0,0,249,246,198,23,128,253,20,211,234,233,138,198,245,255,233,72,201,254,255,137,5.0,10.0,4.0,0.4,1.0,1,8.0,0
0,0,0,0,0,0,0,0,862846,4194304,4096,5,0,2076672,73216,1024,48640,0,1048576,4096,4096,4,3,0.571,3,2,0,3,2,0,0,1,0,1,1,0,1.001,4,4,1.062,0.0,0,0.0,0.0,5.484,2.665,3.91,7.834,104,179,0,209,37,232,46,236,245,255,201,100,116,76,52,239,52,199,63,249,45,102,59,245,129,197,2,0,0,0,233,6,101,0,0,198,100,66,67,49,192,49,223,57,251,65,59,224,76,70,104,36,232,209,101,232,252,235,245,255,32,16,96,52,14.0,19.0,4.0,0.211,1.0,1,38.0,0
0,0,0,0,0,0,0,0,716372,4194304,4096,5,0,1687552,13824,1024,29696,1536,2097152,4096,4096,7,6,0.538,3,7,0,3,7,0,0,1,0,1,1,0,1.001,10,10,1.32,0.0,0,0.0,0.0,4.905,2.588,4.056,7.738,104,21,98,121,134,232,194,13,0,0,43,210,247,198,82,40,237,113,248,129,254,148,85,81,80,132,201,233,13,129,255,255,137,69,4,233,32,14,0,0,233,240,184,255,255,102,15,182,84,37,0,15,192,201,192,193,45,138,77,2,58,194,248,141,13.0,18.0,4.0,0.222,1.0,1,30.0,0
0,0,0,0,0,0,0,0,768396,4194304,4096,5,0,1712128,14848,1024,29184,12800,2097152,4096,4096,7,6,0.538,3,7,0,3,7,0,0,1,0,1,1,0,1.0,10,10,1.041,0.0,0,0.0,0.0,4.884,2.622,4.11,7.835,104,211,215,149,74,232,250,197,255,255,101,56,165,4,99,28,49,44,250,36,230,12,165,20,99,60,49,40,250,0,230,28,165,28,99,56,207,48,193,180,108,244,250,88,0,121,155,109,112,34,121,16,170,114,50,240,250,88,0,121,65,238,69,155,13.0,18.0,4.0,0.222,1.0,1,30.0,0
0,0,0,0,0,0,0,0,0,4194304,4096,5,0,1806336,23040,4096,28160,190976,2097152,4096,4096,5,3,0.625,3,4,0,3,4,0,0,1,0,1,1,0,1.001,6,6,1.483,0.0,0,0.0,0.0,-1,2.494,3.655,7.757,104,171,46,16,140,232,227,150,255,255,39,52,39,28,39,20,39,60,39,8,39,32,39,0,39,48,39,12,39,16,39,16,250,0,39,56,49,56,84,12,217,3,171,218,255,57,58,85,82,0,107,5,39,44,90,39,36,48,183,12,104,247,90,158,5.0,10.0,4.0,0.4,1.0,1,-1,0
0,0,0,0,0,0,0,0,734276,4194304,4096,5,0,1748992,19456,1024,39936,3072,2097152,4096,4096,7,6,0.538,3,7,0,3,7,0,0,1,0,1,1,0,1.0,10,10,1.043,0.0,0,0.0,0.0,4.902,2.637,4.182,7.834,104,173,184,79,255,232,121,5,246,255,139,69,4,134,246,139,84,37,0,249,102,133,209,129,237,4,0,0,0,247,234,233,206,65,255,255,102,142,210,233,120,220,255,255,212,65,57,180,193,61,252,102,54,218,44,194,118,140,158,167,157,246,210,102,18.0,23.0,4.0,0.174,1.0,1,30.0,0
0,0,0,0,0,0,0,0,1426565,4194304,4096,5,0,4222976,1332224,1024,321536,0,1048576,4096,4096,4,3,0.571,3,2,0,3,2,0,0,1,0,1,1,0,1.0,4,4,1.221,0.0,0,0.0,0.0,3.956,2.706,3.472,7.901,104,148,111,55,105,232,30,92,255,255,127,30,140,220,7,171,244,70,11,221,19,222,7,211,22,217,249,1,1,233,115,44,254,255,113,8,175,248,12,161,238,117,56,210,1,194,9,203,58,173,193,84,99,15,130,70,38,254,255,95,102,190,137,37,15.0,20.0,4.0,0.2,1.0,1,66.0,0
1,0,1,0,0,0,0,1,801248,16777216,4096,6,1,1908736,17920,1024,6144,0,262144,8192,4096,4,3,0.571,3,2,0,3,2,0,0,1,0,1,1,0,1.001,3,3,1.446,0.0,0,0.0,0.0,3.79,2.747,4.134,7.821,104,201,166,22,75,232,180,232,246,255,241,92,30,134,185,233,28,233,195,57,2,0,82,40,125,36,128,20,176,28,184,60,228,12,232,32,26,56,68,16,82,48,125,52,170,60,6,212,32,123,32,186,32,108,128,8,39,163,160,176,4,43,44,52,8.0,13.0,4.0,0.308,1.0,1,20.0,0
0,0,0,0,0,0,0,0,0,4194304,4096,5,0,1724416,49152,4096,12288,0,1048576,4096,4096,3,3,0.5,3,2,0,3,2,0,0,1,0,1,1,0,1.0,4,4,3.459,0.0,0,0.0,0.0,-1,2.508,4.177,7.811,104,128,220,85,201,232,26,82,254,255,139,68,37,0,54,139,8,233,94,50,254,255,102,137,28,12,233,210,244,255,255,249,137,77,252,247,196,61,61,66,37,133,201,233,27,167,254,255,233,32,87,255,255,185,24,129,16,114,52,87,20,66,4,26,5.0,10.0,5.0,0.5,1.0,1,-1,0
0,0,0,0,0,0,0,0,710656,4194304,4096,5,0,1683456,17408,1024,32768,1536,2097152,4096,4096,7,6,0.538,3,7,0,3,7,0,0,1,0,1,1,0,1.0,10,10,1.064,0.0,0,0.0,0.0,4.887,2.608,4.043,7.804,104,19,212,127,86,232,137,81,246,255,15,183,6,129,198,2,0,0,0,248,233,141,253,253,255,51,56,168,28,179,48,196,8,201,0,216,36,51,40,168,44,179,60,196,52,201,24,96,0,19,8,98,225,26,209,121,223,174,144,87,0,188,208,216,13.0,18.0,4.0,0.222,1.0,1,30.0,0
0,0,1,0,0,0,0,1,795775,4194304,4096,5,1,1871872,99840,1024,81920,0,1048576,4096,4096,4,3,0.571,3,2,0,3,2,0,0,1,0,1,1,0,1.0,4,4,1.143,0.0,0,0.0,0.0,3.88,2.817,3.948,7.82,104,138,64,245,201,232,235,177,245,255,137,4,20,233,63,194,245,255,127,29,141,166,231,101,73,104,75,51,164,138,16,245,233,116,52,245,255,123,28,138,20,145,32,171,52,187,60,198,4,208,40,229,44,238,36,46,56,123,0,24,60,248,54,28,9.0,14.0,4.0,0.286,1.0,1,14.0,0
1,0,1,0,0,0,0,1,843563,4194304,4096,5,0,2048000,3072,1024,26112,0,1048576,4096,4096,5,3,0.625,3,2,0,3,2,0,0,1,0,1,1,0,1.0,4,4,1.438,0.0,0,0.0,0.0,4.021,2.677,3.833,7.73,104,6,91,88,198,232,99,233,254,255,233,223,233,254,255,91,92,6,171,131,196,77,72,42,78,92,1,145,171,236,90,112,88,43,244,70,59,84,92,19,148,148,236,79,116,70,33,246,34,102,137,69,4,233,126,3,1,0,156,143,68,37,0,233,10.0,15.0,4.0,0.267,1.0,1,38.0,0
1,0,1,0,0,0,0,1,889575,16777216,4096,6,1,1937408,9216,1024,3584,0,262144,8192,4096,4,3,0.571,3,2,0,3,2,0,0,1,0,1,1,0,1.0,3,3,1.422,0.0,0,0.0,0.0,2.642,2.766,4.301,7.865,104,172,194,159,177,232,162,193,11,0,133,44,208,8,35,40,102,36,120,0,124,60,133,4,208,56,35,52,102,48,120,12,48,160,27,209,39,253,234,40,17,1,101,44,42,124,12,39,59,133,28,165,44,98,208,20,35,24,174,0,184,56,191,52,6.0,11.0,4.0,0.364,1.0,1,8.0,0
0,0,0,0,0,0,0,0,734761,4194304,4096,5,0,1691648,12800,1024,19968,512,2097152,4096,4096,6,5,0.545,3,6,0,3,6,0,0,1,0,1,1,0,1.001,9,9,1.316,0.0,0,0.0,0.0,-1,2.589,4.217,7.854,104,50,237,250,223,232,42,8,0,0,139,68,37,0,102,129,252,1,127,139,125,4,102,133,201,248,129,197,8,0,0,0,54,137,56,233,155,109,0,0,104,51,29,56,92,232,2,8,0,0,15,133,146,223,0,0,102,131,248,46,233,185,140,1,7.0,12.0,4.0,0.333,1.0,1,-1,0
0,0,0,0,0,0,0,0,808706,4194304,4096,5,0,2011136,65536,1024,43008,0,1048576,4096,4096,4,3,0.571,3,2,0,3,2,0,0,1,0,1,1,0,1.0,4,4,1.089,0.0,0,0.0,0.0,3.98,2.613,4.043,7.859,104,87,35,2,105,232,101,243,9,0,123,54,192,10,255,94,5,200,23,150,214,39,228,91,115,32,188,56,45,28,105,36,115,0,188,60,45,40,105,48,115,12,188,16,45,16,144,42,170,227,54,120,82,0,225,11,105,4,59,60,252,172,249,204,13.0,18.0,4.0,0.222,1.0,1,46.0,0
1,0,1,0,0,0,0,1,854846,16777216,4096,6,1,1925120,14848,1024,10752,0,262144,8192,4096,4,3,0.571,3,2,0,3,2,0,0,1,0,1,1,0,1.0,3,3,1.488,0.0,0,0.0,0.0,3.792,2.788,4.188,7.821,104,10,232,18,1,232,51,228,255,255,233,138,13,0,0,233,133,175,9,0,102,137,85,4,233,103,115,255,255,136,20,57,65,129,249,208,67,112,88,131,251,4,233,118,203,254,255,129,197,6,0,0,0,233,243,75,10,0,102,15,187,215,102,15,8.0,13.0,4.0,0.308,1.0,1,20.0,0
0,0,0,0,0,0,0,1,710757,486539264,4096,5,0,1601536,2560,1024,23552,0,2000000,4096,4096,4,3,0.571,3,2,0,3,2,0,0,1,0,1,1,0,1.001,4,4,1.438,0.0,0,0.0,0.0,4.338,2.666,4.021,7.746,104,114,232,73,222,232,124,125,7,0,102,15,182,92,37,0,246,199,195,245,138,77,2,129,237,2,0,0,0,246,211,248,246,209,129,254,185,104,149,65,245,34,217,233,130,106,8,0,137,85,4,233,163,39,0,0,13,44,13,0,13,4,13,24,6.0,11.0,4.0,0.364,1.0,1,44.0,0
0,0,0,0,0,0,0,0,703955,4194304,4096,5,0,1658880,23552,1024,38912,1536,2097152,4096,4096,7,6,0.538,3,7,0,3,7,0,0,1,0,1,1,0,1.001,10,10,1.052,0.0,0,0.0,0.0,4.89,2.628,3.926,7.736,104,165,217,102,76,232,82,68,8,0,15,131,41,68,8,0,139,193,185,0,8,0,0,43,202,139,85,220,169,68,71,172,62,193,249,5,102,61,143,28,248,133,231,3,77,200,245,102,129,255,244,124,102,247,196,161,39,137,85,212,128,194,55,102,14.0,19.0,4.0,0.211,1.0,1,30.0,0
0,0,0,0,0,0,0,0,732347,4194304,4096,5,0,1703936,21504,1024,38400,1536,2097152,4096,4096,7,6,0.538,3,7,0,3,7,0,0,1,0,1,1,0,1.0,10,10,1.299,0.0,0,0.0,0.0,4.883,2.631,4.079,7.815,104,68,252,158,225,232,101,28,0,0,102,15,182,69,2,138,84,37,0,246,193,103,245,129,237,2,0,0,0,246,234,233,106,87,255,255,143,68,37,0,233,252,146,0,0,32,24,97,20,35,12,236,48,197,28,97,32,35,8,236,40,197,56,97,14.0,19.0,4.0,0.211,1.0,1,30.0,0
1,0,1,0,0,0,0,1,981447,4194304,4096,5,1,2383872,60928,1024,68608,0,1048576,4096,4096,5,3,0.625,3,2,0,3,2,0,0,1,0,1,1,0,1.0,4,4,1.463,0.0,0,0.0,0.0,4.09,2.749,4.098,7.838,104,126,236,87,248,232,176,58,0,0,255,208,95,94,139,229,15,183,238,93,233,39,124,242,255,65,80,57,228,66,37,246,75,80,24,168,243,126,41,61,0,0,0,1,233,181,40,243,255,102,139,68,37,0,102,61,118,83,246,213,102,139,77,2,9.0,14.0,4.0,0.286,1.0,1,14.0,0
0,0,0,0,0,0,0,0,699226,4194304,4096,5,0,1691648,18944,1024,35840,1536,2097152,4096,4096,7,6,0.538,3,7,0,3,7,0,0,1,0,1,1,0,1.0,10,10,1.27,0.0,0,0.0,0.0,4.882,2.614,4.072,7.816,104,233,136,77,255,232,66,66,255,255,248,247,209,249,35,209,233,130,136,255,255,201,79,18,130,143,146,240,87,31,190,246,78,12,143,217,88,15,165,147,162,235,92,1,133,243,70,40,206,96,95,76,87,3,239,13,216,50,154,249,73,16,169,142,16.0,21.0,4.0,0.19,1.0,1,30.0,0
1,0,1,0,0,0,0,1,861894,16777216,4096,6,1,1949696,18944,1024,8192,0,262144,8192,4096,4,3,0.571,3,2,0,3,2,0,0,1,0,1,1,0,1.0,3,3,1.48,0.0,0,0.0,0.0,3.855,2.741,4.25,7.843,104,184,232,29,116,232,192,177,243,255,58,28,165,56,99,40,94,48,45,12,205,4,165,8,99,44,94,60,45,0,205,32,165,24,99,28,232,52,182,32,56,94,32,152,178,85,24,148,32,56,45,124,7,18,1,170,151,236,29,119,169,24,125,24,11.0,16.0,4.0,0.25,1.0,1,20.0,0
0,0,0,0,0,0,0,0,694930,4194304,4096,5,0,1667072,11776,1024,25600,1536,2097152,4096,4096,7,6,0.538,3,7,0,3,7,0,0,1,0,1,1,0,1.0,10,10,1.164,0.0,0,0.0,0.0,4.891,2.601,4.069,7.783,104,95,136,78,167,232,230,80,255,255,15,132,8,0,0,0,58,193,15,132,244,230,255,255,95,245,248,94,91,249,102,133,226,58,200,233,34,73,246,255,233,241,89,255,255,15,133,205,239,246,255,94,247,215,233,22,4,247,255,0,0,71,101,116,10.0,15.0,4.0,0.267,1.0,1,30.0,0
0,0,0,0,0,0,0,0,687660,4194304,4096,5,0,1654784,6656,1024,18432,1536,2097152,4096,4096,7,6,0.538,3,7,0,3,7,0,0,1,0,1,1,0,1.0,10,10,1.267,0.0,0,0.0,0.0,4.909,2.613,4.047,7.759,104,217,219,163,147,232,242,186,255,255,71,247,199,26,93,55,112,248,102,133,220,129,242,199,30,38,61,233,122,187,9,0,35,0,134,20,115,40,103,32,69,44,60,28,0,4,234,8,207,16,186,56,169,16,134,4,115,0,42,24,42,44,218,80,13.0,18.0,4.0,0.222,1.0,1,30.0,0
0,0,1,0,0,0,0,1,797188,4194304,4096,5,1,1855488,78336,1024,64512,0,1048576,4096,4096,4,3,0.571,3,2,0,3,2,0,0,1,0,1,1,0,1.0,4,4,1.196,0.0,0,0.0,0.0,3.825,2.792,4.08,7.836,104,128,235,44,244,232,166,131,255,255,233,215,214,8,0,85,83,69,82,51,50,46,100,108,108,0,255,208,95,139,242,94,233,88,243,253,255,195,0,0,83,116,97,114,116,68,111,99,87,0,233,236,175,255,255,233,231,175,255,255,157,15,49,144,8.0,13.0,4.0,0.308,1.0,1,14.0,0
0,0,0,0,0,0,0,0,0,4194304,4096,5,0,3940352,1122304,1536,90112,0,1048576,8192,4096,7,3,0.7,3,3,0,3,3,0,0,1,0,1,1,0,1.0,7,7,1.052,0.0,0,0.0,0.0,4.951,2.686,3.825,7.9,104,1,112,147,3,232,82,84,0,0,174,176,217,39,214,41,240,90,125,76,88,0,163,158,143,68,37,0,233,38,59,247,255,173,176,222,22,202,46,196,104,96,67,122,6,184,251,121,51,255,73,46,247,249,0,104,22,0,79,33,23,87,253,167,14.0,20.0,4.0,0.2,1.0,1,14.0,0
1,0,1,0,0,0,0,1,818947,16777216,4096,6,1,1912832,9216,1024,3584,0,262144,8192,4096,4,3,0.571,3,2,0,3,2,0,0,1,0,1,1,0,1.001,3,3,1.438,0.0,0,0.0,0.0,4.395,2.746,4.201,7.838,104,33,238,22,226,232,215,102,1,0,137,124,37,0,233,118,135,0,0,70,245,60,9,233,35,171,1,0,137,76,37,0,233,70,181,1,0,252,233,104,119,255,255,233,214,21,2,0,102,137,59,233,36,108,11,0,2,8,221,32,218,0,193,12,7.0,12.0,4.0,0.333,1.0,1,20.0,0
0,0,0,0,0,0,0,0,684511,4194304,4096,5,0,1748992,24576,4096,122880,0,1048576,4096,4096,3,3,0.5,3,2,0,3,2,0,0,1,0,1,1,0,1.004,4,4,3.459,0.0,0,0.0,0.0,-1,2.503,3.838,7.777,104,26,54,91,122,232,223,43,246,255,152,20,229,60,233,24,238,32,254,56,43,44,68,48,152,36,229,12,233,40,238,8,20,206,170,83,36,90,4,222,80,0,52,172,254,4,43,28,27,32,52,27,28,27,28,14,68,8,175,152,0,130,194,182,8.0,13.0,4.0,0.308,1.0,1,-1,0
0,0,1,0,0,0,0,1,766281,4194304,4096,5,1,1896448,138240,1024,69632,0,1048576,4096,4096,4,3,0.571,3,2,0,3,2,0,0,1,0,1,1,0,1.0,4,4,1.116,0.0,0,0.0,0.0,3.85,2.75,3.854,7.777,104,78,212,88,196,232,94,101,248,255,247,226,233,53,20,248,255,102,15,201,139,77,220,233,217,201,0,0,32,20,90,24,68,0,20,36,199,12,130,32,103,44,90,52,68,48,20,60,199,32,130,32,103,20,29,16,29,26,220,57,83,83,0,17,9.0,14.0,4.0,0.286,1.0,1,14.0,0
1,0,1,0,0,0,0,1,847918,16777216,4096,6,1,1974272,24576,1024,5120,0,262144,8192,4096,4,3,0.571,3,2,0,3,2,0,0,1,0,1,1,0,1.0,3,3,1.438,0.0,0,0.0,0.0,4.388,2.773,4.253,7.845,104,45,36,143,88,232,2,187,1,0,102,139,84,37,0,210,216,211,200,102,35,194,141,173,2,0,0,0,129,238,1,0,0,0,102,139,197,233,234,83,246,255,150,209,23,136,159,139,189,247,77,2,132,247,104,140,141,216,9,173,32,179,248,87,9.0,14.0,4.0,0.286,1.0,1,20.0,0
0,0,0,0,0,0,0,0,821030,4194304,4096,5,0,2011136,67584,1024,43520,0,1048576,4096,4096,4,3,0.571,3,2,0,3,2,0,0,1,0,1,1,0,1.0,4,4,1.103,0.0,0,0.0,0.0,5.461,2.66,3.999,7.829,104,43,121,225,127,232,116,191,255,255,36,141,175,239,116,86,12,217,23,154,207,6,164,7,150,222,14,221,17,244,69,75,14,179,109,43,203,102,59,236,249,245,193,249,5,102,133,207,141,12,57,102,247,223,139,125,200,102,169,209,42,141,20,18,12.0,17.0,4.0,0.235,1.0,1,38.0,0
0,0,0,0,0,0,0,0,716626,4194304,4096,5,0,1646592,10240,1024,23552,1536,2097152,4096,4096,7,6,0.538,3,7,0,3,7,0,0,1,0,1,1,0,1.001,10,10,1.146,0.0,0,0.0,0.0,4.891,2.565,3.974,7.743,104,251,78,239,52,232,12,5,0,0,137,93,8,233,65,189,0,0,233,67,238,255,255,156,233,232,59,0,0,15,133,88,171,255,255,139,69,8,153,59,228,249,1,1,17,81,4,233,185,94,0,0,102,139,124,37,0,138,77,2,102,133,237,102,13.0,18.0,4.0,0.222,1.0,1,30.0,0
0,0,0,0,0,0,0,0,759048,4194304,4096,5,0,1728512,23040,1024,44032,2560,2097152,4096,4096,7,6,0.538,3,7,0,3,7,0,0,1,0,1,1,0,1.0,10,10,1.115,0.0,0,0.0,0.0,4.89,2.652,4.127,7.826,104,211,16,95,186,232,191,241,254,255,137,85,4,233,124,204,0,0,233,221,119,255,255,69,24,128,40,140,12,161,36,186,20,224,56,238,48,53,16,69,4,128,44,140,32,234,166,168,139,52,26,96,32,80,0,3,19,161,0,162,29,203,220,67,15.0,20.0,4.0,0.2,1.0,1,30.0,0
0,0,0,0,0,0,0,0,731820,4194304,4096,5,0,2023424,52224,1024,14848,332800,2097152,4096,4096,6,4,0.6,3,5,0,3,5,0,0,1,0,1,1,0,1.001,7,7,1.32,0.0,0,0.0,0.0,2.928,2.632,3.442,7.761,104,85,243,137,171,232,9,181,0,0,36,16,238,24,236,8,187,60,147,56,140,28,65,36,12,12,252,52,238,48,236,40,187,48,147,16,20,16,20,23,74,38,160,93,0,25,211,121,94,0,25,0,20,167,11,34,160,93,0,25,105,210,199,82,5.0,10.0,5.0,0.5,1.0,1,20.0,0
0,0,0,0,0,0,0,0,702324,4194304,4096,5,0,5496832,16384,1024,30720,3814912,2097152,4096,4096,7,6,0.538,3,7,0,3,7,0,0,1,0,1,1,0,1.0,10,10,1.091,0.0,0,0.0,0.0,4.891,2.672,1.483,7.828,104,44,78,102,231,232,117,221,253,255,85,19,235,102,129,245,173,42,139,236,133,245,102,247,198,157,14,141,100,36,248,249,102,247,199,131,28,102,59,247,51,192,83,87,248,102,247,197,85,14,57,69,8,233,134,156,254,255,102,139,124,37,0,210,13.0,18.0,4.0,0.222,1.0,1,30.0,0
0,0,0,0,0,0,0,0,666857,4194304,4096,5,0,1654784,12288,1024,26624,1536,2097152,4096,4096,7,6,0.538,3,7,0,3,7,0,0,1,0,1,1,0,1.0,10,10,1.073,0.0,0,0.0,0.0,4.895,2.619,3.98,7.734,104,236,100,193,254,232,105,179,248,255,45,12,48,16,224,24,120,60,48,48,224,52,120,56,48,0,224,36,120,20,48,28,224,20,120,12,5,8,5,56,1,99,213,79,0,130,23,189,147,0,119,28,5,8,5,20,5,36,5,0,5,56,5,52,14.0,19.0,4.0,0.211,1.0,1,30.0,0
1,0,1,0,0,0,0,1,888725,16777216,4096,6,1,1937408,4096,1024,72192,0,262144,8192,4096,4,3,0.571,3,2,0,3,2,0,0,1,0,1,1,0,1.0,3,3,1.471,0.0,0,0.0,0.0,7.127,2.794,4.247,7.779,104,182,108,169,103,232,100,243,253,255,137,31,233,126,113,8,0,46,20,87,24,51,36,210,48,87,60,51,28,210,4,87,32,51,12,39,104,0,235,55,200,8,39,104,52,235,55,198,0,39,104,16,210,244,6,17,1,222,0,62,94,10,137,44,9.0,14.0,4.0,0.286,1.0,1,68.0,0
1,0,1,0,0,0,0,1,972063,4194304,4096,5,1,2256896,18432,1024,48128,0,1048576,4096,4096,5,3,0.625,3,2,0,3,2,0,0,1,0,1,1,0,1.001,4,4,1.463,0.0,0,0.0,0.0,5.92,2.762,4.068,7.799,104,241,89,67,221,232,148,251,255,255,233,86,175,1,0,1,226,106,38,230,126,117,80,97,137,77,200,233,131,251,1,0,195,0,0,71,101,116,77,111,100,117,108,101,72,97,110,100,108,101,65,0,129,238,1,0,0,0,15,201,15,182,14,102,12.0,17.0,4.0,0.235,1.0,1,98.0,0
0,0,0,0,0,0,0,0,760866,4194304,4096,5,0,1720320,19456,1024,34304,1536,2097152,4096,4096,7,6,0.538,3,7,0,3,7,0,0,1,0,1,1,0,1.001,10,10,1.082,0.0,0,0.0,0.0,4.914,2.612,4.16,7.835,104,13,152,97,172,232,137,162,1,0,255,36,42,40,194,8,156,48,131,28,100,52,42,44,194,4,156,32,131,12,100,8,42,28,194,36,180,56,166,75,225,102,64,79,0,204,180,183,4,118,127,60,111,30,211,98,64,79,0,49,202,195,103,36,13.0,18.0,4.0,0.222,1.0,1,30.0,0
1,0,1,0,0,0,0,1,1020589,4194304,4096,5,1,2494464,80384,1024,135680,0,1048576,4096,4096,5,3,0.625,3,2,0,3,2,0,0,1,0,1,1,0,1.0,4,4,1.446,0.0,0,0.0,0.0,3.841,2.825,4.002,7.816,104,157,123,116,137,232,252,33,254,255,137,69,4,233,108,131,254,255,147,219,2,162,195,51,204,82,10,188,233,57,229,121,103,115,115,121,72,64,91,41,206,85,49,233,87,61,202,104,125,98,185,186,254,152,190,114,137,208,31,154,203,33,212,126,11.0,16.0,4.0,0.25,1.0,1,14.0,0
0,0,0,0,0,0,0,0,755262,4194304,4096,5,0,1712128,25600,1024,43520,1536,2097152,4096,4096,7,6,0.538,3,7,0,3,7,0,0,1,0,1,1,0,1.001,10,10,1.199,0.0,0,0.0,0.0,4.891,2.628,4.067,7.796,104,159,254,21,0,232,231,76,255,255,139,93,252,102,255,207,133,244,102,59,220,141,60,48,249,246,194,52,3,251,246,197,5,233,53,207,246,255,102,247,199,134,109,102,133,253,129,237,2,0,0,0,132,229,210,227,102,137,93,4,156,233,100,110,14.0,19.0,4.0,0.211,1.0,1,30.0,0
0,0,1,0,0,0,0,1,758967,4194304,4096,5,1,1912832,137216,1024,66560,0,1048576,4096,4096,4,3,0.571,3,2,0,3,2,0,0,1,0,1,1,0,1.0,4,4,1.129,0.0,0,0.0,0.0,3.798,2.755,3.94,7.792,104,170,170,208,51,232,18,186,1,0,115,3,175,208,27,147,239,95,19,174,229,98,144,190,170,241,98,116,68,40,122,121,29,190,219,61,184,239,83,6,163,134,252,60,255,20,39,52,62,4,100,40,148,48,252,12,255,24,39,28,62,32,100,16,9.0,14.0,4.0,0.286,1.0,1,14.0,0
1,0,1,0,0,0,0,1,1064513,4194304,4096,5,1,2850816,99840,1024,400896,0,1048576,4096,4096,5,3,0.625,3,2,0,3,2,0,0,1,0,1,1,0,1.0,4,4,1.43,0.0,0,0.0,0.0,3.786,2.893,3.785,7.858,104,91,237,180,34,232,127,62,1,0,137,84,37,0,233,63,62,1,0,104,91,239,69,181,232,108,62,1,0,104,91,239,115,74,232,98,62,1,0,47,180,215,6,252,125,104,85,52,218,4,237,91,61,213,32,234,35,102,15,182,92,37,0,138,10.0,15.0,4.0,0.267,1.0,1,14.0,0
0,0,0,0,0,0,0,0,0,4194304,4096,5,0,11526144,4730368,1024,2393600,0,1048576,16384,4096,8,5,0.615,4,6,0,4,6,0,0,1,0,1,1,0,1.0,10,10,1.119,0.0,0,0.0,0.0,5.405,2.768,3.402,7.96,104,254,200,57,8,232,88,66,0,0,71,101,124,85,47,212,112,95,37,172,255,108,87,126,78,82,97,139,69,4,128,226,133,15,158,194,102,15,189,208,139,84,37,0,129,237,4,0,0,0,248,102,247,197,100,67,247,226,233,239,150,1,0,233,29.0,35.0,6.0,0.171,1.0,1,38.0,0
0,0,0,0,0,0,0,0,741227,4194304,4096,5,0,1736704,16896,1024,31744,27136,2097152,4096,4096,7,6,0.538,3,7,0,3,7,0,0,1,0,1,1,0,1.0,10,10,1.061,0.0,0,0.0,0.0,4.898,2.642,4.101,7.834,104,255,235,142,5,232,144,78,255,255,25,12,253,60,216,32,113,24,99,44,50,0,253,28,216,8,113,40,99,4,50,20,253,8,216,12,2,36,143,163,102,4,244,79,0,221,137,251,64,16,117,48,133,12,118,4,2,40,143,8,133,28,118,0,14.0,19.0,4.0,0.211,1.0,1,30.0,0
0,0,1,0,0,0,0,1,4528592,4194304,4096,5,1,11837440,1693696,1024,4558848,0,1048576,4096,4096,4,3,0.571,3,2,0,3,2,0,0,1,0,1,1,0,1.0,4,4,1.004,0.0,0,0.0,0.0,5.204,2.9,3.883,7.959,104,22,221,86,43,232,175,86,12,0,233,135,156,0,0,39,16,155,40,39,12,155,28,39,20,155,8,39,52,155,60,39,44,155,48,39,56,18,40,5,64,223,123,39,60,188,155,175,0,1,239,155,56,6,39,36,155,32,18,32,18,12,18,12,21.0,27.0,4.0,0.148,2.0,1,298.0,0
0,0,0,0,0,0,0,0,835495,4194304,4096,5,0,1970176,24576,4096,77824,0,1048576,4096,4096,4,3,0.571,3,2,0,3,2,0,0,1,0,1,1,0,1.0,4,4,2.688,0.0,0,0.0,0.0,2.752,2.565,4.013,7.797,104,162,215,153,209,232,254,225,1,0,233,84,88,0,0,54,136,10,233,123,98,1,0,0,0,83,104,101,108,108,95,78,111,116,105,102,121,73,99,111,110,87,0,233,51,88,0,0,232,154,66,246,255,141,100,36,4,249,245,102,129,254,92,109,11.0,16.0,4.0,0.25,1.0,1,28.0,0
1,0,1,0,0,0,0,1,941780,4194304,4096,5,1,2191360,82432,1024,77824,0,1048576,4096,4096,5,3,0.625,3,2,0,3,2,0,0,1,0,1,1,0,1.0,4,4,1.391,0.0,0,0.0,0.0,3.778,2.818,4.11,7.837,104,114,97,235,131,232,166,235,10,0,156,233,211,86,0,0,146,227,25,220,104,36,228,152,97,252,68,36,135,139,68,37,0,138,85,4,129,197,6,0,0,0,233,185,239,10,0,155,194,46,237,121,1,187,197,44,152,139,108,37,0,233,143,17,9.0,14.0,4.0,0.286,1.0,1,14.0,0
1,0,1,0,0,0,0,1,883648,16777216,4096,6,1,1941504,11776,1024,4608,0,262144,8192,4096,4,3,0.571,3,2,0,3,2,0,0,1,0,1,1,0,1.0,3,3,1.362,0.0,0,0.0,0.0,4.302,2.787,4.274,7.852,104,89,68,35,161,232,45,122,245,255,143,68,37,0,233,246,148,245,255,233,218,82,244,255,15,142,40,95,255,255,139,77,252,233,66,95,245,255,139,68,37,0,245,248,129,197,4,0,0,0,80,132,208,157,233,106,212,244,255,233,34,117,245,255,8.0,13.0,4.0,0.308,1.0,1,20.0,0
0,0,0,0,0,0,0,0,704163,4194304,4096,5,0,1728512,30720,1024,45056,41472,2097152,4096,4096,6,5,0.545,3,7,0,3,7,0,0,1,0,1,1,0,1.001,9,9,1.334,0.0,0,0.0,0.0,-1,2.632,3.992,7.789,104,161,168,11,224,232,41,187,0,0,15,132,78,84,8,0,128,249,46,233,32,58,8,0,248,249,193,224,8,233,56,135,0,0,233,63,107,0,0,139,68,37,0,102,211,234,246,222,102,135,210,102,139,16,248,129,197,2,0,0,0,233,219,22,7.0,12.0,4.0,0.333,1.0,1,-1,0
0,0,0,0,0,0,0,0,715858,4194304,4096,5,0,1691648,19456,1024,35328,1536,2097152,4096,4096,7,6,0.538,3,7,0,3,7,0,0,1,0,1,1,0,1.0,10,10,1.03,0.0,0,0.0,0.0,4.882,2.64,4.066,7.801,104,128,167,45,158,232,116,146,255,255,37,12,45,20,131,4,107,0,45,32,131,52,107,44,45,8,131,28,107,24,45,24,131,60,107,12,2,36,170,189,119,106,59,81,0,242,119,171,218,255,63,48,81,48,2,24,170,28,81,8,2,44,170,52,14.0,19.0,4.0,0.211,1.0,1,30.0,0
0,0,0,0,0,0,0,0,713828,4194304,4096,5,0,1671168,37888,1024,15872,3072,2097152,4096,4096,5,4,0.556,3,5,0,3,5,0,0,1,0,1,1,0,1.001,6,6,128.0,0.0,0,0.0,0.0,-1,2.556,4.017,7.794,104,99,230,134,122,232,209,201,255,255,146,0,7,4,146,24,7,44,146,20,7,28,146,48,7,8,146,60,7,16,146,32,218,4,127,215,18,128,255,163,91,49,87,0,30,29,7,52,29,146,52,19,7,36,246,36,251,24,54,8,75,8,146,16,6.0,11.0,4.0,0.364,1.0,1,-1,0
0,0,0,0,0,0,0,0,700420,4194304,4096,5,0,1695744,17408,1024,31744,1536,2097152,4096,4096,7,6,0.538,3,7,0,3,7,0,0,1,0,1,1,0,1.001,10,10,1.094,0.0,0,0.0,0.0,4.898,2.585,4.096,7.792,104,240,118,95,216,232,57,243,1,0,102,139,92,37,0,15,159,193,249,138,77,2,249,129,254,53,105,57,76,141,173,254,255,255,255,102,211,227,233,14,230,0,0,95,159,94,102,15,75,223,159,184,1,0,0,0,15,191,220,102,15,203,247,211,13.0,18.0,4.0,0.222,1.0,1,30.0,0
0,0,0,0,0,0,0,0,686612,4194304,4096,5,0,1716224,30720,1024,45056,41472,2097152,4096,4096,6,5,0.545,3,7,0,3,7,0,0,1,0,1,1,0,1.0,9,9,1.312,0.0,0,0.0,0.0,-1,2.635,3.97,7.809,104,72,204,106,165,232,24,20,0,0,129,250,4,1,0,0,233,146,39,1,0,60,2,233,25,238,8,0,233,139,70,0,0,43,193,210,210,192,234,253,43,241,139,77,200,102,139,209,245,102,129,255,61,48,249,102,193,234,5,102,133,255,102,43,7.0,12.0,4.0,0.333,1.0,1,-1,0
1,0,1,0,0,0,0,1,1508650,16777216,4096,6,1,2912256,99328,1024,487424,0,262144,8192,4096,4,3,0.571,3,2,0,3,2,0,0,1,0,1,1,0,1.0,3,3,1.446,0.0,0,0.0,0.0,6.036,2.897,4.538,7.875,104,189,206,7,179,232,150,200,253,255,102,137,69,4,233,105,120,255,255,156,233,82,37,253,255,102,137,85,4,233,144,177,255,255,233,243,200,253,255,137,85,4,233,238,29,254,255,233,123,40,253,255,15,130,5,0,0,0,43,240,131,207,1,131,15.0,20.0,4.0,0.2,1.0,1,220.0,0
0,0,0,0,0,0,0,0,776585,4194304,4096,5,0,1941504,55808,1024,44032,0,1048576,4096,4096,4,3,0.571,3,2,0,3,2,0,0,1,0,1,1,0,1.0,4,4,1.138,0.0,0,0.0,0.0,5.236,2.571,3.879,7.754,104,210,41,74,170,232,130,65,0,0,230,56,44,36,44,0,44,16,44,20,44,4,44,28,44,44,44,40,44,48,44,36,44,44,44,56,35,32,35,91,177,92,196,82,0,37,13,17,63,134,37,12,35,75,11,88,196,82,0,37,50,62,230,51,11.0,16.0,4.0,0.25,1.0,1,62.0,0
0,0,0,0,0,0,0,0,702328,4194304,4096,5,0,1646592,9216,1024,23040,1536,2097152,4096,4096,7,6,0.538,3,7,0,3,7,0,0,1,0,1,1,0,1.0,10,10,1.146,0.0,0,0.0,0.0,4.903,2.573,3.959,7.734,104,250,191,42,129,232,116,14,1,0,49,157,187,217,59,133,183,212,39,244,124,1,27,134,188,214,22,159,165,195,52,171,52,47,156,137,210,112,40,176,185,217,3,129,180,207,40,231,119,102,139,229,40,176,173,217,3,153,166,195,52,235,100,117,10.0,15.0,4.0,0.267,1.0,1,30.0,0
0,0,0,0,0,0,0,0,644417,4194304,4096,5,0,1626112,12288,1024,27136,2048,2097152,4096,4096,7,6,0.538,3,7,0,3,7,0,0,1,0,1,1,0,1.0,10,10,1.061,0.0,0,0.0,0.0,4.884,2.625,3.873,7.713,104,108,135,236,232,232,150,96,8,0,62,137,147,138,161,194,30,224,119,70,37,247,118,90,123,177,171,143,210,38,232,76,91,39,144,102,152,15,183,208,59,206,233,10,121,1,0,33,60,33,20,33,36,33,24,33,8,33,44,33,48,33,4,33,14.0,19.0,4.0,0.211,1.0,1,30.0,0
0,0,0,0,0,0,0,0,682628,4194304,4096,5,0,1650688,7680,1024,20480,1536,2097152,4096,4096,7,6,0.538,3,7,0,3,7,0,0,1,0,1,1,0,1.001,10,10,1.243,0.0,0,0.0,0.0,4.915,2.602,4.04,7.793,104,39,140,78,171,232,195,105,1,0,137,162,245,68,54,218,52,244,50,243,67,53,199,82,36,13,169,207,40,19,139,171,31,145,228,151,189,255,105,124,99,17,137,77,200,192,205,209,102,15,68,205,233,167,99,255,255,104,111,80,69,171,232,138,10.0,15.0,4.0,0.267,1.0,1,30.0,0
0,0,0,0,0,0,0,0,767690,4194304,4096,5,0,1736704,16384,1024,31232,1536,2097152,4096,4096,7,6,0.538,3,7,0,3,7,0,0,1,0,1,1,0,1.0,10,10,1.088,0.0,0,0.0,0.0,4.904,2.627,4.255,7.876,104,62,88,59,18,232,132,86,245,255,21,32,244,56,224,20,196,52,179,0,144,24,136,40,125,48,32,16,244,8,224,28,196,4,179,32,68,60,31,159,38,82,15,90,0,230,46,161,130,99,231,12,239,28,229,52,199,8,178,48,173,16,162,0,13.0,18.0,4.0,0.222,1.0,1,30.0,0
0,0,0,0,0,0,0,0,859068,4194304,4096,5,0,2113536,28672,4096,139264,0,1048576,4096,4096,4,3,0.571,3,2,0,3,2,0,0,1,0,1,1,0,1.004,4,4,2.207,0.0,0,0.0,0.0,3.72,2.59,4.037,7.852,104,71,173,173,1,232,76,4,0,0,135,228,118,76,103,109,111,115,111,120,87,131,243,103,98,113,98,76,127,117,91,30,200,38,16,148,218,18,167,192,29,156,233,162,195,255,255,249,16,167,36,18,0,167,4,18,32,167,52,18,20,167,24,18,15.0,20.0,5.0,0.25,1.0,1,82.0,0
0,0,0,0,0,0,0,0,0,4194304,4096,5,0,2088960,23040,1024,120832,1024,1048576,4096,4096,4,4,0.5,3,3,0,3,3,0,0,1,0,1,1,0,1.0,5,5,1.011,0.0,0,0.0,0.0,5.488,2.56,3.944,7.873,104,79,181,208,127,232,201,1,1,0,138,214,19,138,247,84,42,181,25,159,136,202,44,233,111,80,75,233,87,48,246,255,245,60,65,233,195,47,1,0,158,214,19,136,242,95,6,146,21,136,185,175,102,137,85,4,156,143,68,37,0,233,120,189,11.0,16.0,5.0,0.312,1.0,1,58.0,0
0,0,0,0,0,0,0,0,752395,4194304,4096,5,0,1691648,10240,1024,24064,1536,2097152,4096,4096,7,6,0.538,3,7,0,3,7,0,0,1,0,1,1,0,1.0,10,10,1.103,0.0,0,0.0,0.0,4.887,2.595,4.121,7.814,104,26,183,57,120,232,182,37,254,255,15,132,51,125,254,255,136,20,3,233,169,29,255,255,15,133,247,173,254,255,137,87,8,58,199,199,71,4,0,0,0,0,248,128,249,9,15,130,118,80,255,255,15,182,209,208,244,152,184,57,142,227,56,245,13.0,18.0,4.0,0.222,1.0,1,30.0,0
1,0,1,0,0,1,0,1,1097498,4194304,86016,5,1,2646016,188416,1024,77312,0,1048576,4096,4096,8,6,0.571,3,4,0,3,4,0,0,1,0,1,1,0,1.0,10,10,1.438,0.0,0,0.0,0.0,3.295,2.226,3.993,7.844,104,192,76,34,63,232,238,191,254,255,28,4,29,48,29,20,29,16,29,28,29,40,29,36,29,56,29,24,29,44,29,24,29,8,29,4,122,4,88,33,48,29,0,82,33,89,12,65,33,48,29,36,220,90,0,169,210,78,0,0,71,52,42,8,9.0,14.0,4.0,0.286,1.0,1,58.0,0
0,0,0,0,0,0,0,0,760387,4194304,4096,5,0,1703936,13824,1024,31232,1536,2097152,4096,4096,7,6,0.538,3,7,0,3,7,0,0,1,0,1,1,0,1.001,10,10,1.28,0.0,0,0.0,0.0,4.897,2.618,4.116,7.82,104,225,146,145,226,232,85,151,0,0,23,24,243,36,155,40,57,52,243,8,155,60,57,56,243,48,155,28,21,74,28,234,59,56,4,205,15,28,134,225,56,9,83,79,0,183,31,89,251,245,79,20,57,181,32,105,212,0,21,206,56,5,83,79,14.0,19.0,4.0,0.211,1.0,1,30.0,0
1,0,1,0,0,0,0,1,2582377,4194304,4096,5,1,6791168,586240,1024,2263040,0,1048576,4096,4096,5,3,0.625,3,2,0,3,2,0,0,1,0,1,1,0,1.0,4,4,1.391,0.0,0,0.0,0.0,3.751,2.879,3.829,7.932,104,108,243,66,25,232,251,28,0,0,45,8,212,4,202,12,201,48,155,16,150,44,69,0,16,60,212,36,202,32,201,36,155,40,150,8,48,8,48,15,4,69,40,48,15,160,20,48,15,4,16,184,242,129,0,175,12,27,116,213,84,8,48,24,18.0,24.0,4.0,0.167,1.0,1,26.0,0
0,0,0,0,0,0,0,0,725415,4194304,4096,5,0,1675264,10752,1024,24576,1536,2097152,4096,4096,7,6,0.538,3,7,0,3,7,0,0,1,0,1,1,0,1.001,10,10,1.091,0.0,0,0.0,0.0,4.889,2.608,4.061,7.817,104,32,130,9,47,232,198,54,255,255,143,68,37,0,233,231,195,247,255,15,183,7,102,11,202,15,189,207,15,183,200,102,133,243,102,247,195,6,24,193,233,4,129,253,137,44,46,49,3,12,51,233,46,53,255,255,139,68,37,0,138,77,4,141,13.0,18.0,4.0,0.222,1.0,1,30.0,0
0,0,0,0,0,0,0,0,770426,4194304,4096,5,0,1716224,16384,1024,31744,2560,2097152,4096,4096,7,6,0.538,3,7,0,3,7,0,0,1,0,1,1,0,1.0,10,10,1.025,0.0,0,0.0,0.0,4.896,2.613,4.176,7.827,104,64,56,166,255,232,210,54,246,255,82,91,54,192,5,249,127,71,5,179,2,237,15,133,181,167,255,255,139,68,37,0,255,208,139,108,37,252,233,2,131,247,255,1,1,233,116,143,255,255,81,71,38,200,27,245,110,90,17,179,24,136,159,246,15.0,20.0,4.0,0.2,1.0,1,30.0,0
0,0,0,0,0,0,0,0,719199,4194304,4096,5,0,1667072,7680,1024,19968,1536,2097152,4096,4096,7,6,0.538,3,7,0,3,7,0,0,1,0,1,1,0,1.0,10,10,1.251,0.0,0,0.0,0.0,4.906,2.575,4.094,7.805,104,238,181,54,144,232,123,238,255,255,156,233,60,186,8,0,139,84,37,0,102,139,26,129,197,2,0,0,0,102,137,92,37,0,233,84,122,255,255,139,68,37,0,139,125,4,129,197,8,0,0,0,233,122,208,7,0,255,208,139,108,37,252,137,9.0,14.0,4.0,0.286,1.0,1,30.0,0
0,0,0,0,0,0,0,0,695354,4194304,4096,5,0,1691648,17408,1024,33280,2560,2097152,4096,4096,7,6,0.538,3,7,0,3,7,0,0,1,0,1,1,0,1.0,10,10,1.027,0.0,0,0.0,0.0,4.893,2.637,4.031,7.765,104,196,56,168,160,232,255,235,255,255,223,52,180,0,171,12,157,48,134,24,131,36,127,32,18,4,191,44,180,60,171,0,157,0,134,52,56,16,56,183,1,218,148,88,0,153,252,118,171,218,132,28,56,8,56,60,56,44,56,4,56,32,56,36,13.0,18.0,4.0,0.222,1.0,1,30.0,0
0,0,1,0,0,0,0,1,766613,4194304,4096,5,1,1855488,97280,1024,73728,0,1048576,4096,4096,4,3,0.571,3,2,0,3,2,0,0,1,0,1,1,0,1.0,4,4,1.157,0.0,0,0.0,0.0,3.779,2.797,3.966,7.819,104,76,236,180,128,232,34,238,246,255,38,48,222,44,38,52,222,12,38,16,222,24,38,4,222,8,38,0,222,36,38,28,126,111,206,141,213,187,34,137,81,0,146,232,222,56,38,20,123,28,177,20,229,0,53,8,123,4,177,24,229,16,53,12,8.0,13.0,4.0,0.308,1.0,1,14.0,0
0,0,0,0,0,0,0,1,706070,268435456,4096,5,0,1622016,18944,1024,4096,0,1048576,8192,4096,3,3,0.5,3,2,0,3,2,0,0,1,0,1,1,0,1.001,3,3,1.196,0.0,0,0.0,0.0,4.295,2.691,4.03,7.787,104,246,16,114,198,232,82,239,6,0,135,229,125,87,35,194,112,115,80,13,223,108,155,236,106,71,35,250,101,66,92,0,212,8,163,241,111,26,16,236,96,99,102,107,154,212,213,52,232,20,2,4,94,48,196,56,210,12,212,16,213,36,232,32,8.0,13.0,4.0,0.308,1.0,1,14.0,0
0,0,0,0,0,0,0,0,754159,4194304,4096,5,0,1683456,9728,1024,23040,1536,2097152,4096,4096,7,6,0.538,3,7,0,3,7,0,0,1,0,1,1,0,1.0,10,10,1.15,0.0,0,0.0,0.0,4.885,2.602,4.086,7.768,104,164,10,80,255,232,43,9,255,255,15,132,13,0,0,0,66,129,250,4,1,0,0,15,130,187,63,246,255,141,141,252,254,255,255,102,15,200,233,218,118,0,0,92,36,40,52,40,8,40,12,40,32,40,16,40,60,40,0,40,4,40,40,40,9.0,14.0,4.0,0.286,1.0,1,30.0,0
1,0,1,0,0,0,0,1,778073,16777216,4096,6,1,1884160,16896,1024,10240,0,262144,8192,4096,4,3,0.571,3,2,0,3,2,0,0,1,0,1,1,0,1.0,3,3,1.399,0.0,0,0.0,0.0,4.398,2.786,4.021,7.744,104,167,69,200,234,232,136,33,255,255,141,173,254,255,255,255,245,249,246,209,59,224,132,209,246,208,133,239,34,200,233,49,192,246,255,35,175,248,30,190,221,37,168,16,148,218,58,169,222,26,190,245,10,173,25,241,139,69,248,15,131,202,127,0,7.0,12.0,4.0,0.333,1.0,1,20.0,0
0,0,0,0,0,0,0,0,751227,4194304,4096,5,0,2043904,43008,1024,61440,318976,2097152,4096,4096,7,6,0.538,3,7,0,3,7,0,0,1,0,1,1,0,1.0,10,10,1.164,0.0,0,0.0,0.0,4.904,2.701,3.504,7.78,104,137,226,84,0,232,36,220,246,255,15,131,158,219,246,255,139,194,128,246,137,186,0,8,0,0,133,229,247,196,117,56,215,40,43,211,193,250,5,3,215,139,250,102,15,190,215,102,193,242,63,139,85,244,132,223,102,137,60,17,11,204,102,15,16.0,21.0,4.0,0.19,1.0,1,30.0,0
0,0,0,0,0,0,0,0,714907,4194304,4096,5,0,1687552,29696,1024,48128,6144,2097152,4096,4096,7,6,0.538,3,7,0,3,7,0,0,1,0,1,1,0,1.001,10,10,1.027,0.0,0,0.0,0.0,4.894,2.63,3.918,7.768,104,84,103,238,115,232,106,220,255,255,112,0,41,52,82,36,112,4,41,12,82,20,112,40,41,32,82,44,112,60,41,16,184,52,8,55,131,218,255,8,221,184,88,0,27,14,82,8,14,112,28,156,41,48,231,48,21,4,121,12,184,12,82,36,13.0,18.0,4.0,0.222,1.0,1,30.0,0
0,0,0,0,0,0,0,0,730670,4194304,4096,5,0,1777664,16896,1024,31232,57856,2097152,4096,4096,7,6,0.538,3,7,0,3,7,0,0,1,0,1,1,0,1.001,10,10,1.107,0.0,0,0.0,0.0,4.893,2.639,4.057,7.841,104,238,225,244,31,232,101,206,255,255,118,6,178,207,121,71,61,248,69,41,223,98,80,78,5,167,219,113,50,137,69,4,233,115,105,254,255,195,60,177,4,22,16,177,12,22,32,177,28,22,8,177,56,22,40,177,0,22,48,177,36,22,60,224,13.0,18.0,4.0,0.222,1.0,1,30.0,0
1,0,1,0,0,0,0,1,871819,4194304,4096,5,0,2121728,3072,1024,26112,0,1048576,4096,4096,5,3,0.625,3,2,0,3,2,0,0,1,0,1,1,0,1.0,4,4,1.414,0.0,0,0.0,0.0,3.302,2.673,4.021,7.777,104,6,204,211,167,232,24,223,254,255,15,135,124,41,255,255,139,249,233,37,49,1,0,136,17,233,49,203,254,255,233,251,107,1,0,241,28,18,60,187,56,159,16,142,52,76,24,18,4,187,0,159,40,142,8,76,48,18,48,187,28,33,36,33,9.0,14.0,4.0,0.286,1.0,1,38.0,0
0,0,0,0,0,0,0,0,722711,4194304,4096,5,0,1671168,10752,1024,24576,1536,2097152,4096,4096,7,6,0.538,3,7,0,3,7,0,0,1,0,1,1,0,1.0,10,10,1.088,0.0,0,0.0,0.0,4.892,2.603,4.051,7.797,104,22,103,92,198,232,120,103,255,255,233,3,97,255,255,139,108,37,0,233,5,79,255,255,157,248,79,48,130,184,192,22,233,108,109,137,149,167,158,137,69,4,233,86,113,0,0,143,68,37,0,233,150,223,255,255,137,125,220,233,154,46,247,255,13.0,18.0,4.0,0.222,1.0,1,30.0,0
0,0,0,0,0,0,0,0,895295,4194304,4096,5,0,2154496,69632,4096,126976,0,1048576,4096,4096,4,3,0.571,3,2,0,3,2,0,0,1,0,1,1,0,1.003,4,4,3.205,0.0,0,0.0,0.0,1.393,2.667,4.075,7.843,104,37,41,135,50,232,2,157,0,0,91,40,15,12,15,60,15,20,15,24,15,56,15,52,15,44,15,36,15,0,15,24,15,28,15,40,1,28,221,90,42,248,14,96,0,7,172,218,255,22,172,48,89,28,1,0,221,36,89,44,1,52,221,56,12.0,18.0,4.0,0.222,1.0,1,14.0,0
0,0,0,0,0,0,0,0,784527,4194304,4096,5,0,1904640,12800,1024,27648,2048,2097152,4096,4096,7,6,0.538,3,7,0,3,7,0,0,1,0,1,1,0,1.0,10,10,1.309,0.0,0,0.0,0.0,2.514,2.623,4.088,7.85,104,198,127,209,181,232,247,202,245,255,193,233,11,15,175,202,129,253,89,1,82,125,133,197,59,241,233,247,149,245,255,102,15,182,84,37,0,138,69,2,102,247,199,8,2,233,128,76,245,255,129,237,2,0,0,0,233,60,84,0,0,199,4,223,15.0,20.0,4.0,0.2,1.0,1,40.0,0
1,0,1,0,0,0,0,1,884976,4194304,4096,5,1,2015232,29696,1024,28160,0,1048576,4096,4096,5,3,0.625,3,2,0,3,2,0,0,1,0,1,1,0,1.0,4,4,1.369,0.0,0,0.0,0.0,3.478,2.727,4.139,7.799,104,170,182,176,246,232,95,43,1,0,102,137,68,37,0,233,159,251,244,255,80,240,31,253,253,138,71,146,102,37,180,64,194,92,16,127,64,255,205,193,204,95,205,35,107,129,156,191,7,153,18,71,23,17,54,53,202,138,183,32,240,63,76,29,9.0,14.0,4.0,0.286,1.0,1,26.0,0
1,0,1,0,0,1,0,1,1125050,4194304,106496,5,1,2818048,244736,1024,100864,0,1048576,4096,4096,8,6,0.571,3,4,0,3,4,0,0,1,0,1,1,0,1.0,10,10,1.407,0.0,0,0.0,0.0,3.852,2.301,4.043,7.877,104,89,143,27,108,232,168,146,0,0,15,132,95,245,243,255,136,20,3,71,233,46,144,0,0,137,69,8,156,233,173,188,2,0,96,44,254,70,48,227,74,127,125,86,84,18,185,201,108,20,183,237,74,90,54,158,137,11,233,100,177,244,255,233,8.0,13.0,4.0,0.308,1.0,1,46.0,0
0,0,0,0,0,0,0,0,713630,4194304,4096,5,0,1736704,33280,1024,60928,1536,2097152,4096,4096,7,6,0.538,3,7,0,3,7,0,0,1,0,1,1,0,1.0,10,10,1.185,0.0,0,0.0,0.0,4.896,2.688,4.04,7.796,104,229,56,26,226,232,104,251,246,255,139,84,37,0,15,188,204,139,77,8,247,249,233,159,7,246,255,251,32,22,44,194,56,116,8,22,4,194,40,116,20,22,48,194,28,116,60,22,16,194,32,116,32,230,0,83,56,159,32,227,89,0,174,238,17.0,22.0,4.0,0.182,1.0,1,30.0,0
0,0,1,0,0,0,0,1,810165,4194304,4096,5,1,2199552,162304,1024,283648,0,1048576,4096,4096,4,3,0.571,3,2,0,3,2,0,0,1,0,1,1,0,1.001,4,4,1.214,0.0,0,0.0,0.0,3.636,2.781,3.7,7.859,104,252,69,159,121,232,105,6,255,255,102,139,68,37,0,210,233,138,77,2,245,141,173,254,255,255,255,233,253,197,255,255,215,8,231,52,236,24,19,40,141,20,158,28,197,0,215,44,231,16,236,32,19,48,118,119,171,218,255,191,73,213,95,0,9.0,14.0,4.0,0.286,1.0,1,14.0,0
0,0,0,0,0,0,0,0,746682,4194304,4096,5,0,1703936,35840,1024,51712,2048,2097152,4096,4096,7,6,0.538,3,7,0,3,7,0,0,1,0,1,1,0,1.0,10,10,1.041,0.0,0,0.0,0.0,4.884,2.643,4.042,7.827,104,16,241,106,220,232,6,43,254,255,183,200,47,244,88,103,125,124,88,0,180,197,79,34,249,108,102,143,136,207,16,191,102,137,28,12,233,171,244,245,255,54,137,11,233,163,244,245,255,151,196,54,215,115,106,96,107,76,28,152,244,77,36,202,13.0,18.0,4.0,0.222,1.0,1,30.0,0
0,0,0,0,0,0,0,0,0,4194304,4096,5,0,1826816,12288,4096,28672,0,1048576,4096,4096,4,3,0.571,3,2,0,3,2,0,0,1,0,1,1,0,1.002,4,4,2.76,0.0,0,0.0,0.0,3.672,2.504,3.99,7.785,104,100,91,49,171,232,113,244,255,255,194,28,40,4,40,24,40,8,40,12,40,52,40,16,40,44,40,60,178,32,48,171,32,10,0,136,32,48,90,32,200,233,222,90,0,75,127,171,218,255,9,36,40,36,40,65,32,48,28,32,188,182,199,90,9.0,14.0,4.0,0.286,1.0,1,30.0,0
1,0,1,0,0,0,0,1,865325,16777216,4096,6,1,1916928,16384,1024,9728,0,262144,8192,4096,4,3,0.571,3,2,0,3,2,0,0,1,0,1,1,0,1.0,3,3,1.414,0.0,0,0.0,0.0,4.415,2.748,4.169,7.797,104,32,123,129,15,232,225,104,2,0,102,137,10,233,181,227,1,0,219,59,119,119,86,238,13,220,219,184,149,113,149,227,182,199,234,143,111,31,102,62,96,124,140,247,140,239,208,223,28,191,246,126,244,253,89,251,100,246,7,236,174,216,203,177,10.0,15.0,4.0,0.267,1.0,1,20.0,0
1,0,1,0,1,0,0,1,867998,4194304,4096,5,0,6184960,18432,1024,4231680,0,16384,16384,4096,5,3,0.625,3,2,0,3,2,0,0,1,0,1,1,0,1.001,4,4,1.354,0.0,0,0.0,0.0,4.494,2.71,1.582,7.816,104,0,124,204,234,232,71,132,253,255,85,110,118,78,29,171,161,206,48,212,53,19,132,162,140,139,124,37,0,102,139,69,4,129,197,6,0,0,0,233,65,142,253,255,156,233,165,238,254,255,103,48,183,44,216,20,233,8,236,60,3,52,103,12,14.0,19.0,4.0,0.211,1.0,1,14.0,0
0,0,0,0,0,0,0,0,747691,4194304,4096,5,0,1683456,10240,1024,24576,1536,2097152,4096,4096,7,6,0.538,3,7,0,3,7,0,0,1,0,1,1,0,1.0,10,10,1.073,0.0,0,0.0,0.0,4.904,2.597,4.108,7.833,104,207,169,62,105,232,197,3,10,0,38,136,8,233,39,210,1,0,185,132,180,207,55,242,23,163,227,5,146,130,186,222,4,199,12,188,227,90,103,146,155,166,229,115,37,226,137,236,181,20,34,24,193,52,178,44,121,40,91,16,71,4,34,60,14.0,19.0,4.0,0.211,1.0,1,30.0,0
0,0,0,0,0,0,0,0,721432,4194304,4096,5,0,1695744,15360,1024,30720,1536,2097152,4096,4096,7,6,0.538,3,7,0,3,7,0,0,1,0,1,1,0,1.001,10,10,1.049,0.0,0,0.0,0.0,4.881,2.608,4.121,7.821,104,33,42,169,107,232,205,159,254,255,139,68,37,0,102,193,202,126,102,51,213,54,102,15,182,16,102,129,254,123,16,249,59,220,129,197,2,0,0,0,233,38,56,254,255,0,0,104,138,95,244,56,114,21,222,136,28,88,138,134,155,100,164,106,13.0,18.0,4.0,0.222,1.0,1,30.0,0
0,0,0,0,0,0,0,0,748782,4194304,4096,5,0,1728512,10752,1024,40960,1536,2097152,4096,4096,7,6,0.538,3,7,0,3,7,0,0,1,0,1,1,0,1.0,10,10,1.11,0.0,0,0.0,0.0,4.899,2.622,4.146,7.822,104,202,112,140,159,232,210,135,254,255,80,233,29,93,0,0,102,15,182,92,37,0,178,147,138,85,2,233,243,135,254,255,246,211,91,233,166,140,0,0,75,249,57,93,248,15,132,66,14,0,0,139,93,248,129,255,131,120,173,7,15,182,27,193,13.0,18.0,4.0,0.222,1.0,1,30.0,0
0,0,0,0,0,0,0,0,746607,4194304,4096,5,0,1695744,19968,1024,37376,1536,2097152,4096,4096,7,6,0.538,3,7,0,3,7,0,0,1,0,1,1,0,1.0,10,10,1.326,0.0,0,0.0,0.0,4.893,2.63,4.038,7.796,104,119,193,179,194,232,73,201,247,255,136,77,255,233,24,73,0,0,193,234,11,102,133,205,249,247,198,215,99,78,0,15,175,215,59,242,15,131,17,211,247,255,139,194,102,15,64,210,186,0,8,0,0,43,215,249,129,255,69,35,254,14,193,250,14.0,19.0,4.0,0.211,1.0,1,30.0,0
1,0,1,0,0,0,0,0,770387,4194304,4096,5,0,1871872,10240,1024,15872,1024,2097152,4096,4096,7,4,0.636,3,6,0,3,6,0,0,1,0,1,1,0,1.0,8,8,1.391,0.0,0,0.0,0.0,-1,2.557,3.981,7.741,104,95,116,113,1,232,60,62,246,255,233,154,62,246,255,15,183,4,79,58,214,102,131,248,65,233,139,226,245,255,102,137,84,37,0,233,204,137,254,255,233,69,78,246,255,119,16,26,12,119,28,26,24,119,48,26,4,119,0,26,36,119,32,26,5.0,10.0,4.0,0.4,1.0,1,-1,0
0,0,0,0,0,0,0,0,0,4194304,4096,5,0,2772992,530432,1024,124416,0,1048576,16384,4096,4,6,0.4,3,5,0,3,5,0,0,1,1,1,1,0,1.0,7,7,1.141,0.0,0,-1,-1,3.778,2.694,3.867,7.887,104,231,153,211,5,232,43,138,14,0,102,137,125,4,233,49,38,0,0,102,137,68,37,0,233,168,12,13,0,139,68,37,0,3,205,35,206,15,162,245,102,133,209,59,216,129,237,12,0,0,0,233,175,51,0,0,186,158,130,184,172,212,8,253,21.0,27.0,6.0,0.222,1.0,1,28.0,0
0,0,0,0,0,0,0,0,773181,4194304,4096,5,0,1712128,15360,1024,30208,1536,2097152,4096,4096,7,6,0.538,3,7,0,3,7,0,0,1,0,1,1,0,1.0,10,10,1.055,0.0,0,0.0,0.0,4.885,2.605,4.17,7.842,104,39,204,51,120,232,122,51,0,0,177,160,255,69,90,33,250,75,36,219,9,238,96,107,150,141,206,28,247,5,196,55,164,104,166,202,243,209,232,89,51,0,0,137,68,37,0,233,227,86,0,0,137,85,4,233,11,155,1,0,25,52,219,4,14.0,19.0,4.0,0.211,1.0,1,30.0,0
0,0,0,0,0,0,0,0,743618,4194304,4096,5,0,1683456,9216,1024,22528,1536,2097152,4096,4096,7,6,0.538,3,7,0,3,7,0,0,1,0,1,1,0,1.0,10,10,1.123,0.0,0,0.0,0.0,4.907,2.572,4.077,7.801,104,177,209,45,205,232,157,44,0,0,143,68,37,0,233,38,35,2,0,102,193,234,5,245,102,43,202,178,233,138,247,139,85,244,233,181,186,2,0,141,182,255,255,255,255,18,205,15,182,14,233,43,49,0,0,143,68,37,0,233,225,131,2,0,13.0,18.0,4.0,0.222,1.0,1,30.0,0
0,0,0,0,0,0,0,0,695940,4194304,4096,5,0,1638400,8704,1024,20992,1536,2097152,4096,4096,7,6,0.538,3,7,0,3,7,0,0,1,0,1,1,0,1.001,10,10,1.2,0.0,0,0.0,0.0,4.9,2.62,3.978,7.774,104,57,209,86,19,232,236,59,248,255,48,0,175,32,196,24,48,52,175,60,196,48,48,4,175,8,196,28,48,56,175,40,156,126,141,18,223,36,111,252,79,0,141,19,196,36,48,16,36,221,87,88,255,156,115,252,79,0,44,19,175,20,156,201,9.0,14.0,4.0,0.286,1.0,1,30.0,0
1,0,1,0,1,0,0,1,912135,4194304,4096,5,0,2252800,48128,1024,171520,0,32768,32768,4096,5,3,0.625,3,2,0,3,2,0,0,1,0,1,1,0,1.0,4,4,1.354,0.0,0,0.0,0.0,3.389,2.732,3.884,7.773,104,190,240,67,106,232,186,248,254,255,102,139,108,37,0,233,30,218,254,255,138,8,233,19,190,10,0,180,238,97,123,100,19,129,176,221,136,144,147,203,12,209,30,210,53,12,53,24,53,44,53,20,53,56,53,16,53,48,53,4,53,52,53,8,10.0,15.0,4.0,0.267,1.0,1,30.0,0
0,0,1,0,0,0,0,1,770042,4194304,4096,5,1,1855488,75776,1024,71168,0,1048576,4096,4096,4,3,0.571,3,2,0,3,2,0,0,1,0,1,1,0,1.0,4,4,1.208,0.0,0,0.0,0.0,3.848,2.811,4.082,7.816,104,175,214,152,132,232,221,17,255,255,156,233,6,233,245,255,30,52,56,4,221,16,56,56,221,40,56,0,221,12,56,28,221,8,27,175,60,155,172,26,20,27,93,32,155,83,244,148,158,81,0,210,190,26,187,199,179,44,56,35,32,27,70,8,9.0,14.0,4.0,0.286,1.0,1,14.0,0
0,0,0,0,0,0,0,0,723499,4194304,4096,5,0,1712128,15360,1024,31232,1536,2097152,4096,4096,7,6,0.538,3,7,0,3,7,0,0,1,0,1,1,0,1.001,10,10,1.055,0.0,0,0.0,0.0,4.899,2.621,4.155,7.836,104,166,250,70,223,232,207,22,9,0,137,125,4,233,104,125,8,0,143,68,37,0,233,195,128,255,255,247,216,233,169,123,9,0,102,137,85,4,233,59,202,255,255,125,4,163,28,217,36,4,24,79,8,125,48,163,44,217,0,4,52,79,16,125,13.0,18.0,4.0,0.222,1.0,1,30.0,0
0,0,0,0,0,0,0,0,0,4194304,4096,5,0,1978368,45056,4096,32768,0,1048576,4096,4096,4,3,0.571,3,2,0,3,2,0,0,1,0,1,1,0,1.003,4,4,2.354,0.0,0,0.0,0.0,2.921,2.529,4.184,7.888,104,65,23,117,77,232,166,189,0,0,152,4,159,52,165,24,170,44,184,48,186,36,196,16,202,40,210,0,231,8,248,8,25,40,11,49,20,71,24,86,52,147,16,190,20,143,14,189,57,153,158,20,117,92,0,1,108,76,12,199,100,60,109,8,12.0,17.0,4.0,0.235,1.0,1,38.0,0
0,0,0,0,0,0,0,0,0,4194304,4096,5,0,2347008,398336,1024,103936,0,1048576,4096,4096,4,3,0.571,3,2,0,3,2,0,0,1,0,1,1,0,1.0,4,4,1.094,0.0,0,0.0,0.0,3.165,2.634,3.79,7.826,104,182,249,251,176,232,23,164,255,255,104,246,248,5,49,232,13,164,255,255,38,4,18,24,90,52,18,8,90,60,18,56,90,48,18,36,90,28,18,44,90,60,18,36,90,4,0,4,138,10,52,194,140,86,0,48,125,196,208,30,175,40,0,233,7.0,13.0,4.0,0.308,2.0,1,8.0,0
1,0,1,0,0,0,0,1,1107785,16777216,4096,6,1,2490368,39936,1024,179712,0,262144,8192,4096,4,3,0.571,3,2,0,3,2,0,0,1,0,1,1,0,1.0,3,3,1.267,0.0,0,0.0,0.0,4.479,2.808,4.118,7.824,104,60,141,194,108,232,136,182,0,0,102,139,76,37,0,193,224,156,129,197,2,0,0,0,233,196,165,0,0,156,233,234,33,254,255,15,130,134,169,0,0,15,183,68,79,2,102,131,248,65,233,43,100,255,255,139,76,37,0,102,191,55,127,139,16.0,21.0,4.0,0.19,1.0,1,100.0,0
0,0,0,0,0,0,0,0,644359,4194304,4096,5,0,1622016,19456,1024,16384,512,2097152,4096,4096,5,3,0.625,3,4,0,3,4,0,0,1,0,1,1,0,1.0,6,6,1.008,0.0,0,0.0,0.0,-1,2.47,3.965,7.739,104,35,4,96,82,232,181,236,247,255,3,28,81,56,3,0,81,16,3,24,81,8,3,36,81,4,3,12,81,20,3,60,26,4,149,158,129,13,254,162,79,0,106,5,81,40,169,196,221,74,0,163,79,0,115,5,3,20,73,124,161,24,42,237,6.0,11.0,4.0,0.364,1.0,1,-1,0
0,0,0,0,0,0,0,0,0,4194304,4096,5,0,2236416,155648,1024,82432,0,1048576,4096,4096,4,3,0.571,3,2,0,3,2,0,0,1,0,1,1,0,1.0,4,4,1.096,0.0,0,0.0,0.0,3.288,2.634,4.03,7.845,104,204,224,212,127,232,212,80,255,255,104,175,68,207,127,232,202,80,255,255,19,12,19,24,19,32,19,40,19,16,19,4,19,52,19,8,19,36,19,0,19,56,137,32,119,202,216,71,159,132,52,215,87,0,10,134,19,56,178,19,20,249,19,60,14.0,19.0,4.0,0.211,1.0,1,42.0,0
0,0,0,0,0,0,0,0,736027,4194304,4096,5,0,1662976,9216,1024,22528,7680,2097152,4096,4096,7,6,0.538,3,7,0,3,7,0,0,1,0,1,1,0,1.0,10,10,1.123,0.0,0,0.0,0.0,4.891,2.566,4.034,7.772,104,80,99,90,140,232,35,217,0,0,139,229,139,233,15,191,237,93,195,137,85,4,156,233,43,203,254,255,233,120,129,255,255,43,193,102,193,234,224,43,241,139,77,200,102,139,209,245,102,129,253,10,78,102,193,234,5,102,43,202,102,15,186,226,13.0,18.0,4.0,0.222,1.0,1,30.0,0
0,0,0,0,0,0,0,0,816051,4194304,4096,5,0,1986560,51200,1024,35840,0,1048576,4096,4096,4,3,0.571,3,2,0,3,2,0,0,1,0,1,1,0,1.001,4,4,1.12,0.0,0,0.0,0.0,5.082,2.607,4.068,7.865,104,144,159,87,213,232,194,114,246,255,93,52,116,12,121,8,124,36,167,16,194,0,17,32,75,40,93,60,116,28,121,20,5,18,198,253,83,5,168,20,83,0,33,203,124,20,96,0,5,12,151,244,202,5,172,20,83,0,87,244,167,24,48,194,12.0,17.0,4.0,0.235,1.0,1,38.0,0
1,0,1,0,0,0,0,1,902804,4194304,4096,5,1,2105344,71168,1024,69120,0,1048576,4096,4096,5,3,0.625,3,2,0,3,2,0,0,1,0,1,1,0,1.0,4,4,1.438,0.0,0,0.0,0.0,3.292,2.78,4.003,7.792,104,147,18,252,185,232,14,207,255,255,107,0,108,56,38,8,67,44,69,48,107,4,108,60,38,16,67,12,69,36,107,40,191,44,22,52,3,160,51,76,14,84,0,36,0,40,108,52,43,32,38,36,114,65,239,96,78,14,84,0,191,0,40,67,9.0,14.0,4.0,0.286,1.0,1,14.0,0
1,0,1,0,1,0,0,0,863611,4194304,4096,5,0,2162688,16384,1024,22016,36352,2097152,4096,4096,7,4,0.636,3,5,0,3,5,0,0,1,0,1,1,0,1.0,7,7,1.32,0.0,0,0.0,0.0,3.983,2.689,3.849,7.755,104,225,178,166,254,232,199,57,255,255,139,229,102,129,242,208,25,102,129,213,224,108,15,186,248,156,95,89,93,102,211,243,157,88,233,129,65,255,255,15,133,237,162,254,255,141,141,244,254,255,255,15,191,193,81,161,76,48,84,0,233,39,201,254,8.0,13.0,4.0,0.308,1.0,1,22.0,0
0,0,0,0,0,0,0,0,787384,4194304,4096,5,0,1765376,31744,1024,53248,1536,2097152,4096,4096,7,6,0.538,3,7,0,3,7,0,0,1,0,1,1,0,1.001,10,10,1.138,0.0,0,0.0,0.0,4.895,2.655,4.183,7.835,104,232,120,124,74,232,80,90,0,0,139,69,4,134,246,102,15,67,211,133,229,139,84,37,0,133,236,129,237,4,0,0,0,245,247,226,137,85,4,137,69,8,233,104,215,255,255,102,139,76,37,0,129,197,2,0,0,0,233,250,0,0,0,233,15.0,20.0,4.0,0.2,1.0,1,30.0,0
1,0,0,0,0,0,0,1,2906268,4194304,4096,5,1,5820416,581632,1024,1533440,0,4194304,4096,4096,5,3,0.625,3,2,0,3,2,0,0,1,0,1,1,0,1.0,4,4,1.407,0.0,0,0.0,0.0,5.021,2.876,4.383,7.937,104,10,6,110,205,232,65,111,1,0,233,164,111,1,0,61,0,0,0,1,233,246,183,254,255,243,9,150,136,143,246,81,84,12,134,187,218,16,235,16,151,131,136,251,67,77,44,134,134,248,124,98,73,113,32,215,82,93,233,42,182,180,248,161,21.0,26.0,4.0,0.154,1.0,1,1194.0,0
0,0,0,0,0,0,0,0,668311,4194304,4096,5,0,1662976,15872,1024,30720,1536,2097152,4096,4096,7,6,0.538,3,7,0,3,7,0,0,1,0,1,1,0,1.0,10,10,1.061,0.0,0,0.0,0.0,4.89,2.609,3.985,7.764,104,93,40,15,170,232,35,72,0,0,102,247,199,13,74,102,133,237,199,69,204,0,0,0,0,102,137,17,102,15,164,194,203,210,238,211,218,139,85,228,249,59,239,193,226,4,233,205,1,1,0,139,229,193,207,251,15,203,95,210,246,192,210,212,13.0,18.0,4.0,0.222,1.0,1,30.0,0
0,0,0,0,0,0,0,0,0,4194304,4096,5,0,1896448,61952,1024,16896,0,1048576,16384,4096,4,6,0.4,3,5,0,3,5,0,0,1,1,1,1,0,1.001,7,7,1.128,0.0,0,-1,-1,2.997,2.586,3.876,7.785,104,194,30,177,168,232,205,58,254,255,15,133,9,0,0,0,102,139,85,8,133,230,102,1,17,141,127,2,249,245,131,109,252,1,233,219,73,254,255,220,78,35,224,75,98,112,82,91,28,173,225,54,83,233,126,137,0,0,73,233,59,40,0,0,17.0,22.0,5.0,0.227,1.0,1,20.0,0
0,0,0,0,0,0,0,0,728023,4194304,4096,5,0,1675264,13824,1024,30208,1536,2097152,4096,4096,7,6,0.538,3,7,0,3,7,0,0,1,0,1,1,0,1.0,10,10,1.064,0.0,0,0.0,0.0,4.904,2.645,4.034,7.773,104,128,19,106,25,232,135,218,0,0,43,193,133,221,43,241,102,129,255,97,43,102,43,207,102,139,207,102,247,197,103,54,102,193,233,5,249,102,43,249,15,187,249,210,229,131,125,204,0,15,183,200,246,213,139,77,200,233,41,151,255,255,204,24,13.0,18.0,4.0,0.222,1.0,1,30.0,0
1,0,1,0,0,0,0,1,862269,16777216,4096,6,1,2019328,32256,1024,55808,0,524288,65536,4096,4,3,0.571,3,2,0,3,2,0,0,1,0,1,1,0,1.0,3,3,1.515,0.0,0,0.0,0.0,3.934,2.896,4.082,7.79,104,65,108,145,49,232,153,159,0,0,137,68,37,252,249,133,219,15,132,26,178,245,255,139,68,157,0,247,199,249,76,137,94,58,200,245,80,248,247,197,174,122,95,103,133,200,129,235,1,0,0,0,233,242,177,245,255,190,16,6,4,6,32,6,14.0,19.0,4.0,0.211,1.0,1,14.0,0
0,0,0,0,0,0,0,0,711893,4194304,4096,5,0,1638400,7168,1024,19456,1536,2097152,4096,4096,7,6,0.538,3,7,0,3,7,0,0,1,0,1,1,0,1.0,10,10,1.302,0.0,0,0.0,0.0,4.898,2.568,4.002,7.794,104,77,158,87,0,232,33,2,0,0,83,86,102,15,164,238,129,87,129,246,43,117,13,73,139,248,139,241,102,133,216,44,107,51,210,254,200,141,73,0,138,15,15,158,192,138,6,233,145,97,0,0,15,191,223,139,64,12,15,164,235,234,15,172,11.0,16.0,4.0,0.25,1.0,1,30.0,0
0,0,0,0,0,0,0,0,707485,4194304,4096,5,0,1691648,11264,1024,25600,1536,2097152,4096,4096,7,6,0.538,3,7,0,3,7,0,0,1,0,1,1,0,1.0,10,10,1.11,0.0,0,0.0,0.0,4.9,2.611,4.107,7.794,104,253,128,68,22,232,120,159,255,255,220,116,238,2,139,69,4,102,15,66,209,15,164,202,143,192,198,204,139,84,37,0,102,135,201,102,15,163,209,102,211,249,139,77,8,102,247,197,143,19,102,59,199,133,232,247,249,233,47,39,8,0,153,1,13.0,18.0,4.0,0.222,1.0,1,30.0,0
0,0,0,0,0,0,0,0,0,4194304,4096,5,0,1679360,64512,1024,2560,2048,33554432,4096,4096,4,3,0.571,3,4,0,3,4,0,0,1,0,1,1,0,1.0,5,5,1.311,0.0,0,0.0,0.0,-1,2.516,3.985,7.756,104,77,42,117,192,232,136,40,255,255,15,133,80,83,253,255,141,141,244,254,255,255,102,15,200,134,224,81,102,15,200,161,60,96,79,0,233,53,83,253,255,139,68,37,0,248,102,211,202,15,162,247,199,44,1,175,10,129,237,12,0,0,0,137,6.0,11.0,5.0,0.455,1.0,1,-1,0
0,0,1,0,0,0,0,1,921903,4194304,4096,5,1,2322432,102912,1024,231936,0,1048576,4096,4096,4,3,0.571,3,2,0,3,2,0,0,1,0,1,1,0,1.001,4,4,1.106,0.0,0,0.0,0.0,3.851,2.857,3.931,7.864,104,195,227,52,47,232,83,129,255,255,156,143,68,37,0,233,29,10,244,255,137,93,4,233,13,91,245,255,156,233,146,72,244,255,104,0,116,56,141,32,22,20,104,52,116,48,141,40,22,36,104,28,116,24,141,4,134,2,23,36,151,22,16,36,13.0,18.0,4.0,0.222,1.0,1,14.0,0
0,0,0,0,0,0,0,1,813644,4194304,4096,5,0,1916928,134656,1024,36352,0,1048576,4096,4096,4,3,0.571,3,2,0,3,2,0,0,1,0,1,1,0,1.0,4,4,1.267,0.0,0,0.0,0.0,3.747,2.701,4.045,7.843,104,226,207,209,220,232,176,184,255,255,181,40,31,36,181,32,31,20,181,8,31,44,181,52,31,48,181,24,31,56,181,16,224,251,70,141,149,53,154,180,81,0,164,198,31,0,181,28,26,24,45,90,28,99,28,51,31,56,205,181,56,35,8,11,12.0,17.0,4.0,0.235,1.0,1,14.0,0
0,0,0,0,0,0,0,0,740978,4194304,4096,5,0,1691648,20480,1024,37376,1536,2097152,4096,4096,7,6,0.538,3,7,0,3,7,0,0,1,0,1,1,0,1.0,10,10,1.258,0.0,0,0.0,0.0,4.883,2.648,4.056,7.795,104,113,38,158,189,232,190,232,9,0,15,133,139,233,7,0,139,124,48,4,102,129,252,235,116,245,51,250,245,59,121,52,233,236,51,8,0,139,92,37,0,50,239,139,77,4,247,211,247,209,11,217,137,93,4,233,216,143,8,0,102,139,92,37,14.0,19.0,4.0,0.211,1.0,1,30.0,0
0,0,1,0,0,0,0,1,874901,4194304,4096,5,1,2220032,86528,1024,189952,0,1048576,4096,4096,4,3,0.571,3,2,0,3,2,0,0,1,0,1,1,0,1.0,4,4,1.103,0.0,0,0.0,0.0,3.858,2.809,3.902,7.799,104,97,207,93,142,232,78,2,0,0,48,8,48,44,48,0,48,52,48,32,48,4,48,60,48,40,48,36,48,56,48,56,52,40,52,32,64,146,176,15,127,121,246,36,85,0,230,249,48,56,12,48,12,48,16,121,149,126,11,47,220,250,36,85,9.0,14.0,4.0,0.286,1.0,1,14.0,0
1,0,1,0,0,0,0,1,898834,4194304,4096,5,0,2129920,3072,1024,26112,0,1048576,4096,4096,5,3,0.625,3,2,0,3,2,0,0,1,0,1,1,0,1.0,4,4,1.249,0.0,0,0.0,0.0,4.169,2.667,4.086,7.839,104,216,244,110,140,232,233,63,253,255,143,68,37,0,233,118,124,253,255,195,255,255,255,255,99,113,83,0,245,48,84,0,255,255,255,255,229,52,83,0,171,102,85,0,255,255,255,255,72,149,83,0,146,19,86,0,255,255,255,255,220,172,85,0,9.0,14.0,4.0,0.286,1.0,1,38.0,0
1,0,1,0,0,0,0,1,982863,4194304,4096,5,1,2441216,79360,1024,161280,0,1048576,4096,4096,5,3,0.625,3,2,0,3,2,0,0,1,0,1,1,0,1.0,4,4,1.422,0.0,0,0.0,0.0,6.902,2.825,3.987,7.788,104,224,38,188,92,232,51,170,11,0,15,140,145,20,11,0,233,148,226,254,255,33,12,64,32,33,16,64,8,33,20,64,36,33,28,64,60,33,40,64,44,33,56,32,8,32,8,188,64,44,32,8,32,8,22,33,52,43,64,56,33,52,47,91,9.0,14.0,4.0,0.286,1.0,1,50.0,0
1,0,1,0,0,0,0,1,906761,4194304,4096,5,0,2105344,3072,1024,26112,0,1048576,4096,4096,5,3,0.625,3,2,0,3,2,0,0,1,0,1,1,0,1.0,4,4,1.422,0.0,0,0.0,0.0,4.134,2.701,4.016,7.834,104,252,43,245,122,232,27,230,0,0,38,141,184,241,70,40,167,22,13,229,129,157,201,156,233,163,236,254,255,143,68,37,0,233,247,240,254,255,52,137,191,231,79,10,253,72,38,194,140,143,175,237,118,136,233,137,125,4,233,175,9,0,0,139,9.0,14.0,4.0,0.286,1.0,1,38.0,0
0,0,0,0,0,0,0,0,696580,4194304,4096,5,0,1687552,13824,1024,29184,1536,2097152,4096,4096,7,6,0.538,3,7,0,3,7,0,0,1,0,1,1,0,1.001,10,10,1.094,0.0,0,0.0,0.0,4.883,2.589,4.078,7.789,104,8,122,77,119,232,60,124,247,255,233,242,197,0,0,247,196,119,41,114,67,59,121,36,15,132,147,118,247,255,139,125,248,102,59,230,247,198,211,81,1,30,59,251,233,67,198,0,0,139,68,37,0,193,195,226,246,209,139,93,4,128,233,68,11.0,16.0,4.0,0.25,1.0,1,30.0,0
0,0,0,0,0,0,0,0,700998,4194304,4096,5,0,1691648,18432,1024,35840,1536,2097152,4096,4096,7,6,0.538,3,7,0,3,7,0,0,1,0,1,1,0,1.001,10,10,1.258,0.0,0,0.0,0.0,4.892,2.647,4.028,7.775,104,186,13,3,16,232,76,93,255,255,55,16,55,60,55,32,55,52,55,4,55,40,55,0,55,56,55,8,55,48,55,20,199,139,122,173,178,42,8,188,81,0,53,11,55,24,55,28,42,205,206,169,197,42,12,188,81,0,53,139,55,20,199,51,13.0,18.0,4.0,0.222,1.0,1,30.0,0
0,0,0,0,0,0,0,0,709766,4194304,4096,5,0,1646592,9216,1024,21504,1536,2097152,4096,4096,7,6,0.538,3,7,0,3,7,0,0,1,0,1,1,0,1.0,10,10,1.239,0.0,0,0.0,0.0,4.899,2.609,4.01,7.781,104,130,10,22,10,232,90,249,0,0,139,12,144,8,28,16,119,36,139,24,144,52,28,44,119,0,139,60,144,40,28,32,239,8,5,99,221,11,155,5,236,3,88,0,122,219,119,20,42,139,4,144,48,5,116,127,92,236,5,240,3,88,0,143,9.0,14.0,4.0,0.286,1.0,1,30.0,0
1,0,1,0,0,0,0,1,954649,4194304,4096,5,1,2170880,73216,1024,66560,0,1048576,4096,4096,5,3,0.625,3,2,0,3,2,0,0,1,0,1,1,0,1.0,4,4,1.422,0.0,0,0.0,0.0,3.911,2.789,4.195,7.875,104,65,33,35,43,232,37,213,253,255,137,84,37,0,233,79,102,255,255,139,84,37,0,42,227,139,69,4,249,133,240,129,197,8,0,0,0,233,185,213,253,255,139,68,37,0,42,200,210,241,138,77,4,129,237,2,0,0,0,129,255,209,39,247,9.0,14.0,4.0,0.286,1.0,1,14.0,0
0,0,0,0,0,0,0,1,1251560,4194304,4096,5,0,3948544,206336,1024,1424384,0,1048576,4096,4096,4,3,0.571,3,2,0,3,2,0,0,1,0,1,1,0,1.0,4,4,1.097,0.0,0,0.0,0.0,4.807,2.765,3.235,7.912,104,164,69,150,50,232,31,85,253,255,139,197,102,129,252,54,71,129,237,4,0,0,0,233,22,216,255,255,102,137,69,4,233,25,24,255,255,102,139,84,37,0,59,207,129,197,2,0,0,0,102,142,194,233,171,4,254,255,53,60,26,24,26,28,12.0,17.0,4.0,0.235,1.0,1,30.0,0
0,0,0,0,0,0,0,0,744654,4194304,4096,5,0,1810432,37888,1024,61440,48128,2097152,4096,4096,7,6,0.538,3,7,0,3,7,0,0,1,0,1,1,0,1.001,10,10,1.078,0.0,0,0.0,0.0,4.908,2.684,4.027,7.821,104,108,133,13,7,232,35,177,0,0,143,68,37,0,233,96,125,255,255,139,76,37,0,54,139,1,137,68,37,0,233,80,125,255,255,139,76,37,0,102,152,138,193,54,139,1,233,87,14,9,0,2,52,131,40,160,56,193,36,251,60,2,4,131,15.0,20.0,4.0,0.2,1.0,1,30.0,0
1,0,1,0,0,0,0,1,874687,16777216,4096,6,1,2007040,29184,1024,6144,0,262144,8192,4096,4,3,0.571,3,2,0,3,2,0,0,1,0,1,1,0,1.0,3,3,1.422,0.0,0,0.0,0.0,3.862,2.797,4.283,7.859,104,112,63,224,55,232,115,213,255,255,143,68,37,0,233,161,158,0,0,143,68,37,0,233,247,92,0,0,121,6,167,251,84,68,32,251,65,61,162,44,83,16,80,32,58,52,7,4,231,56,222,8,221,40,197,0,188,20,182,32,146,4,145,44,13.0,18.0,4.0,0.222,1.0,1,20.0,0
0,0,0,0,0,0,0,0,736122,4194304,4096,5,0,1671168,12288,1024,19456,512,2097152,4096,4096,6,5,0.545,3,6,0,3,6,0,0,1,0,1,1,0,1.0,9,9,1.321,0.0,0,0.0,0.0,-1,2.558,4.153,7.79,104,195,227,80,200,232,80,32,255,255,92,28,214,40,177,20,175,60,159,32,140,4,9,24,247,0,245,12,240,48,214,20,177,0,175,28,10,16,10,242,71,201,27,81,0,101,26,175,206,18,112,4,10,32,10,88,8,10,8,36,159,36,140,8,7.0,12.0,4.0,0.333,1.0,1,-1,0
0,0,0,0,0,0,0,1,1049626,16777216,4096,6,0,2715648,14336,1024,633344,0,262144,8192,4096,2,3,0.4,3,2,0,3,2,0,0,1,0,1,1,0,1.0,3,3,1.323,0.0,0,0.0,0.0,-1,2.647,3.777,7.879,104,111,11,184,28,232,7,160,255,255,104,111,167,202,227,232,253,159,255,255,195,195,195,24,250,40,0,0,0,0,0,0,0,0,0,96,219,26,0,0,64,26,0,32,250,40,0,0,0,0,0,0,0,0,0,180,144,40,0,8,64,26,0,40,7.0,12.0,4.0,0.333,1.0,1,-1,0
1,0,1,0,0,1,0,1,1187836,4194304,143360,5,1,2953216,389120,1024,143360,0,1048576,4096,4096,8,6,0.571,3,4,0,3,4,0,0,1,0,1,1,0,1.0,10,10,1.362,0.0,0,0.0,0.0,2.864,2.305,4.07,7.887,104,17,79,132,242,232,86,19,16,0,143,68,37,0,233,199,48,16,0,180,56,194,24,238,40,55,8,112,32,131,52,141,0,152,16,179,12,180,20,194,36,20,40,231,40,26,238,20,20,40,231,40,107,55,28,46,112,48,20,40,231,40,100,131,6.0,11.0,4.0,0.364,1.0,1,40.0,0
0,0,0,0,0,0,0,0,745286,4194304,4096,5,0,1769472,13824,1024,28160,70144,2097152,4096,4096,7,6,0.538,3,7,0,3,7,0,0,1,0,1,1,0,1.0,10,10,1.15,0.0,0,0.0,0.0,4.901,2.657,4.011,7.823,104,187,46,46,21,232,233,247,254,255,28,36,23,4,23,0,23,32,23,48,23,40,23,16,23,28,23,24,23,20,23,0,23,32,23,36,86,16,59,60,38,127,12,237,25,16,231,77,50,158,225,88,0,203,179,236,190,58,145,12,136,25,8,23,9.0,14.0,4.0,0.286,1.0,1,30.0,0
0,0,0,0,0,0,0,0,712934,4194304,4096,5,0,1687552,20480,1024,39424,1536,2097152,4096,4096,7,6,0.538,3,7,0,3,7,0,0,1,0,1,1,0,1.001,10,10,1.188,0.0,0,0.0,0.0,4.882,2.641,3.92,7.724,104,236,146,91,9,232,246,181,8,0,0,32,0,48,0,16,0,52,0,12,0,20,0,4,0,60,0,0,0,36,0,8,121,16,194,16,165,0,56,239,16,177,0,28,51,16,121,16,194,16,182,0,56,184,0,36,225,0,40,0,8,239,8,51,13.0,18.0,4.0,0.222,1.0,1,30.0,0
0,0,0,0,0,0,0,0,749875,4194304,4096,5,0,1691648,14336,1024,28672,1536,2097152,4096,4096,7,6,0.538,3,7,0,3,7,0,0,1,0,1,1,0,1.001,10,10,1.091,0.0,0,0.0,0.0,4.904,2.637,4.082,7.771,104,70,60,205,185,232,99,147,255,255,139,124,37,0,177,182,139,77,4,132,246,129,197,8,0,0,0,233,135,166,0,0,6,20,44,56,44,44,44,4,44,32,44,0,44,16,44,12,44,28,44,52,44,8,44,44,44,20,89,48,12,225,164,168,14.0,19.0,4.0,0.211,1.0,1,30.0,0
0,0,0,0,0,0,0,0,759274,4194304,4096,5,0,1757184,48128,1024,67072,2048,2097152,4096,4096,6,5,0.545,3,7,0,3,7,0,0,1,0,1,1,0,1.001,9,9,1.273,0.0,0,0.0,0.0,-1,2.646,4.182,7.854,104,120,156,32,246,232,156,17,255,255,156,233,241,126,245,255,139,92,37,0,138,69,4,129,197,6,0,0,0,233,134,4,255,255,137,92,37,0,233,89,170,246,255,177,136,175,250,10,167,209,0,246,115,148,159,209,233,17,18,255,255,162,129,168,7.0,12.0,4.0,0.333,1.0,1,-1,0
0,0,0,0,0,0,0,1,765484,4194304,4096,5,0,1744896,55296,1024,15360,0,1048576,4096,4096,4,3,0.571,3,2,0,3,2,0,0,1,0,1,1,0,1.0,4,4,1.493,0.0,0,0.0,0.0,4.1,2.742,4.102,7.84,104,66,251,27,189,232,172,111,0,0,233,235,124,9,0,126,12,142,56,157,48,195,52,50,20,114,28,126,16,142,0,157,32,195,36,50,24,174,96,239,41,192,199,194,139,89,0,228,158,114,8,136,20,44,80,255,240,73,85,198,139,89,0,238,7.0,12.0,4.0,0.333,1.0,1,8.0,0
0,0,0,0,0,0,0,0,769398,4194304,4096,5,0,1687552,7168,1024,18944,1536,2097152,4096,4096,7,6,0.538,3,7,0,3,7,0,0,1,0,1,1,0,1.0,10,10,1.276,0.0,0,0.0,0.0,4.899,2.611,4.155,7.815,104,243,182,139,27,232,125,157,0,0,137,11,233,182,95,247,255,135,24,50,52,199,40,175,16,50,44,199,20,175,28,50,60,199,56,175,12,50,20,199,12,175,24,88,0,37,91,62,0,210,79,0,182,93,176,28,27,173,4,154,48,88,12,37,9.0,14.0,4.0,0.286,1.0,1,30.0,0
0,0,0,0,0,0,0,0,0,4194304,4096,5,0,1630208,8192,4096,20480,0,1048576,4096,4096,4,3,0.571,3,2,0,3,2,0,0,1,0,1,1,0,1.001,4,4,3.519,0.0,0,0.0,0.0,1.901,2.513,4.106,7.78,104,224,116,108,47,232,5,164,0,0,139,76,37,0,246,198,191,102,193,218,208,15,163,242,139,85,4,233,151,59,9,0,233,208,85,9,0,104,128,246,154,29,232,224,163,0,0,12,241,91,97,66,57,235,105,85,9,185,214,83,16,162,246,95,9.0,14.0,4.0,0.286,1.0,1,28.0,0
1,0,1,0,0,0,0,1,856339,4194304,4096,6,1,2084864,114688,1024,41984,0,262144,8192,4096,4,3,0.571,3,2,0,3,2,0,0,1,0,1,1,0,1.001,3,3,1.471,0.0,0,0.0,0.0,4.418,2.979,3.799,7.69,104,187,122,70,70,232,178,210,1,0,15,130,247,147,1,0,15,183,68,79,2,248,102,131,248,65,15,130,67,205,0,0,102,131,248,90,233,244,70,0,0,143,68,37,0,233,12,120,1,0,156,233,146,75,0,0,139,68,37,0,139,125,4,129,10.0,15.0,4.0,0.267,1.0,1,20.0,0
0,0,0,0,0,0,0,0,770729,4194304,4096,5,0,1703936,10752,1024,27648,1536,2097152,4096,4096,7,6,0.538,3,7,0,3,7,0,0,1,0,1,1,0,1.001,10,10,1.032,0.0,0,0.0,0.0,4.892,2.625,4.153,7.83,104,212,115,217,27,232,251,41,0,0,22,0,198,16,175,32,114,44,15,56,198,12,175,24,114,40,15,28,198,48,175,32,114,60,15,0,140,20,135,7,59,91,233,79,0,82,23,191,220,255,38,20,115,20,16,48,254,28,225,40,199,24,140,12,15.0,20.0,4.0,0.2,1.0,1,30.0,0
0,0,0,0,0,0,0,0,678144,4194304,4096,5,0,1658880,15872,1024,30720,1536,2097152,4096,4096,7,6,0.538,3,7,0,3,7,0,0,1,0,1,1,0,1.0,10,10,1.1,0.0,0,0.0,0.0,4.89,2.57,3.986,7.737,104,90,22,5,68,232,107,78,1,0,15,133,119,189,255,255,247,215,233,234,108,1,0,139,69,4,102,129,233,29,29,211,241,139,84,37,0,102,247,193,101,108,139,77,8,233,168,171,1,0,102,137,23,233,39,129,0,0,137,85,240,131,69,240,13.0,18.0,4.0,0.222,1.0,1,30.0,0
0,0,0,0,0,0,0,0,783449,4194304,4096,5,0,1736704,23552,1024,40448,3584,2097152,4096,4096,7,6,0.538,3,7,0,3,7,0,0,1,0,1,1,0,1.0,10,10,1.27,0.0,0,0.0,0.0,4.901,2.605,4.156,7.809,104,215,126,195,159,232,6,217,253,255,15,132,27,214,253,255,139,68,157,0,249,80,133,211,248,129,235,1,0,0,0,233,1,214,253,255,70,249,132,201,233,135,109,253,255,102,139,84,37,0,248,102,139,93,2,245,59,235,129,237,2,0,0,0,15.0,20.0,4.0,0.2,1.0,1,30.0,0
0,0,0,0,0,0,0,0,680387,4194304,4096,5,0,1679360,12800,1024,27648,2560,2097152,4096,4096,7,6,0.538,3,7,0,3,7,0,0,1,0,1,1,0,1.0,10,10,1.052,0.0,0,0.0,0.0,4.896,2.599,4.042,7.791,104,177,19,225,160,232,132,224,254,255,137,93,232,247,198,55,119,171,92,136,93,255,249,102,169,193,59,43,247,248,245,137,117,184,102,15,189,247,102,255,198,193,206,49,139,48,249,137,25,15,189,204,139,77,20,233,136,61,0,0,166,16,188,48,13.0,18.0,4.0,0.222,1.0,1,30.0,0
0,0,0,0,0,0,0,0,727771,4194304,4096,5,0,1720320,16896,1024,34304,1536,2097152,4096,4096,7,6,0.538,3,7,0,3,7,0,0,1,0,1,1,0,1.001,10,10,1.27,0.0,0,0.0,0.0,4.892,2.606,4.148,7.825,104,190,38,187,56,232,180,197,0,0,139,229,15,191,239,102,139,238,93,195,15,16,56,36,112,40,56,48,112,8,56,4,112,20,56,56,112,0,56,60,112,52,56,0,112,16,94,16,80,236,97,96,74,88,0,253,135,13,161,196,0,60,13,28,15.0,20.0,4.0,0.2,1.0,1,30.0,0
1,0,1,0,0,0,0,1,1661113,4194304,4096,6,0,4149248,822784,1024,321536,0,1048576,4096,4096,5,3,0.625,3,2,0,3,2,0,0,1,0,1,1,0,1.0,4,4,1.299,0.0,0,0.0,0.0,2.935,2.94,3.876,7.904,104,239,79,61,127,232,27,84,254,255,7,204,39,241,35,252,68,83,4,143,218,2,223,11,188,240,115,95,71,27,197,54,243,36,251,78,85,7,182,215,15,213,20,180,149,0,204,33,203,35,252,65,72,22,143,196,12,223,11,162,230,29,139,68,15.0,20.0,4.0,0.2,1.0,1,56.0,0
0,0,0,0,0,0,0,0,698168,4194304,4096,5,0,1687552,16384,1024,31744,1536,2097152,4096,4096,7,6,0.538,3,7,0,3,7,0,0,1,0,1,1,0,1.001,10,10,1.052,0.0,0,0.0,0.0,4.906,2.617,4.083,7.811,104,169,216,4,118,232,17,245,0,0,15,131,30,6,247,255,139,194,233,181,150,247,255,245,248,209,101,208,102,247,196,129,13,131,109,200,1,137,77,204,233,240,220,255,255,84,24,121,8,128,12,138,48,177,36,179,40,193,28,211,52,21,32,84,14.0,19.0,4.0,0.211,1.0,1,30.0,0
0,0,0,0,0,0,0,0,806331,4194304,4096,5,0,1867776,9216,1024,14336,1024,2097152,4096,4096,5,4,0.556,3,5,0,3,5,0,0,1,0,1,1,0,1.0,7,7,1.32,0.0,0,0.0,0.0,-1,2.457,4.135,7.837,104,94,91,126,17,232,79,92,0,0,102,142,218,233,40,228,255,255,233,186,208,255,255,105,81,19,162,147,68,204,137,167,19,217,39,60,79,193,158,90,61,28,122,157,244,181,233,225,211,221,166,139,77,190,155,231,55,101,111,102,222,13,188,57,7.0,12.0,4.0,0.333,1.0,1,-1,0
0,0,0,0,0,0,0,0,691285,4194304,4096,5,0,1683456,10752,1024,25088,1536,2097152,4096,4096,7,6,0.538,3,7,0,3,7,0,0,1,0,1,1,0,1.001,10,10,1.107,0.0,0,0.0,0.0,4.894,2.587,4.099,7.816,104,168,155,54,252,232,32,105,0,0,233,159,46,1,0,125,26,249,113,83,57,231,70,50,23,141,187,252,120,93,35,149,108,105,98,105,110,116,108,45,56,46,100,108,108,0,244,16,36,60,66,24,190,0,214,20,244,8,36,36,66,4,190,12,14.0,19.0,4.0,0.211,1.0,1,30.0,0
1,0,1,0,0,0,0,1,1196740,4194304,4096,5,1,2895872,113664,1024,302592,0,1048576,4096,4096,5,3,0.625,3,2,0,3,2,0,0,1,0,1,1,0,1.0,4,4,1.376,0.0,0,0.0,0.0,4.482,2.826,4.128,7.88,104,181,145,253,220,232,137,198,254,255,239,27,157,157,198,3,172,142,156,233,202,233,255,255,223,24,156,48,4,32,227,52,156,36,4,44,227,16,156,8,4,0,227,20,156,16,4,20,227,24,144,60,108,72,48,156,40,98,6,46,40,36,72,48,12.0,17.0,4.0,0.235,1.0,1,14.0,0
0,0,0,0,0,0,0,0,759619,4194304,4096,5,0,1699840,12288,1024,27648,1536,2097152,4096,4096,7,6,0.538,3,7,0,3,7,0,0,1,0,1,1,0,1.0,10,10,1.085,0.0,0,0.0,0.0,4.891,2.573,4.134,7.805,104,73,202,57,233,232,4,178,254,255,85,102,193,213,186,102,43,237,139,236,59,207,245,249,141,164,36,244,254,255,255,102,247,198,110,108,245,83,59,196,248,86,247,193,211,118,58,87,249,87,102,15,79,252,102,15,186,255,92,133,240,139,248,19,15.0,20.0,4.0,0.2,1.0,1,30.0,0
1,0,1,0,0,0,0,1,1357102,4194304,4096,5,1,3248128,352768,1024,291328,0,1048576,4096,4096,5,3,0.625,3,2,0,3,2,0,0,1,0,1,1,0,1.0,4,4,1.542,0.0,0,0.0,0.0,4.557,2.86,3.925,7.876,104,148,90,239,217,232,81,80,0,0,139,84,37,0,138,69,4,132,205,248,129,197,6,0,0,0,233,202,202,255,255,33,145,171,230,82,14,255,127,101,94,156,233,214,5,1,0,15,183,22,245,249,141,182,2,0,0,0,129,237,2,0,0,0,18.0,23.0,4.0,0.174,1.0,1,562.0,0
1,0,1,0,0,0,0,1,902736,4194304,4096,5,1,2113536,65536,1024,65024,0,1048576,4096,4096,5,3,0.625,3,2,0,3,2,0,0,1,0,1,1,0,1.0,4,4,1.438,0.0,0,0.0,0.0,3.763,2.731,4.077,7.821,104,44,60,107,249,232,79,156,255,255,250,54,211,29,238,85,23,216,3,183,242,86,93,253,125,59,251,194,246,110,237,234,218,67,181,48,106,218,212,8,169,183,82,235,165,65,75,56,150,143,44,55,89,246,178,87,101,69,202,38,148,142,40,59,9.0,14.0,4.0,0.286,1.0,1,14.0,0
1,0,1,0,0,0,0,1,1003978,4194304,4096,5,0,2252800,16896,1024,26624,0,1048576,4096,4096,5,3,0.625,3,2,0,3,2,0,0,1,0,1,1,0,1.0,4,4,1.399,0.0,0,0.0,0.0,5.569,2.752,4.167,7.85,104,118,60,146,66,232,82,163,12,0,104,230,60,148,120,232,72,163,12,0,104,138,60,146,119,232,62,163,12,0,156,233,225,81,11,0,102,15,182,92,37,0,138,85,2,133,242,233,47,245,12,0,102,139,207,132,198,249,102,193,233,5,102,43,13.0,18.0,4.0,0.222,1.0,1,26.0,0
1,0,1,0,0,0,0,1,820057,4194304,4096,5,1,2072576,65536,1024,65024,0,1048576,4096,4096,5,3,0.625,3,2,0,3,2,0,0,1,0,1,1,0,1.0,4,4,1.422,0.0,0,0.0,0.0,3.687,2.74,3.94,7.732,104,182,148,188,15,232,80,29,255,255,15,183,210,233,45,219,255,255,233,191,233,244,255,102,139,84,37,0,15,189,204,129,197,2,0,0,0,129,238,1,0,0,0,15,191,203,138,237,102,15,182,204,15,182,14,233,133,246,243,255,104,182,137,169,9.0,14.0,4.0,0.286,1.0,1,14.0,0
1,0,1,0,0,0,0,1,1418929,4194304,4096,5,1,3371008,174080,1024,462336,0,1048576,4096,4096,5,3,0.625,3,2,0,3,2,0,0,1,0,1,1,0,1.0,4,4,1.299,0.0,0,0.0,0.0,3.685,2.839,4.113,7.893,104,151,128,237,211,232,93,90,238,255,121,44,104,8,2,60,209,56,191,40,178,36,104,48,2,16,209,52,191,12,178,32,104,16,2,44,202,44,68,88,8,209,4,4,26,241,28,202,183,8,191,199,101,98,0,36,157,73,77,0,36,240,32,68,13.0,19.0,4.0,0.211,1.0,1,42.0,0
0,0,0,0,0,0,0,0,842814,4194304,4096,5,0,1986560,50688,1024,27136,0,1048576,4096,4096,4,3,0.571,3,2,0,3,2,0,0,1,0,1,1,0,1.0,4,4,1.13,0.0,0,0.0,0.0,4.036,2.596,4.07,7.821,104,191,104,79,205,232,167,170,0,0,174,56,0,16,0,4,0,48,0,32,0,12,0,20,0,0,0,52,0,60,0,28,0,56,0,56,97,24,22,209,5,174,127,82,0,147,23,35,148,137,142,36,249,8,231,60,97,52,22,0,249,20,231,12,14.0,19.0,4.0,0.211,1.0,1,38.0,0
1,0,1,0,0,0,0,1,931258,4194304,4096,5,0,2170880,3584,1024,26112,0,1048576,4096,4096,5,3,0.625,3,2,0,3,2,0,0,1,0,1,1,0,1.0,4,4,1.414,0.0,0,0.0,0.0,3.618,2.704,4.182,7.841,104,213,207,205,93,232,92,158,0,0,15,140,19,111,0,0,137,77,248,102,193,233,219,15,189,203,135,207,141,100,36,0,248,15,171,241,139,77,188,211,234,35,77,232,15,192,242,139,125,224,139,211,58,206,193,226,4,59,239,141,20,10,137,77,9.0,14.0,4.0,0.286,1.0,1,38.0,0
1,0,1,0,0,0,0,1,973407,4194304,4096,5,1,2174976,66560,1024,65536,0,1048576,4096,4096,5,3,0.625,3,2,0,3,2,0,0,1,0,1,1,0,1.0,4,4,1.347,0.0,0,0.0,0.0,3.861,2.75,4.19,7.852,104,172,215,32,36,232,86,101,253,255,248,102,133,199,59,241,233,103,242,254,255,156,233,129,147,253,255,118,26,139,176,234,35,242,105,80,41,214,20,160,74,0,128,40,0,56,214,16,128,12,0,20,214,48,128,36,0,60,214,32,128,4,0,40,9.0,14.0,4.0,0.286,1.0,1,14.0,0
1,0,1,0,0,0,0,1,907719,4194304,4096,5,0,2228224,19968,1024,36864,0,1048576,4096,4096,5,3,0.625,3,2,0,3,2,0,0,1,0,1,1,0,1.0,4,4,1.196,0.0,0,0.0,0.0,3.858,2.717,4.008,7.792,104,42,22,8,169,232,135,18,0,0,53,32,178,60,53,20,178,44,53,48,178,56,53,36,178,52,53,28,178,0,53,8,91,56,56,234,55,99,7,56,87,28,96,0,102,32,193,178,8,231,38,53,8,81,178,4,53,24,56,255,120,119,111,56,11.0,16.0,4.0,0.25,1.0,1,38.0,0
0,0,0,0,0,0,0,0,731249,4194304,4096,5,0,1654784,8704,1024,21504,1536,2097152,4096,4096,7,6,0.538,3,7,0,3,7,0,0,1,0,1,1,0,1.0,10,10,1.251,0.0,0,0.0,0.0,4.897,2.591,4.044,7.797,104,189,55,116,16,232,136,2,247,255,197,44,230,101,119,43,224,92,61,236,64,63,223,12,215,56,212,83,139,69,4,248,139,84,37,0,141,173,252,255,255,255,58,200,102,133,255,247,234,233,53,9,247,255,137,92,37,0,233,127,82,255,255,216,10.0,15.0,4.0,0.267,1.0,1,30.0,0
0,0,0,0,0,0,0,0,754230,4194304,4096,5,0,1712128,8704,1024,21504,1536,2097152,4096,4096,7,6,0.538,3,7,0,3,7,0,0,1,0,1,1,0,1.0,10,10,1.153,0.0,0,0.0,0.0,4.889,2.554,4.203,7.85,104,254,216,22,186,232,180,175,255,255,139,92,37,0,247,193,123,108,137,28,129,250,98,4,227,113,129,197,4,0,0,0,129,253,255,0,98,0,248,83,157,233,162,245,245,255,239,0,148,16,127,40,125,52,91,8,11,28,248,32,244,56,154,60,13.0,18.0,4.0,0.222,1.0,1,30.0,0
1,0,1,0,0,0,0,1,0,4194304,4096,5,1,2134016,11264,1024,16384,0,1048576,4096,4096,5,3,0.625,3,2,0,3,2,0,0,1,0,1,1,0,1.0,4,4,1.43,0.0,0,0.0,0.0,4.601,2.749,3.997,7.79,104,186,144,182,84,232,210,123,255,255,233,99,188,255,255,157,15,49,144,104,38,227,174,84,232,191,123,255,255,243,164,104,134,112,173,84,232,179,123,255,255,239,40,239,127,120,15,171,252,119,84,61,197,143,179,189,139,68,37,0,139,85,4,245,7.0,12.0,5.0,0.417,1.0,1,20.0,0
0,0,0,0,0,0,0,1,1629737,4194304,4096,5,0,4771840,1216000,1024,832512,0,1048576,4096,4096,4,3,0.571,3,2,0,3,2,0,0,1,0,1,1,0,1.0,4,4,1.11,0.0,0,0.0,0.0,4.139,2.842,3.469,7.923,104,7,96,196,251,232,115,97,7,0,51,32,68,12,51,52,68,40,51,0,68,16,51,36,68,28,51,8,68,56,51,56,237,158,164,69,197,142,118,17,135,0,11,193,68,20,183,40,227,167,82,111,149,229,122,17,135,0,163,243,51,44,7,68,17.0,23.0,5.0,0.217,1.0,1,58.0,0
1,0,1,0,0,0,0,1,825262,16777216,4096,6,1,1880064,5120,1024,20480,0,262144,8192,4096,4,3,0.571,3,2,0,3,2,0,0,1,0,1,1,0,1.0,3,3,1.488,0.0,0,0.0,0.0,5.272,2.793,4.107,7.784,104,1,75,22,4,232,91,180,0,0,169,44,26,52,169,36,26,56,169,24,26,48,169,40,26,8,169,20,26,12,169,28,42,43,159,203,7,42,127,152,25,1,59,44,14,26,32,101,70,169,16,42,127,18,243,255,42,131,152,25,1,128,44,158,9.0,14.0,4.0,0.286,1.0,1,64.0,0
0,0,0,0,0,0,0,0,691744,4194304,4096,5,0,1650688,14848,1024,28672,1536,2097152,4096,4096,7,6,0.538,3,7,0,3,7,0,0,1,0,1,1,0,1.001,10,10,1.164,0.0,0,0.0,0.0,4.912,2.601,3.979,7.716,104,77,29,233,144,232,161,191,247,255,53,44,53,16,53,60,53,40,53,36,53,12,53,20,53,4,53,56,53,32,53,24,28,20,28,12,28,12,75,53,24,11,53,52,123,30,142,53,32,53,28,28,52,102,175,130,4,116,106,134,121,79,0,189,9.0,14.0,4.0,0.286,1.0,1,30.0,0
0,0,1,0,0,0,0,1,0,4194304,4096,5,1,1650688,9728,1024,9728,0,1048576,4096,4096,4,3,0.571,3,2,0,3,2,0,0,1,0,1,1,0,1.0,4,4,1.092,0.0,0,0.0,0.0,4.704,2.653,4.199,7.835,104,165,129,86,94,232,179,142,255,255,15,132,179,195,246,255,64,59,195,233,59,72,246,255,64,250,161,88,243,71,175,88,117,109,174,244,89,55,160,88,238,71,175,88,147,121,197,152,62,240,183,88,240,71,175,88,208,124,121,193,231,171,191,88,5.0,10.0,4.0,0.4,1.0,1,8.0,0
0,0,0,0,0,0,0,0,778533,4194304,4096,5,0,1720320,16384,1024,31744,1536,2097152,4096,4096,7,6,0.538,3,7,0,3,7,0,0,1,0,1,1,0,1.0,10,10,1.035,0.0,0,0.0,0.0,4.894,2.616,4.189,7.849,104,210,3,109,32,232,59,192,254,255,51,227,107,102,96,106,100,34,119,76,84,104,80,12,91,44,182,0,233,8,6,40,69,24,80,48,91,52,182,60,233,36,6,4,79,1,156,0,90,216,73,231,22,93,190,141,88,0,4,99,69,16,129,80,14.0,19.0,4.0,0.211,1.0,1,30.0,0
0,0,0,0,0,0,0,0,0,4194304,4096,5,0,1736704,56320,1024,2560,2048,33554432,4096,4096,4,3,0.571,3,4,0,3,4,0,0,1,0,1,1,0,1.0,5,5,1.272,0.0,0,0.0,0.0,-1,2.461,4.231,7.855,104,0,100,217,145,232,248,220,255,255,137,85,4,137,69,8,233,251,109,10,0,137,85,4,233,68,169,9,0,129,197,2,0,0,0,233,110,205,255,255,15,131,223,82,10,0,139,116,17,28,249,128,254,97,141,4,134,248,139,4,16,233,252,56,6.0,11.0,5.0,0.455,1.0,1,-1,0
0,0,0,0,0,0,0,0,719059,4194304,4096,5,0,1675264,10240,1024,24576,7680,2097152,4096,4096,7,6,0.538,3,7,0,3,7,0,0,1,0,1,1,0,1.0,10,10,1.091,0.0,0,0.0,0.0,4.913,2.613,4.026,7.762,104,92,4,148,228,232,70,132,255,255,139,69,244,102,51,243,193,193,93,102,129,238,216,18,139,77,16,141,52,31,209,254,102,129,249,212,120,249,139,4,176,81,15,146,197,139,77,12,3,194,232,190,208,0,0,131,196,4,132,252,128,253,22,168,13.0,18.0,4.0,0.222,1.0,1,30.0,0
0,0,0,0,0,0,0,0,763321,4194304,4096,5,0,1703936,16384,1024,32256,2048,2097152,4096,4096,7,6,0.538,3,7,0,3,7,0,0,1,0,1,1,0,1.001,10,10,1.024,0.0,0,0.0,0.0,4.912,2.603,4.126,7.774,104,206,33,22,0,232,64,236,246,255,131,236,103,102,61,255,101,79,33,227,118,49,18,147,176,238,94,2,227,253,102,15,182,84,37,0,254,203,138,93,2,245,233,4,213,245,255,147,224,119,64,11,229,118,88,27,248,107,54,17,132,188,223,84,13.0,18.0,4.0,0.222,1.0,1,30.0,0
0,0,0,0,0,0,0,0,782506,4194304,4096,5,0,1851392,8192,4096,12288,0,1048576,4096,4096,4,3,0.571,3,2,0,3,2,0,0,1,0,1,1,0,1.003,4,4,2.943,0.0,0,0.0,0.0,1.922,2.542,4.156,7.838,104,81,252,150,196,232,183,180,254,255,215,8,93,16,60,40,16,28,223,60,185,4,161,56,126,20,93,0,60,12,16,48,223,24,185,8,217,8,154,203,184,56,208,90,0,94,79,160,69,92,84,24,56,36,217,12,154,0,56,20,217,56,154,4,8.0,13.0,4.0,0.308,1.0,1,24.0,0
0,0,0,0,0,0,0,0,649995,4194304,4096,5,0,1630208,7680,1024,20480,1536,2097152,4096,4096,7,6,0.538,3,7,0,3,7,0,0,1,0,1,1,0,1.0,10,10,1.239,0.0,0,0.0,0.0,4.899,2.594,3.974,7.775,104,122,235,101,13,232,123,191,247,255,7,242,78,40,223,50,172,222,28,163,238,112,116,118,90,17,162,244,69,45,116,104,186,235,114,37,232,92,191,247,255,102,137,124,37,0,233,19,141,255,255,233,215,90,247,255,139,229,210,214,35,211,102,11,9.0,14.0,4.0,0.286,1.0,1,30.0,0
0,0,0,0,0,0,0,0,0,4194304,4096,5,0,1904640,24576,4096,45056,0,1048576,4096,4096,4,3,0.571,3,2,0,3,2,0,0,1,0,1,1,0,1.0,4,4,3.048,0.0,0,0.0,0.0,4.439,2.511,4.063,7.83,104,36,100,201,102,232,10,22,0,0,102,137,93,4,233,163,16,255,255,15,132,45,106,254,255,139,68,157,0,80,245,129,235,1,0,0,0,233,22,106,254,255,233,89,22,0,0,226,59,246,64,13,224,110,69,33,240,89,8,164,25,151,233,18,8.0,14.0,4.0,0.286,2.0,1,54.0,0
1,0,1,0,0,0,0,1,932246,16777216,4096,6,1,2109440,60416,1024,54784,0,262144,8192,4096,4,3,0.571,3,2,0,3,2,0,0,1,0,1,1,0,1.0,3,3,1.376,0.0,0,0.0,0.0,3.761,2.737,4.162,7.838,104,171,231,181,146,232,110,225,254,255,129,197,6,0,0,0,233,210,202,0,0,139,229,93,233,251,250,244,255,233,213,30,245,255,15,132,24,255,244,255,15,134,233,216,255,255,102,131,124,79,8,0,233,216,216,255,255,15,132,100,217,0,0,66,11.0,16.0,4.0,0.25,1.0,1,36.0,0
0,0,0,0,0,0,0,0,658686,4194304,4096,5,0,1630208,12288,1024,26624,1536,2097152,4096,4096,7,6,0.538,3,7,0,3,7,0,0,1,0,1,1,0,1.001,10,10,1.107,0.0,0,0.0,0.0,4.884,2.583,3.889,7.735,104,122,130,174,173,232,8,163,247,255,139,84,37,0,102,15,182,2,233,0,180,254,255,35,0,35,4,35,36,35,32,35,56,35,16,35,40,35,48,35,8,35,44,35,24,57,90,103,66,60,57,208,59,86,0,25,53,35,12,35,44,129,36,150,13.0,18.0,4.0,0.222,1.0,1,30.0,0
1,0,1,0,1,0,0,1,0,4194304,8192,4,0,1097728,122368,1024,37376,0,1048576,4096,8192,3,3,0.5,3,1,0,3,1,0,0,1,0,1,1,0,1.0,2,2,64.0,0.0,0,0.0,-1,6.644,2.677,4.841,7.469,255,37,0,32,71,0,68,11,0,220,24,0,74,254,1,0,4,25,120,37,160,22,0,68,22,0,74,112,0,0,4,167,52,80,69,0,0,23,191,1,0,0,0,60,6,60,6,60,52,1,0,0,0,115,52,109,56,11,0,60,6,42,6,86,1.0,0.0,0.0,0.0,1.0,1,38.0,0
0,0,0,0,0,0,0,0,766842,4194304,4096,5,0,1732608,26112,1024,43008,1536,2097152,4096,4096,7,6,0.538,3,7,0,3,7,0,0,1,0,1,1,0,1.0,10,10,1.306,0.0,0,0.0,0.0,4.881,2.631,4.112,7.817,104,2,33,42,165,232,99,41,1,0,102,142,216,233,170,0,247,255,60,3,233,45,57,1,0,137,17,233,156,0,247,255,255,77,228,233,165,67,247,255,15,49,129,237,8,0,0,0,233,114,94,247,255,4,40,0,44,194,8,71,48,0,24,194,14.0,19.0,4.0,0.211,1.0,1,30.0,0
0,0,0,0,0,0,0,0,718193,4194304,4096,5,0,1687552,22528,1024,39424,1536,2097152,4096,4096,7,6,0.538,3,7,0,3,7,0,0,1,0,1,1,0,1.0,10,10,1.067,0.0,0,0.0,0.0,4.898,2.622,4.001,7.76,104,242,155,251,184,232,8,232,8,0,82,4,223,12,185,0,178,60,157,56,135,16,109,8,58,36,55,52,252,32,240,56,223,8,185,4,12,20,12,117,146,232,160,79,0,42,82,117,10,248,42,28,12,28,12,32,12,52,12,36,12,8,12,16,13.0,18.0,4.0,0.222,1.0,1,30.0,0
0,0,0,0,0,0,0,0,740927,4194304,4096,5,0,1757184,19456,1024,62464,1536,2097152,4096,4096,7,6,0.538,3,7,0,3,7,0,0,1,0,1,1,0,1.0,10,10,1.303,0.0,0,0.0,0.0,4.892,2.647,4.105,7.811,104,127,45,206,161,232,97,219,255,255,250,28,32,56,32,60,32,4,32,0,32,20,32,48,32,44,32,24,32,12,32,36,32,0,32,28,60,40,17,26,77,154,100,88,0,206,138,106,226,162,41,28,252,28,201,12,198,24,128,44,103,48,76,20,16.0,21.0,4.0,0.19,1.0,1,30.0,0
0,0,0,0,0,0,0,0,775092,4194304,4096,5,0,1744896,32768,1024,56320,1536,2097152,4096,4096,7,6,0.538,3,7,0,3,7,0,0,1,0,1,1,0,1.0,10,10,1.214,0.0,0,0.0,0.0,4.883,2.648,4.033,7.785,104,68,220,26,140,232,223,120,247,255,102,137,69,4,233,132,229,1,0,59,202,233,40,130,247,255,252,62,202,57,245,2,177,238,103,48,250,19,174,13,142,131,13,173,198,53,233,104,14,248,255,143,68,37,0,233,95,14,248,255,206,56,121,0,16.0,21.0,4.0,0.19,1.0,1,30.0,0
0,0,0,0,0,0,0,0,783699,4194304,4096,5,0,1703936,7680,1024,20480,1536,2097152,4096,4096,7,6,0.538,3,7,0,3,7,0,0,1,0,1,1,0,1.0,10,10,1.239,0.0,0,0.0,0.0,4.9,2.592,4.22,7.853,104,81,18,215,184,232,79,106,255,255,102,137,85,4,233,48,82,255,255,102,137,69,4,233,127,13,0,0,104,228,127,205,184,232,51,106,255,255,141,182,255,255,255,255,211,194,134,251,102,129,234,150,102,15,182,22,102,211,243,102,211,200,86,15,10.0,15.0,4.0,0.267,1.0,1,30.0,0
0,0,0,0,0,0,0,0,717119,4194304,4096,5,0,1683456,10752,1024,25088,1536,2097152,4096,4096,7,6,0.538,3,7,0,3,7,0,0,1,0,1,1,0,1.0,10,10,1.073,0.0,0,0.0,0.0,4.892,2.645,4.088,7.787,104,67,117,152,249,232,56,43,248,255,46,12,31,52,31,36,31,60,31,48,31,32,31,4,31,8,31,0,31,44,31,44,31,8,31,12,173,56,42,174,253,40,17,88,0,246,56,197,85,164,218,28,179,28,173,44,42,0,179,8,173,4,42,32,13.0,18.0,4.0,0.222,1.0,1,30.0,0
1,0,1,0,0,0,0,1,852439,16777216,4096,6,1,1929216,9216,1024,5632,0,262144,16384,4096,4,3,0.571,3,2,0,3,2,0,0,1,0,1,1,0,1.0,3,3,1.471,0.0,0,0.0,0.0,4.066,2.738,4.28,7.862,104,153,247,146,7,232,116,98,0,0,139,124,37,0,139,69,4,138,77,8,247,196,228,55,149,26,141,173,2,0,0,0,15,165,199,233,57,223,10,0,139,92,37,0,248,102,247,196,42,107,141,173,4,0,0,0,83,102,59,196,132,227,249,157,8.0,13.0,4.0,0.308,1.0,1,14.0,0
0,0,0,0,0,0,0,1,0,4194304,4096,5,0,1691648,51712,1024,19968,0,1048576,4096,4096,3,3,0.5,3,2,0,3,2,0,0,1,0,1,1,0,1.0,4,4,1.28,0.0,0,0.0,0.0,-1,2.537,3.987,7.785,104,127,215,48,146,232,205,21,0,0,113,12,193,32,45,56,113,36,193,60,45,20,113,40,193,8,45,24,113,48,193,52,150,29,57,166,107,21,34,110,81,0,5,24,45,0,43,40,78,124,77,5,254,82,38,110,81,0,5,24,113,48,24,193,4.0,9.0,4.0,0.444,1.0,1,-1,0
1,0,1,0,0,0,0,1,888689,16777216,4096,6,1,1961984,18944,1024,6656,0,262144,8192,4096,4,3,0.571,3,2,0,3,2,0,0,1,0,1,1,0,1.001,3,3,1.414,0.0,0,0.0,0.0,3.778,2.778,4.27,7.835,104,88,66,113,255,232,97,78,1,0,141,182,255,255,255,255,211,193,210,241,15,182,22,248,139,12,20,129,237,4,0,0,0,233,109,150,0,0,156,233,138,207,255,255,255,32,218,16,201,60,164,52,137,36,120,40,93,12,88,28,69,44,51,20,10.0,15.0,4.0,0.267,1.0,1,20.0,0
1,0,1,0,0,0,0,1,1104285,4194304,4096,5,1,2519040,71680,1024,161792,0,1048576,4096,4096,5,3,0.625,3,2,0,3,2,0,0,1,0,1,1,0,1.0,4,4,1.255,0.0,0,0.0,0.0,6.902,2.837,4.191,7.869,104,125,116,231,135,232,151,253,255,255,139,229,93,195,156,233,127,73,0,0,102,139,84,37,0,247,197,129,29,40,75,254,193,138,77,2,132,248,141,173,254,255,255,255,233,191,97,11,0,143,68,37,0,233,72,51,0,0,245,86,59,201,51,246,11.0,16.0,4.0,0.25,1.0,1,50.0,0
1,0,1,0,0,0,0,1,864908,16777216,4096,6,1,2035712,45056,1024,13824,0,262144,8192,4096,4,3,0.571,3,2,0,3,2,0,0,1,0,1,1,0,1.0,3,3,1.43,0.0,0,0.0,0.0,4.397,2.767,4.185,7.828,104,209,238,216,113,232,242,42,1,0,113,7,167,192,58,205,107,71,35,206,36,228,108,165,133,208,45,202,89,53,164,139,22,129,237,4,0,0,0,233,234,138,1,0,108,12,101,36,24,16,101,60,24,20,101,8,24,4,101,28,24,52,101,32,11.0,16.0,4.0,0.25,1.0,1,20.0,0
0,0,0,0,0,0,0,0,751876,4194304,4096,5,0,1691648,16896,1024,32768,1536,2097152,4096,4096,7,6,0.538,3,7,0,3,7,0,0,1,0,1,1,0,1.0,10,10,1.027,0.0,0,0.0,0.0,4.892,2.612,4.083,7.814,104,29,82,178,0,232,211,147,1,0,240,70,51,203,42,148,162,235,121,109,57,222,34,208,65,59,221,0,206,59,197,62,197,71,45,238,236,240,70,51,203,42,142,166,240,123,87,3,194,51,207,87,18,223,58,214,5,206,62,209,49,102,139,68,13.0,18.0,4.0,0.222,1.0,1,30.0,0
0,0,0,0,0,0,0,0,717513,4194304,4096,5,0,1695744,9216,1024,21504,1536,2097152,4096,4096,7,6,0.538,3,7,0,3,7,0,0,1,0,1,1,0,1.0,10,10,1.208,0.0,0,0.0,0.0,4.894,2.597,4.184,7.845,104,200,10,157,88,232,69,38,9,0,143,68,37,0,233,145,164,255,255,15,130,215,70,0,0,102,131,248,90,233,182,5,9,0,102,137,69,4,233,194,77,0,0,137,84,37,0,137,69,4,233,69,91,9,0,102,142,227,233,220,74,9,0,233,9.0,14.0,4.0,0.286,1.0,1,30.0,0
0,0,0,0,0,0,0,0,720228,4194304,4096,5,0,1724416,18432,1024,38912,1536,2097152,4096,4096,7,6,0.538,3,7,0,3,7,0,0,1,0,1,1,0,1.0,10,10,1.191,0.0,0,0.0,0.0,4.88,2.64,4.119,7.783,104,248,107,142,118,232,74,138,8,0,244,50,174,164,249,92,111,67,52,218,6,251,106,214,5,138,166,236,33,104,72,46,180,170,44,50,12,235,60,104,32,50,16,235,8,104,24,50,40,235,48,104,56,50,28,235,20,104,44,49,4,49,45,228,15.0,20.0,4.0,0.2,1.0,1,30.0,0
0,0,0,0,0,0,0,0,719534,4194304,4096,5,0,1708032,34816,1024,47616,1024,2097152,4096,4096,5,3,0.625,3,4,0,3,4,0,0,1,0,1,1,0,1.0,6,6,1.362,0.0,0,0.0,0.0,-1,2.52,4.192,7.862,104,221,210,18,110,232,148,47,248,255,139,92,37,0,54,102,15,182,3,59,239,129,197,2,0,0,0,233,148,159,1,0,217,8,240,48,249,60,253,40,46,4,74,32,80,36,176,56,206,20,217,44,240,12,21,2,224,40,88,249,12,238,175,105,6.0,11.0,4.0,0.364,1.0,1,-1,0
0,0,0,0,0,0,0,0,0,4194304,4096,5,0,1966080,58880,4096,35328,0,1048576,4096,4096,4,3,0.571,3,2,0,3,2,0,0,1,0,1,1,0,1.001,4,4,1.126,0.0,0,0.0,0.0,4.018,2.553,3.962,7.802,104,49,98,42,128,232,98,32,255,255,15,132,139,22,0,0,15,182,7,51,193,246,199,173,132,245,37,255,0,0,0,245,139,4,133,204,22,84,0,193,233,8,129,252,32,19,202,12,51,200,233,103,210,254,255,11,243,15,147,199,15,76,222,254,14.0,19.0,4.0,0.211,1.0,1,38.0,0
0,0,0,0,0,0,0,0,714339,4194304,4096,5,0,1617920,4096,1024,8704,512,2097152,4096,4096,6,5,0.545,3,6,0,3,6,0,0,1,0,1,1,0,1.0,9,9,1.393,0.0,0,0.0,0.0,-1,2.554,4.039,7.766,104,209,115,86,22,232,149,222,7,0,43,28,43,44,43,52,43,24,43,8,43,4,43,12,43,0,43,16,43,40,43,56,151,60,216,248,238,51,88,0,227,130,43,32,202,4,237,49,113,154,46,240,51,88,0,21,192,43,20,134,148,72,94,242,8.0,13.0,4.0,0.308,1.0,1,-1,0
0,0,0,0,0,0,0,0,742525,4194304,4096,5,0,1679360,16384,1024,31744,1536,2097152,4096,4096,7,6,0.538,3,7,0,3,7,0,0,1,0,1,1,0,1.0,10,10,1.085,0.0,0,0.0,0.0,4.887,2.595,4.048,7.759,104,228,114,63,108,232,135,161,0,0,139,124,37,0,246,211,139,31,233,100,6,1,0,143,68,37,0,233,33,239,0,0,5,154,255,111,91,49,250,37,238,99,102,105,164,130,165,250,112,152,140,208,48,199,126,71,68,35,151,15,133,129,169,0,14.0,19.0,4.0,0.211,1.0,1,30.0,0
1,0,1,0,1,0,0,0,902355,4194304,4096,5,0,2187264,16384,1024,22016,36352,2097152,4096,4096,7,4,0.636,3,5,0,3,5,0,0,1,0,1,1,0,1.0,7,7,1.533,0.0,0,0.0,0.0,3.987,2.701,3.92,7.808,104,60,190,212,17,232,110,97,254,255,245,59,249,233,6,61,254,255,133,212,141,173,4,0,0,0,248,129,254,205,2,230,0,132,244,83,129,255,199,94,50,59,102,133,229,157,233,25,133,253,255,139,84,37,0,102,15,203,139,93,4,133,220,102,8.0,13.0,4.0,0.308,1.0,1,22.0,0
0,0,0,0,0,0,0,0,705587,4194304,4096,5,0,1671168,16896,1024,33280,1536,2097152,4096,4096,7,6,0.538,3,7,0,3,7,0,0,1,0,1,1,0,1.001,10,10,1.303,0.0,0,0.0,0.0,4.892,2.637,3.999,7.776,104,0,192,138,73,232,39,153,254,255,129,197,6,0,0,0,233,117,37,0,0,13,56,123,28,242,0,13,32,123,20,242,12,13,16,123,4,242,60,13,40,123,40,44,38,87,80,126,44,39,226,88,0,231,19,242,24,160,20,44,78,126,166,208,15.0,20.0,4.0,0.2,1.0,1,30.0,0
0,0,0,0,0,0,0,0,0,4194304,4096,5,0,3158016,646656,1024,259584,0,1048576,16384,4096,4,6,0.4,3,5,0,3,5,0,0,1,1,1,1,0,1.0,7,7,1.121,0.0,0,-1,-1,5.736,2.664,3.914,7.896,104,240,118,176,227,232,183,91,244,255,233,80,166,238,255,0,118,101,114,115,105,111,110,46,100,108,108,0,102,139,92,37,0,102,15,171,239,102,139,125,2,245,102,133,198,248,129,237,2,0,0,0,102,3,223,233,20,90,243,255,131,236,103,108,22.0,28.0,5.0,0.179,1.0,1,58.0,0
0,0,0,0,0,0,0,0,0,4194304,4096,5,0,1630208,32768,1024,2048,512,33554432,4096,4096,4,3,0.571,3,4,0,3,4,0,0,1,0,1,1,0,1.001,5,5,1.386,0.0,0,0.0,0.0,-1,2.471,3.99,7.745,104,121,136,95,1,232,165,31,248,255,101,8,9,60,151,32,139,56,120,4,82,52,9,24,151,40,139,12,120,16,82,40,9,12,151,8,55,48,55,30,66,188,44,79,0,50,168,169,70,0,50,20,55,137,37,184,44,79,0,50,79,145,233,22,6.0,11.0,4.0,0.364,1.0,1,-1,0
0,0,0,0,0,0,0,0,0,4194304,4096,5,0,2609152,339456,1024,136192,0,524288,131072,4096,4,3,0.571,3,2,0,3,2,0,0,1,0,1,1,0,1.0,4,4,1.054,0.0,0,0.0,0.0,5.599,2.738,3.826,7.845,104,11,53,26,80,232,126,205,251,255,139,93,252,102,191,242,31,129,239,34,124,146,74,141,60,48,3,251,210,227,245,102,169,158,67,139,93,8,102,133,243,137,125,248,141,127,4,102,59,238,59,251,15,131,25,198,254,255,139,60,48,51,250,59,14.0,20.0,4.0,0.2,2.0,1,154.0,0
0,0,0,0,0,0,0,0,705240,4194304,4096,5,0,1642496,10752,1024,21504,1536,2097152,4096,4096,6,5,0.545,3,6,0,3,6,0,0,1,0,1,1,0,1.0,9,9,1.28,0.0,0,0.0,0.0,-1,2.575,4.038,7.779,104,163,209,13,216,232,215,4,0,0,210,227,233,96,119,1,0,233,102,116,1,0,81,102,184,253,98,15,191,195,15,150,192,161,68,224,78,0,233,77,202,9,0,139,84,37,0,139,125,4,129,197,8,0,0,0,54,137,58,233,39,251,1,0,7.0,12.0,4.0,0.333,1.0,1,-1,0
0,0,0,0,0,0,0,0,725941,4194304,4096,5,0,1716224,15360,1024,31232,1536,2097152,4096,4096,7,6,0.538,3,7,0,3,7,0,0,1,0,1,1,0,1.001,10,10,1.038,0.0,0,0.0,0.0,4.892,2.634,4.186,7.836,104,1,200,206,246,232,133,166,254,255,32,73,18,47,87,3,36,137,239,104,193,76,250,188,157,222,155,30,129,70,127,221,179,4,80,225,137,3,45,24,176,204,128,76,78,73,98,41,74,23,191,163,20,165,172,22,34,24,119,32,184,186,61,85,14.0,19.0,4.0,0.211,1.0,1,30.0,0
0,0,0,0,0,0,0,0,690764,4194304,4096,5,0,1650688,11776,1024,26112,1536,2097152,4096,4096,7,6,0.538,3,7,0,3,7,0,0,1,0,1,1,0,1.0,10,10,1.079,0.0,0,0.0,0.0,4.892,2.611,3.963,7.758,104,53,252,123,5,232,74,241,1,0,15,132,101,37,0,0,64,102,193,241,244,128,197,107,43,69,8,102,186,141,89,139,77,12,102,193,202,153,102,247,196,115,37,139,85,232,137,1,102,193,199,32,102,43,240,102,152,139,69,20,128,195,252,95,13.0,18.0,4.0,0.222,1.0,1,30.0,0
1,0,1,0,0,0,0,1,910326,4194304,4096,5,0,2138112,3072,1024,26112,0,1048576,4096,4096,5,3,0.625,3,2,0,3,2,0,0,1,0,1,1,0,1.0,4,4,1.446,0.0,0,0.0,0.0,4.55,2.711,4.107,7.824,104,59,245,88,5,232,30,164,0,0,137,3,233,70,128,255,255,109,102,99,57,48,117,46,100,108,108,0,233,5,199,0,0,38,136,24,233,26,35,1,0,38,136,24,233,226,179,255,255,139,213,129,237,4,0,0,0,137,84,37,0,233,214,190,9.0,14.0,4.0,0.286,1.0,1,38.0,0
0,0,0,0,0,0,0,0,713687,4194304,4096,5,0,1675264,19456,1024,37888,1536,2097152,4096,4096,7,6,0.538,3,7,0,3,7,0,0,1,0,1,1,0,1.0,10,10,1.21,0.0,0,0.0,0.0,4.902,2.639,3.968,7.77,104,216,33,235,126,232,109,220,8,0,15,133,126,146,7,0,102,139,85,8,133,215,168,164,102,1,17,245,233,109,146,7,0,233,151,4,8,0,199,32,207,20,39,40,151,16,199,28,207,0,39,8,151,36,199,4,207,24,39,52,17,4,178,113,14.0,19.0,4.0,0.211,1.0,1,30.0,0
1,0,1,0,0,0,0,1,830800,16777216,4096,6,1,1933312,15360,1024,4096,0,262144,8192,4096,4,3,0.571,3,2,0,3,2,0,0,1,0,1,1,0,1.0,3,3,1.414,0.0,0,0.0,0.0,4.384,2.759,4.195,7.808,104,255,130,169,3,232,194,2,10,0,0,8,9,32,243,56,9,24,243,60,9,36,243,12,9,48,243,28,9,4,243,32,9,8,243,8,155,44,126,35,32,9,0,110,35,253,44,64,35,32,243,204,163,17,1,139,127,58,251,255,120,52,11,44,7.0,12.0,4.0,0.333,1.0,1,20.0,0
0,0,0,0,0,0,0,0,703094,4194304,4096,5,0,1687552,19968,1024,36864,1536,2097152,4096,4096,7,6,0.538,3,7,0,3,7,0,0,1,0,1,1,0,1.0,10,10,1.309,0.0,0,0.0,0.0,4.902,2.622,4.051,7.759,104,129,39,191,224,232,154,245,255,255,102,139,215,15,191,216,102,193,234,5,102,247,219,102,43,250,210,206,139,85,200,15,187,195,15,172,203,62,43,193,43,241,139,77,244,15,145,195,102,137,60,10,254,203,66,102,211,235,15,70,218,129,250,0,13.0,18.0,4.0,0.222,1.0,1,30.0,0
0,0,0,0,1,0,0,0,0,4194304,4096,5,0,1871872,13824,1024,5632,0,1048576,4096,4096,3,3,0.5,3,2,0,3,2,0,0,1,0,1,1,0,1.001,3,3,1.438,0.0,0,0.0,0.0,2.16,2.541,4.204,7.887,104,118,232,155,143,232,178,106,244,255,156,143,68,37,0,233,91,0,0,0,233,244,121,255,255,15,133,109,161,255,255,141,82,192,129,252,179,111,85,111,131,250,4,15,140,31,170,244,255,139,202,139,250,248,209,249,102,129,254,77,76,131,231,1,9.0,14.0,4.0,0.286,1.0,1,14.0,0
0,0,0,0,0,0,0,1,1067495,4194304,4096,5,0,2699264,323584,1024,148480,0,1048576,4096,4096,4,3,0.571,3,2,0,3,2,0,0,1,0,1,1,0,1.0,4,4,1.168,0.0,0,0.0,0.0,4.014,2.727,3.866,7.871,104,75,217,222,31,232,199,186,244,255,15,130,55,240,244,255,141,133,236,254,255,255,80,15,200,102,152,15,183,192,83,184,201,18,182,116,161,152,96,89,0,255,208,95,91,94,139,229,93,233,181,196,244,255,102,137,93,4,233,166,254,244,255,15,17.0,22.0,4.0,0.182,1.0,1,154.0,0
0,0,0,0,0,0,0,0,764128,4194304,4096,5,0,1699840,10240,1024,26112,4608,2097152,4096,4096,7,6,0.538,3,7,0,3,7,0,0,1,0,1,1,0,1.001,10,10,1.196,0.0,0,0.0,0.0,4.896,2.632,4.136,7.824,104,124,75,168,248,232,170,39,254,255,233,244,9,255,255,79,233,36,1,0,0,15,131,43,163,254,255,139,85,8,15,183,207,233,64,37,255,255,15,132,53,243,253,255,58,193,233,40,243,253,255,85,193,205,188,139,236,129,236,12,1,0,0,83,9.0,14.0,4.0,0.286,1.0,1,30.0,0
0,0,0,0,0,0,0,0,649750,4194304,4096,5,0,1630208,9728,1024,22016,1536,2097152,4096,4096,7,6,0.538,3,7,0,3,7,0,0,1,0,1,1,0,1.0,10,10,1.243,0.0,0,0.0,0.0,4.891,2.612,3.925,7.695,104,2,181,191,129,232,235,128,255,255,137,69,8,233,11,241,255,255,40,186,202,47,156,139,166,213,72,50,232,112,255,156,233,126,183,255,255,143,68,37,0,233,158,138,0,0,104,2,122,84,201,232,189,128,255,255,75,246,198,75,248,57,93,248,9.0,14.0,4.0,0.286,1.0,1,30.0,0
0,0,0,0,0,0,0,0,790684,4194304,4096,5,0,1896448,14336,1024,23040,0,1048576,4096,4096,4,3,0.571,3,2,0,3,2,0,0,1,0,1,1,0,1.0,4,4,1.167,0.0,0,0.0,0.0,5.926,2.169,4.155,7.853,104,251,219,25,248,232,94,20,0,0,129,237,2,0,0,0,245,128,253,20,249,102,211,226,102,137,85,4,233,5,3,245,255,157,15,162,144,104,75,48,28,248,232,57,20,0,0,143,68,37,0,233,202,140,244,255,57,125,248,15,132,151,17,245,8.0,13.0,4.0,0.308,1.0,1,34.0,0
1,0,1,0,0,0,0,1,1080640,4194304,4096,5,1,2621440,215552,1024,158720,0,1048576,4096,4096,5,3,0.625,3,2,0,3,2,0,0,1,0,1,1,0,1.0,4,4,1.399,0.0,0,0.0,0.0,4.411,2.848,4.007,7.844,104,13,123,230,135,232,243,117,244,255,40,60,121,36,93,16,86,52,9,56,222,32,217,8,184,4,176,0,167,24,158,32,121,16,93,60,47,44,195,51,36,86,12,47,51,235,28,195,51,36,9,26,23,90,0,42,69,36,103,161,42,48,47,60,17.0,22.0,4.0,0.182,1.0,1,14.0,0
0,0,0,0,0,0,0,0,724811,4194304,4096,5,0,1658880,14848,1024,29184,1536,2097152,4096,4096,7,6,0.538,3,7,0,3,7,0,0,1,0,1,1,0,1.0,10,10,1.067,0.0,0,0.0,0.0,4.899,2.638,3.917,7.725,104,89,241,90,44,232,91,105,254,255,245,82,157,233,163,22,0,0,219,16,158,149,151,254,106,68,55,235,79,56,254,80,123,121,72,71,86,0,0,76,111,97,100,76,105,98,114,97,114,121,65,0,219,13,152,186,174,252,121,70,53,198,77,46,13.0,18.0,4.0,0.222,1.0,1,30.0,0
0,0,0,0,0,0,0,0,669000,4194304,4096,5,0,1626112,11776,1024,25600,1536,2097152,4096,4096,7,6,0.538,3,7,0,3,7,0,0,1,0,1,1,0,1.0,10,10,1.073,0.0,0,0.0,0.0,4.884,2.604,3.874,7.721,104,146,88,133,240,232,119,119,0,0,91,20,249,28,46,52,91,8,249,40,46,32,91,60,249,16,46,48,91,56,249,56,5,40,36,52,16,221,181,251,22,214,26,60,80,0,50,21,46,44,21,91,24,26,51,26,204,249,24,28,46,12,51,26,13.0,18.0,4.0,0.222,1.0,1,30.0,0
1,0,1,0,0,0,0,1,819265,16777216,4096,6,1,1921024,10240,1024,48640,0,262144,8192,4096,4,3,0.571,3,2,0,3,2,0,0,1,0,1,1,0,1.0,3,3,1.414,0.0,0,0.0,0.0,3.87,2.787,3.93,7.71,104,37,148,185,5,232,50,209,255,255,143,68,37,0,233,168,221,253,255,15,183,14,59,206,102,247,197,20,59,129,198,2,0,0,0,248,245,129,237,2,0,0,0,233,232,186,255,255,255,208,139,108,37,252,102,135,246,137,68,37,0,135,246,15,10.0,15.0,5.0,0.333,1.0,1,20.0,0
0,0,0,0,0,0,0,0,732363,4194304,4096,5,0,1675264,8192,1024,19968,1536,2097152,4096,4096,7,6,0.538,3,7,0,3,7,0,0,1,0,1,1,0,1.0,10,10,1.272,0.0,0,0.0,0.0,4.893,2.604,4.136,7.82,104,173,118,202,94,232,88,71,9,0,130,238,98,97,56,200,32,202,35,195,107,144,138,154,253,70,45,214,242,5,20,196,36,115,52,28,0,196,8,115,32,28,48,196,16,115,40,28,28,196,20,115,24,28,20,254,40,107,56,81,123,20,64,7,7.0,12.0,4.0,0.333,1.0,1,30.0,0
0,0,0,0,0,0,0,0,0,4194304,4096,5,0,1900544,48128,4096,26112,0,1048576,4096,4096,4,3,0.571,3,2,0,3,2,0,0,1,0,1,1,0,1.0,4,4,1.115,0.0,0,0.0,0.0,3.538,2.553,3.909,7.789,104,63,188,88,46,232,68,50,247,255,76,114,90,19,199,9,187,227,44,239,154,187,129,219,5,242,89,139,76,37,0,139,125,4,59,212,247,209,102,133,251,248,247,215,245,233,60,132,246,255,15,130,118,11,247,255,15,182,209,15,200,193,248,115,13.0,18.0,5.0,0.278,1.0,1,46.0,0
1,0,1,0,0,0,0,1,1386115,16777216,4096,6,1,3452928,339456,1024,435712,0,262144,8192,4096,4,3,0.571,3,2,0,3,2,0,0,1,0,1,1,0,1.0,3,3,1.471,0.0,0,0.0,0.0,6.2,2.965,3.93,7.86,104,3,162,173,98,232,179,103,1,0,143,68,37,0,233,71,33,242,255,117,0,191,210,70,53,233,79,21,183,172,41,16,41,52,41,28,41,20,41,56,41,40,41,0,41,48,41,36,41,60,41,32,34,154,143,179,190,71,136,156,46,1,21,16,19.0,25.0,4.0,0.16,1.0,1,92.0,0
0,0,0,0,0,0,0,1,0,4194304,4096,5,0,1724416,51712,1024,19968,0,1048576,4096,4096,3,3,0.5,3,2,0,3,2,0,0,1,0,1,1,0,1.0,4,4,1.28,0.0,0,0.0,0.0,-1,2.534,4.096,7.826,104,41,172,37,87,232,91,140,0,0,104,186,132,37,23,232,81,140,0,0,15,182,30,233,11,77,255,255,129,237,2,0,0,0,246,196,178,249,246,211,102,129,250,128,123,58,231,249,246,208,102,247,196,171,121,249,10,216,233,56,170,246,255,230,4.0,9.0,4.0,0.444,1.0,1,-1,0
0,0,0,0,0,0,0,0,0,4194304,4096,5,0,2031616,56320,4096,45568,0,1048576,4096,4096,4,3,0.571,3,2,0,3,2,0,0,1,0,1,1,0,1.0,4,4,1.106,0.0,0,0.0,0.0,3.656,2.534,4.125,7.874,104,238,93,28,102,232,42,151,255,255,40,187,192,46,220,56,189,218,6,210,16,226,73,56,105,24,165,40,178,12,215,52,28,4,73,8,105,32,165,0,178,44,215,44,175,52,220,4,40,4,32,28,36,149,73,20,174,219,190,105,16,165,36,86,13.0,18.0,4.0,0.222,1.0,1,46.0,0
0,0,0,0,0,0,0,0,856185,4194304,4096,5,0,1974272,47104,1024,40960,0,1048576,4096,4096,4,3,0.571,3,2,0,3,2,0,0,1,0,1,1,0,1.0,4,4,1.125,0.0,0,0.0,0.0,5.482,2.589,4.039,7.806,104,42,56,114,26,232,161,34,1,0,137,93,4,233,185,137,246,255,156,233,5,25,247,255,89,112,94,6,202,46,233,101,117,112,85,60,226,59,24,143,183,11,135,164,234,176,177,240,86,72,48,107,100,97,78,63,200,104,236,103,125,28,77,112,12.0,17.0,4.0,0.235,1.0,1,54.0,0
0,0,0,0,0,0,0,0,714879,4194304,4096,5,0,1695744,37376,1024,52224,1536,2097152,4096,4096,7,6,0.538,3,7,0,3,7,0,0,1,0,1,1,0,1.0,10,10,1.076,0.0,0,0.0,0.0,4.887,2.644,3.978,7.781,104,9,52,233,53,232,61,125,0,0,143,68,37,0,233,43,68,0,0,147,182,160,207,45,255,126,86,48,187,198,36,229,105,110,122,81,105,106,114,154,228,139,69,4,246,210,139,84,37,0,246,213,102,51,202,210,245,139,77,8,102,133,198,247,13.0,18.0,4.0,0.222,1.0,1,30.0,0
1,0,1,0,0,1,0,1,1510248,4194304,196608,5,1,3719168,556032,1024,204800,0,1048576,4096,4096,8,6,0.571,3,4,0,3,4,0,0,1,0,1,1,0,1.0,10,10,1.362,0.0,0,0.0,0.0,3.705,2.285,3.971,7.884,104,41,112,52,69,232,251,17,7,0,58,250,211,231,233,39,198,242,255,143,68,37,0,233,53,176,242,255,240,0,188,163,248,65,48,194,70,235,22,129,137,249,89,56,237,35,252,67,252,233,173,134,242,255,250,1,131,173,227,73,23,207,50,232,11.0,16.0,4.0,0.25,1.0,1,74.0,0
0,0,0,0,0,0,0,1,750139,268435456,4096,5,0,1806336,23040,1024,3072,0,1048576,8192,4096,3,3,0.5,3,2,0,3,2,0,0,1,0,1,1,0,1.0,3,3,1.299,0.0,0,0.0,0.0,3.571,2.652,3.943,7.76,104,11,142,178,88,232,133,216,0,0,139,69,4,102,211,234,193,226,84,102,211,210,139,84,37,0,102,59,222,141,173,252,255,255,255,245,247,234,137,85,4,137,69,8,156,233,118,83,1,0,139,77,204,3,201,233,132,208,255,255,81,157,233,0,9.0,14.0,4.0,0.286,1.0,1,14.0,0
0,0,1,0,0,0,0,1,750128,4194304,4096,5,1,1839104,76800,1024,66048,0,1048576,4096,4096,4,3,0.571,3,2,0,3,2,0,0,1,0,1,1,0,1.0,4,4,1.227,0.0,0,0.0,0.0,3.759,2.767,4.087,7.85,104,64,96,182,218,232,13,137,245,255,71,58,220,11,242,233,105,162,255,255,137,85,4,156,233,224,177,246,255,141,182,252,255,255,255,139,6,102,247,198,151,0,233,137,19,247,255,0,0,0,83,101,110,100,77,101,115,115,97,103,101,87,0,15,9.0,14.0,4.0,0.286,1.0,1,14.0,0
0,0,0,0,0,0,0,0,752342,4194304,4096,5,0,1769472,24576,4096,122880,0,1048576,4096,4096,3,3,0.5,3,2,0,3,2,0,0,1,0,1,1,0,1.002,4,4,3.325,0.0,0,0.0,0.0,-1,2.507,3.899,7.768,104,62,118,208,36,232,71,252,255,255,108,20,220,28,195,36,177,44,172,12,135,52,126,4,101,60,86,8,72,48,62,44,61,20,44,20,56,40,56,234,193,85,181,80,0,33,179,251,22,28,33,20,56,56,56,48,56,8,56,60,56,4,56,52,12.0,17.0,4.0,0.235,1.0,1,-1,0
1,0,1,0,0,0,0,1,955174,4194304,4096,5,1,2228224,18944,1024,32256,0,1048576,4096,4096,5,3,0.625,3,2,0,3,2,0,0,1,0,1,1,0,1.001,4,4,1.391,0.0,0,0.0,0.0,5.28,2.741,4.149,7.852,104,145,35,54,104,232,200,5,2,0,15,133,7,151,12,0,141,141,244,254,255,255,15,200,246,208,134,224,81,15,200,246,208,161,76,192,83,0,233,220,103,1,0,137,125,4,156,233,45,34,255,255,139,84,37,0,102,152,15,163,216,192,236,105,8.0,13.0,4.0,0.308,1.0,1,34.0,0
1,0,1,0,0,0,0,1,890042,16777216,4096,6,1,2035712,38400,1024,31744,0,262144,8192,4096,4,3,0.571,3,2,0,3,2,0,0,1,0,1,1,0,1.001,3,3,1.391,0.0,0,0.0,0.0,4.281,2.81,4.167,7.832,104,47,123,50,74,232,180,140,245,255,143,68,37,0,233,234,155,245,255,156,143,68,37,0,233,206,126,255,255,233,148,247,243,255,243,164,104,47,134,235,252,232,144,140,245,255,104,47,135,57,69,232,134,140,245,255,137,84,37,0,233,84,35,0,12.0,17.0,4.0,0.235,1.0,1,14.0,0
0,0,0,0,0,0,0,1,2392032,4194304,4096,5,0,6574080,1161216,1024,2016256,0,1048576,4096,4096,4,3,0.571,3,2,0,3,2,0,0,1,0,1,1,0,1.0,4,4,1.191,0.0,0,0.0,0.0,5.832,2.855,3.678,7.945,104,160,97,184,235,232,237,200,9,0,210,16,136,56,130,32,116,60,0,4,136,0,130,48,116,20,0,40,136,24,130,0,116,12,0,16,167,8,152,172,39,220,32,153,0,11,186,212,253,79,11,52,149,36,113,24,80,40,68,20,10,48,167,0,15.0,21.0,4.0,0.19,1.0,1,46.0,0
0,0,0,0,0,0,0,0,831517,4194304,4096,5,0,1998848,24576,4096,126976,0,1048576,4096,4096,4,3,0.571,3,2,0,3,2,0,0,1,0,1,1,0,1.005,4,4,4.357,0.0,0,0.0,0.0,0.61,2.623,3.941,7.858,104,182,120,59,177,232,40,155,254,255,104,159,182,63,176,232,30,155,254,255,193,4,230,32,248,8,15,0,65,12,79,52,127,48,130,28,135,24,175,36,193,56,90,50,209,170,95,6,160,10,85,0,19,214,230,16,248,44,189,4,192,8,30,24,9.0,14.0,4.0,0.286,1.0,1,14.0,0
0,0,0,0,0,0,0,0,730243,4194304,4096,5,0,1699840,11264,1024,26112,1536,2097152,4096,4096,7,6,0.538,3,7,0,3,7,0,0,1,0,1,1,0,1.0,10,10,1.11,0.0,0,0.0,0.0,4.894,2.599,4.134,7.825,104,230,105,103,85,232,25,87,255,255,12,16,21,36,202,0,167,24,82,4,21,40,202,8,167,12,82,20,21,32,202,36,167,16,82,16,79,16,77,162,35,224,247,79,0,2,113,49,234,8,193,32,13,8,21,8,239,12,184,212,51,57,56,120,13.0,18.0,4.0,0.222,1.0,1,30.0,0
1,0,1,0,1,0,0,0,922079,4194304,4096,5,0,2203648,16384,1024,22016,36352,2097152,4096,4096,7,4,0.636,3,5,0,3,5,0,0,1,0,1,1,0,1.001,7,7,1.455,0.0,0,0.0,0.0,3.984,2.674,3.991,7.849,104,226,161,36,216,232,55,186,255,255,156,233,212,223,255,255,102,137,85,4,233,146,127,244,255,127,20,151,28,162,12,171,48,173,36,229,8,57,16,100,40,127,0,151,60,162,24,138,40,163,28,69,171,44,35,20,23,106,45,82,18,41,85,0,8.0,13.0,4.0,0.308,1.0,1,22.0,0
0,0,0,0,0,0,0,0,776355,4194304,4096,5,0,1728512,21504,1024,40448,1536,2097152,4096,4096,7,6,0.538,3,7,0,3,7,0,0,1,0,1,1,0,1.001,10,10,1.243,0.0,0,0.0,0.0,4.885,2.656,4.134,7.828,104,88,78,206,179,232,35,214,0,0,186,191,194,40,232,46,0,0,103,95,111,98,106,101,99,116,95,103,101,116,95,100,97,116,97,0,43,215,193,250,5,248,59,232,3,85,200,102,129,255,214,22,102,133,196,199,69,204,0,0,0,0,248,102,14.0,19.0,4.0,0.211,1.0,1,30.0,0
0,0,1,0,0,0,0,1,767084,4194304,4096,5,1,1785856,64512,1024,62464,0,1048576,4096,4096,4,3,0.571,3,2,0,3,2,0,0,1,0,1,1,0,1.0,4,4,1.178,0.0,0,0.0,0.0,3.81,2.695,4.004,7.814,104,211,58,98,181,232,187,217,255,255,102,186,13,23,15,157,198,139,85,248,79,102,169,86,91,59,215,233,111,209,1,0,157,15,162,144,104,154,195,97,181,232,151,217,255,255,139,76,37,0,139,125,4,129,251,216,7,72,21,129,197,8,0,0,9.0,14.0,4.0,0.286,1.0,1,14.0,0
0,0,0,0,0,0,0,0,701071,4194304,4096,5,0,1699840,16384,1024,32768,1536,2097152,4096,4096,7,6,0.538,3,7,0,3,7,0,0,1,0,1,1,0,1.0,10,10,1.082,0.0,0,0.0,0.0,4.9,2.602,4.095,7.79,104,160,9,30,191,232,41,42,9,0,102,137,69,4,156,233,91,126,0,0,233,206,78,1,0,93,0,0,0,1,43,4,146,36,132,28,123,16,51,32,238,8,149,60,146,56,132,44,123,0,51,36,238,40,149,4,27,48,27,226,138,26,51,81,10.0,15.0,4.0,0.267,1.0,1,30.0,0
0,0,0,0,0,0,0,0,701179,4194304,4096,5,0,1675264,24064,1024,40448,1536,2097152,4096,4096,7,6,0.538,3,7,0,3,7,0,0,1,0,1,1,0,1.001,10,10,1.032,0.0,0,0.0,0.0,4.887,2.669,3.941,7.718,104,107,210,75,95,232,89,98,2,0,245,2,218,248,50,195,66,102,59,197,233,7,28,0,0,80,83,161,128,80,79,0,233,85,114,2,0,156,233,48,213,255,255,123,28,134,166,170,243,110,123,99,124,113,74,59,235,97,35,210,88,61,241,104,14.0,19.0,4.0,0.211,1.0,1,30.0,0
0,0,1,0,0,0,0,1,683728,4194304,4096,5,1,1761280,72192,1024,66048,0,1048576,4096,4096,4,3,0.571,3,2,0,3,2,0,0,1,0,1,1,0,1.0,4,4,1.171,0.0,0,0.0,0.0,3.793,2.744,3.825,7.756,104,227,112,206,220,232,167,202,247,255,248,42,158,199,59,192,87,51,20,157,185,227,94,181,4,18,36,181,0,18,44,181,12,18,28,181,32,18,20,181,24,18,60,181,8,10,24,76,24,11,18,8,10,24,7,181,8,76,24,10,24,76,24,7,10.0,15.0,4.0,0.267,1.0,1,14.0,0
1,0,1,0,0,0,0,1,894227,4194304,4096,5,0,2138112,3072,1024,26112,0,1048576,4096,4096,5,3,0.625,3,2,0,3,2,0,0,1,0,1,1,0,1.0,4,4,1.213,0.0,0,0.0,0.0,4.223,2.674,4.08,7.786,104,92,146,225,114,232,219,105,10,0,139,84,37,0,139,77,4,129,197,8,0,0,0,233,103,105,0,0,104,92,140,232,218,232,191,105,10,0,143,68,37,0,233,133,68,0,0,233,110,104,255,255,143,68,37,0,233,80,101,0,0,199,56,202,9.0,14.0,4.0,0.286,1.0,1,38.0,0
1,0,1,0,0,0,0,1,1064210,4194304,4096,5,1,2605056,86016,1024,195584,0,1048576,4096,4096,5,3,0.625,3,2,0,3,2,0,0,1,0,1,1,0,1.0,4,4,1.446,0.0,0,0.0,0.0,3.906,2.898,4.01,7.819,104,65,10,166,255,232,121,91,241,255,51,28,24,24,92,16,24,36,92,8,24,44,92,20,24,40,92,48,24,60,92,20,24,24,92,28,33,52,33,46,24,24,12,33,201,135,12,33,46,24,92,246,19,88,0,73,214,195,143,236,38,52,33,4,9.0,14.0,4.0,0.286,1.0,1,14.0,0
0,0,0,0,0,0,0,0,692643,4194304,4096,5,0,1662976,11776,1024,28672,2560,2097152,4096,4096,7,6,0.538,3,7,0,3,7,0,0,1,0,1,1,0,1.001,10,10,1.323,0.0,0,0.0,0.0,4.901,2.599,4.01,7.766,104,127,216,26,1,232,246,12,247,255,102,137,85,4,233,73,49,247,255,87,233,68,219,246,255,108,28,28,44,28,40,28,20,28,24,28,56,28,8,28,12,28,60,28,52,28,36,28,12,28,28,168,28,145,51,103,6,26,88,0,55,144,166,89,14.0,19.0,4.0,0.211,1.0,1,30.0,0
0,0,0,0,0,0,0,0,712604,4194304,4096,5,0,1679360,17920,1024,32768,1536,2097152,4096,4096,7,6,0.538,3,7,0,3,7,0,0,1,0,1,1,0,1.0,10,10,1.052,0.0,0,0.0,0.0,4.897,2.584,4.04,7.811,104,115,174,190,101,232,172,209,254,255,102,137,93,4,233,114,249,254,255,141,173,254,255,255,255,249,102,133,240,211,226,233,11,16,0,0,233,134,210,254,255,15,130,162,52,255,255,100,161,48,0,0,0,129,241,184,92,236,44,15,186,243,131,139,13.0,18.0,4.0,0.222,1.0,1,30.0,0
0,0,0,0,0,0,0,1,940168,4194304,4096,5,0,2359296,237568,1024,55296,0,1048576,4096,4096,4,3,0.571,3,2,0,3,2,0,0,1,0,1,1,0,1.0,4,4,1.117,0.0,0,0.0,0.0,3.531,2.716,3.99,7.891,104,1,96,137,112,232,192,117,246,255,129,238,2,0,0,0,210,240,34,194,15,183,6,129,237,2,0,0,0,233,8,250,2,0,15,135,7,0,0,0,128,193,32,245,246,199,249,132,192,15,132,249,245,255,255,58,193,233,236,245,255,255,137,85,16.0,22.0,4.0,0.182,1.0,1,50.0,0
0,0,0,0,0,0,0,0,705696,4194304,4096,5,0,1646592,14336,1024,28672,1536,2097152,4096,4096,7,6,0.538,3,7,0,3,7,0,0,1,0,1,1,0,1.0,10,10,1.097,0.0,0,0.0,0.0,4.882,2.571,3.913,7.717,104,93,172,86,47,232,18,156,0,0,233,154,57,1,0,137,169,208,42,138,162,238,119,37,234,96,37,192,32,58,20,49,8,102,12,87,4,58,36,49,52,102,60,87,0,58,16,49,24,102,36,87,32,16,56,16,179,98,138,55,80,0,29,127,13.0,18.0,4.0,0.222,1.0,1,30.0,0
0,0,0,0,0,0,0,0,0,4194304,4096,5,0,2187264,145408,1024,80384,0,1048576,4096,4096,4,3,0.571,3,2,0,3,2,0,0,1,0,1,1,0,1.0,4,4,1.145,0.0,0,0.0,0.0,3.289,2.604,3.973,7.834,104,132,110,84,167,232,174,232,255,255,139,124,37,0,102,152,139,69,4,138,77,8,247,199,191,7,14,46,129,197,2,0,0,0,15,165,199,233,135,144,9,0,93,0,0,0,1,137,68,37,0,233,252,232,255,255,15,165,199,233,93,168,255,255,14.0,19.0,4.0,0.211,1.0,1,42.0,0
0,0,1,0,0,0,0,1,727256,4194304,4096,5,1,1785856,67584,1024,62464,0,1048576,4096,4096,4,3,0.571,3,2,0,3,2,0,0,1,0,1,1,0,1.0,4,4,1.174,0.0,0,0.0,0.0,3.799,2.722,3.953,7.755,104,169,122,39,117,232,139,243,9,0,93,233,66,226,0,0,143,68,37,0,233,191,151,2,0,137,69,4,233,155,191,255,255,102,129,249,240,127,59,233,15,165,216,233,242,29,1,0,90,94,2,184,160,215,47,233,110,88,105,103,65,106,111,143,9.0,14.0,4.0,0.286,1.0,1,14.0,0
1,0,1,0,0,0,0,1,1324712,4194304,4096,5,1,3354624,116224,1024,667136,0,1048576,4096,4096,5,3,0.625,3,2,0,3,2,0,0,1,0,1,1,0,1.0,4,4,1.376,0.0,0,0.0,0.0,4.433,2.836,3.869,7.897,104,255,246,86,112,232,3,104,0,0,137,69,8,156,143,68,37,0,233,0,159,238,255,104,127,126,135,120,232,236,103,0,0,129,198,1,0,0,0,233,187,93,0,0,186,32,214,44,233,52,249,36,251,28,39,48,71,20,78,24,99,60,100,8,11.0,16.0,4.0,0.25,1.0,1,14.0,0
1,0,1,0,0,0,0,1,1334635,4194304,4096,5,1,3289088,167424,1024,481280,0,1048576,4096,4096,5,3,0.625,3,2,0,3,2,0,0,1,0,1,1,0,1.0,4,4,1.515,0.0,0,0.0,0.0,3.83,2.852,4.046,7.892,104,1,120,25,134,232,68,29,17,0,139,229,93,233,44,73,255,255,83,67,47,222,55,173,255,123,86,77,20,128,148,15,144,209,41,228,58,143,68,37,0,233,13,59,255,255,233,68,215,16,0,146,24,16,40,189,12,94,48,16,16,189,8,94,14.0,19.0,4.0,0.211,1.0,1,14.0,0
0,0,0,0,0,0,0,0,0,4194304,4096,5,0,1732608,65536,4096,28672,0,1048576,4096,4096,4,3,0.571,3,2,0,3,2,0,0,1,0,1,1,0,1.001,4,4,4.357,0.0,0,0.0,0.0,0.991,2.56,4.007,7.757,104,45,132,236,17,232,20,42,0,0,31,60,137,20,111,0,105,24,24,28,255,36,252,40,233,56,207,44,137,48,111,28,105,16,24,60,3,4,3,236,42,138,194,80,0,165,164,192,195,103,6,16,3,16,3,48,3,44,3,56,3,40,3,36,9.0,14.0,5.0,0.357,1.0,1,8.0,0
0,0,0,0,0,0,0,0,648008,4194304,4096,5,0,1646592,14848,1024,30208,1536,2097152,4096,4096,7,6,0.538,3,7,0,3,7,0,0,1,0,1,1,0,1.0,10,10,1.094,0.0,0,0.0,0.0,4.893,2.612,3.926,7.747,104,240,57,212,83,232,255,128,1,0,66,233,61,15,255,255,233,133,227,255,255,141,173,4,0,0,0,249,102,129,251,17,10,87,102,133,250,157,233,138,157,1,0,247,226,15,191,192,209,234,248,15,182,194,211,194,192,242,204,139,208,141,73,0,14.0,19.0,4.0,0.211,1.0,1,30.0,0
0,0,0,0,0,0,0,0,686199,4194304,4096,5,0,1642496,12800,1024,27136,1536,2097152,4096,4096,7,6,0.538,3,7,0,3,7,0,0,1,0,1,1,0,1.0,10,10,1.097,0.0,0,0.0,0.0,4.893,2.587,3.933,7.695,104,126,34,222,167,232,7,247,255,255,233,136,175,255,255,118,56,45,112,239,224,52,193,86,130,56,4,255,8,127,17,87,34,57,68,199,136,46,17,203,34,113,69,243,138,78,21,70,42,39,84,227,168,4,81,71,162,51,68,205,136,93,17,36,13.0,18.0,4.0,0.222,1.0,1,30.0,0
1,0,1,0,0,0,0,1,1934515,4194304,4096,5,0,10342400,248832,1024,6877696,0,1048576,4096,4096,5,3,0.625,3,2,0,3,2,0,0,1,0,1,1,0,1.0,4,4,1.391,0.0,0,0.0,0.0,4.308,2.847,2.091,7.904,104,23,30,198,144,232,177,130,254,255,127,60,199,51,164,249,127,89,13,167,234,114,103,65,4,164,5,175,207,83,9,250,13,223,37,238,140,228,106,53,198,21,162,215,119,91,12,137,250,112,68,92,21,178,117,44,12,44,36,44,24,44,8,44,17.0,22.0,5.0,0.227,1.0,1,46.0,0
0,0,0,0,0,0,0,0,750481,4194304,4096,5,0,1671168,8192,1024,20480,1536,2097152,4096,4096,7,6,0.538,3,7,0,3,7,0,0,1,0,1,1,0,1.0,10,10,1.185,0.0,0,0.0,0.0,4.893,2.588,4.086,7.784,104,89,121,234,83,232,94,189,1,0,102,139,84,37,0,192,208,37,102,139,69,2,128,254,52,141,173,254,255,255,255,129,251,118,87,8,97,102,247,210,233,98,140,248,255,102,15,182,76,37,0,138,192,12,99,138,69,2,246,195,5,248,141,173,9.0,14.0,4.0,0.286,1.0,1,30.0,0
0,0,1,0,0,0,0,1,736987,268435456,4096,5,0,1724416,88064,1024,2560,0,1048576,8192,4096,3,3,0.5,3,2,0,3,2,0,0,1,0,1,1,0,1.001,3,3,1.293,0.0,0,0.0,0.0,4.259,2.738,3.987,7.769,104,228,180,171,221,232,218,22,255,255,139,84,37,0,129,215,217,100,128,20,193,207,15,129,223,170,33,110,126,139,125,4,247,210,247,215,102,133,226,233,255,221,8,0,143,68,37,0,233,18,23,1,0,102,137,77,4,156,233,44,176,8,0,15,9.0,15.0,4.0,0.267,1.0,1,14.0,0
1,0,1,0,0,0,0,1,966661,16777216,4096,6,1,2064384,43008,1024,133120,0,262144,8192,4096,4,3,0.571,3,2,0,3,2,0,0,1,0,1,1,0,1.0,3,3,1.306,0.0,0,0.0,0.0,7.373,2.82,4.277,7.74,104,160,38,158,204,232,173,234,255,255,2,4,2,36,2,48,2,32,2,8,2,24,2,16,2,44,2,0,2,52,2,60,35,176,111,162,198,242,188,180,17,1,37,4,22,2,40,17,22,2,60,241,4,22,2,20,2,28,108,28,168,169,179,105,11.0,16.0,4.0,0.25,1.0,1,62.0,0
1,0,1,0,0,0,0,1,936898,4194304,4096,5,1,2232320,92160,1024,99840,0,1048576,4096,4096,5,3,0.625,3,2,0,3,2,0,0,1,0,1,1,0,1.0,4,4,1.438,0.0,0,0.0,0.0,3.113,2.785,4.106,7.856,104,255,123,159,220,232,90,174,254,255,83,233,55,188,253,255,102,15,182,84,37,0,210,208,138,69,2,141,173,254,255,255,255,246,210,233,127,37,254,255,104,255,124,55,104,232,50,174,254,255,57,4,132,0,208,28,226,56,244,40,57,32,132,24,9.0,14.0,4.0,0.286,1.0,1,30.0,0
0,0,0,0,0,0,0,0,0,4194304,4096,5,0,1957888,28672,4096,36864,0,1048576,4096,4096,3,3,0.5,3,2,0,3,2,0,0,1,0,1,1,0,1.002,4,4,2.695,0.0,0,0.0,0.0,-1,2.467,4.174,7.869,104,180,157,211,39,232,85,197,1,0,38,137,7,233,54,253,1,0,69,8,200,28,50,20,223,32,200,24,50,0,223,44,200,12,50,48,223,40,200,28,50,20,223,8,205,60,204,117,114,226,1,93,0,83,250,240,31,154,13,8,170,103,78,222,11.0,16.0,4.0,0.25,1.0,1,-1,0
0,0,0,0,0,0,0,0,750548,4194304,4096,5,0,1708032,15872,1024,30720,1536,2097152,4096,4096,7,6,0.538,3,7,0,3,7,0,0,1,0,1,1,0,1.0,10,10,1.076,0.0,0,0.0,0.0,4.901,2.643,4.142,7.821,104,4,135,5,16,232,70,235,255,255,206,121,90,51,233,22,145,175,14,157,180,195,23,2,154,173,241,180,218,137,92,37,0,233,250,7,8,0,15,131,173,180,9,0,139,85,8,102,135,201,15,201,139,77,248,233,121,180,9,0,54,8,206,44,14.0,19.0,4.0,0.211,1.0,1,30.0,0
1,0,1,0,0,0,0,0,679337,0,4096,6,1,1638400,24576,1024,4608,0,524288,8192,4096,5,3,0.625,3,3,1,3,3,1,0,1,0,1,1,0,1.001,4,4,1.925,0.0,0,0.0,0.0,2.856,2.654,3.844,7.639,104,189,7,38,68,232,135,134,0,0,25,136,180,144,25,88,180,160,25,128,180,72,25,48,180,184,25,16,180,96,25,56,180,0,25,152,180,64,25,176,180,112,25,40,180,168,25,120,145,254,103,213,170,71,54,220,51,221,156,164,24,0,1,0,5.0,15.0,0.0,0.0,1.0,1,8.0,0
0,0,0,0,0,0,0,0,783929,4194304,4096,5,0,1949696,33280,1024,33280,0,1048576,65536,4096,2,7,0.222,4,2,0,4,2,0,0,1,1,1,1,0,1.0,6,6,1.167,0.0,0,-1,-1,3.386,2.692,4.038,7.845,104,15,71,112,228,232,174,11,1,0,102,137,140,95,176,1,0,0,139,77,216,233,26,5,247,255,50,16,35,28,35,60,35,40,35,4,35,20,35,48,35,56,35,32,35,8,35,28,35,56,35,16,200,24,167,241,27,101,165,91,0,47,241,122,10.0,15.0,6.0,0.4,1.0,1,34.0,0
0,0,0,0,0,0,0,1,712859,4194304,4096,5,0,1724416,61440,1024,9216,0,1048576,8192,4096,3,3,0.5,3,2,0,3,2,0,0,1,0,1,1,0,1.001,3,3,1.303,0.0,0,0.0,0.0,4.168,2.741,4.096,7.789,104,41,188,38,128,232,184,114,255,255,32,4,23,56,23,44,23,20,23,52,23,0,23,36,23,40,23,8,23,24,23,12,23,48,23,4,30,4,140,57,52,120,22,81,0,4,62,116,170,251,119,32,124,48,113,24,68,8,30,40,140,36,124,0,12.0,17.0,4.0,0.235,1.0,1,14.0,0
1,0,1,0,0,0,0,1,2275985,4194304,4096,5,1,7974912,301056,1024,4031488,0,1048576,4096,4096,5,3,0.625,3,2,0,3,2,0,0,1,0,1,1,0,1.0,4,4,1.446,0.0,0,0.0,0.0,5.256,2.876,3.02,7.942,104,3,154,131,109,232,154,244,255,255,156,143,68,37,0,233,39,9,28,0,233,145,198,255,255,244,21,130,137,164,197,33,251,65,43,240,86,90,61,194,54,245,68,92,32,150,248,21,130,137,164,234,60,241,94,39,247,126,88,13,213,48,236,72,16.0,21.0,4.0,0.19,1.0,1,46.0,0
0,0,0,0,1,0,0,0,0,4194304,4096,5,0,1646592,3072,1024,15872,0,1048576,4096,4096,4,3,0.571,3,2,0,3,2,0,0,1,0,1,1,0,1.0,4,4,1.477,0.0,0,0.0,0.0,5.041,2.527,4.198,7.829,104,110,246,252,70,232,223,57,255,255,139,84,37,0,210,249,192,217,131,102,129,250,106,10,138,77,4,249,245,102,59,239,129,237,2,0,0,0,102,247,198,85,55,249,248,211,226,233,229,1,0,0,102,139,92,37,0,138,77,2,129,237,2,0,6.0,11.0,4.0,0.364,1.0,1,36.0,0
1,0,1,0,0,0,0,1,888285,16777216,4096,6,1,1974272,33792,1024,12800,0,262144,8192,4096,4,3,0.571,3,2,0,3,2,0,0,1,0,1,1,0,1.0,3,3,1.313,0.0,0,0.0,0.0,4.528,2.82,4.154,7.791,104,173,52,19,93,232,128,171,1,0,235,36,48,28,235,8,48,52,235,40,48,24,235,44,48,48,235,0,48,56,235,60,123,80,19,66,164,128,104,26,28,1,21,36,161,48,16,198,187,235,20,229,28,152,107,30,74,41,216,108,26,28,1,21,9.0,14.0,4.0,0.286,1.0,1,30.0,0
